user,url,issue_url,state,created_at,updated_at,merged_at,merge_commit_sha
renovate[bot],https://api.github.com/repos/appium/appium/pulls/19853,https://api.github.com/repos/appium/appium/issues/19853,open,2024-03-04,2024-03-04,,2968e8340bba053ec4df6a1bf718301689d6c3b0
renovate[bot],https://api.github.com/repos/appium/appium/pulls/19852,https://api.github.com/repos/appium/appium/issues/19852,closed,2024-03-04,2024-03-04,2024-03-04,7516d4135a1eec37ba298f407254d825961795af
KazuCocoa,https://api.github.com/repos/appium/appium/pulls/19851,https://api.github.com/repos/appium/appium/issues/19851,open,2024-03-04,2024-03-04,,19ca4daffc4afeaa28f99b8e1b2c88ca9268d2fe
renovate[bot],https://api.github.com/repos/appium/appium/pulls/19847,https://api.github.com/repos/appium/appium/issues/19847,closed,2024-02-29,2024-02-29,2024-02-29,917084ccca23c5483e7d83ce97721061dd2fe345
renovate[bot],https://api.github.com/repos/appium/appium/pulls/19846,https://api.github.com/repos/appium/appium/issues/19846,closed,2024-02-29,2024-02-29,2024-02-29,c4ef218006f2485a0853c57a54a33520765cf2b3
renovate[bot],https://api.github.com/repos/appium/appium/pulls/19845,https://api.github.com/repos/appium/appium/issues/19845,closed,2024-02-29,2024-02-29,2024-02-29,e1ccdd2d483e78e2e8f55508d80b712bd6a33b38
renovate[bot],https://api.github.com/repos/appium/appium/pulls/19844,https://api.github.com/repos/appium/appium/issues/19844,closed,2024-02-29,2024-02-29,2024-02-29,c905be032fd97fcce726097e4f861b142a355f0d
renovate[bot],https://api.github.com/repos/appium/appium/pulls/19843,https://api.github.com/repos/appium/appium/issues/19843,closed,2024-02-29,2024-02-29,2024-02-29,dcf58168d6f653c647a6e26d89981579a2704031
renovate[bot],https://api.github.com/repos/appium/appium/pulls/19842,https://api.github.com/repos/appium/appium/issues/19842,closed,2024-02-29,2024-02-29,2024-02-29,7bee9ccc897c50c514e1cc32222ee1eee6178384
renovate[bot],https://api.github.com/repos/appium/appium/pulls/19839,https://api.github.com/repos/appium/appium/issues/19839,closed,2024-02-28,2024-02-28,2024-02-28,e4ae2772acf6cd1c2119dd7f8c1f7804e3a2394f
renovate[bot],https://api.github.com/repos/appium/appium/pulls/19838,https://api.github.com/repos/appium/appium/issues/19838,closed,2024-02-28,2024-02-28,2024-02-28,ef673786f47a24a166db2485ad77136e94e25835
renovate[bot],https://api.github.com/repos/appium/appium/pulls/19835,https://api.github.com/repos/appium/appium/issues/19835,closed,2024-02-27,2024-02-28,2024-02-28,98017937f7b96ae886b98822e98a4d8828cda43e
renovate[bot],https://api.github.com/repos/appium/appium/pulls/19832,https://api.github.com/repos/appium/appium/issues/19832,closed,2024-02-26,2024-02-27,2024-02-27,26ded7a4cce1fa9bca28521e4b60cad0edacbe96
renovate[bot],https://api.github.com/repos/appium/appium/pulls/19831,https://api.github.com/repos/appium/appium/issues/19831,closed,2024-02-25,2024-02-25,2024-02-25,d1705e2818d435b4c37cb70753af1de5427378e2
renovate[bot],https://api.github.com/repos/appium/appium/pulls/19830,https://api.github.com/repos/appium/appium/issues/19830,closed,2024-02-25,2024-02-25,2024-02-25,32677efe87029bbd22f66086551fd85fac4d7c64
renovate[bot],https://api.github.com/repos/appium/appium/pulls/19829,https://api.github.com/repos/appium/appium/issues/19829,closed,2024-02-24,2024-02-25,2024-02-25,1fd29c70128cb2a9536e88cf225ded608956221d
renovate[bot],https://api.github.com/repos/appium/appium/pulls/19828,https://api.github.com/repos/appium/appium/issues/19828,closed,2024-02-24,2024-02-24,2024-02-24,f59e84e24c3f4a47df891ea369d010a05fab59dd
renovate[bot],https://api.github.com/repos/appium/appium/pulls/19827,https://api.github.com/repos/appium/appium/issues/19827,closed,2024-02-24,2024-02-24,2024-02-24,e808f14bf62d40de6ff1cb953b36a8afc2c55e26
renovate[bot],https://api.github.com/repos/appium/appium/pulls/19826,https://api.github.com/repos/appium/appium/issues/19826,closed,2024-02-24,2024-02-24,2024-02-24,39cb9069a64462dbce25c47d39333c158d1c0fe4
KazuCocoa,https://api.github.com/repos/appium/appium/pulls/19825,https://api.github.com/repos/appium/appium/issues/19825,closed,2024-02-23,2024-02-24,2024-02-24,0d5a0a572787d913412bbfd70835e5ba8f94334c
renovate[bot],https://api.github.com/repos/appium/appium/pulls/19824,https://api.github.com/repos/appium/appium/issues/19824,closed,2024-02-23,2024-02-23,2024-02-23,d49289b0aec78e9fb2ca466096cc93a79be1fa11
renovate[bot],https://api.github.com/repos/appium/appium/pulls/19823,https://api.github.com/repos/appium/appium/issues/19823,closed,2024-02-23,2024-02-23,2024-02-23,1c6b3216ab5ea53b965965d33b8f6eb27f529b14
KazuCocoa,https://api.github.com/repos/appium/appium/pulls/19817,https://api.github.com/repos/appium/appium/issues/19817,closed,2024-02-21,2024-02-21,2024-02-21,7a23f11aab11047bbc7437477444de2dcb1d9f41
renovate[bot],https://api.github.com/repos/appium/appium/pulls/19815,https://api.github.com/repos/appium/appium/issues/19815,closed,2024-02-21,2024-02-23,2024-02-23,f837a6a9eaf34914ffdbfddcc3cb2f7e7427bc63
renovate[bot],https://api.github.com/repos/appium/appium/pulls/19813,https://api.github.com/repos/appium/appium/issues/19813,closed,2024-02-20,2024-02-20,2024-02-20,ed8a91e7217f006cbdd08ff86fe567b97059b7e9
renovate[bot],https://api.github.com/repos/appium/appium/pulls/19812,https://api.github.com/repos/appium/appium/issues/19812,closed,2024-02-20,2024-02-20,2024-02-20,f4055bced22d77328cd44cdc6bd332d5b8a03f34
unlimitedcodeG,https://api.github.com/repos/appium/appium/pulls/19811,https://api.github.com/repos/appium/appium/issues/19811,closed,2024-02-20,2024-02-20,2024-02-20,f890d15de91824517ef5a5b445cf7c62344d0061
JumBe08,https://api.github.com/repos/appium/appium/pulls/19810,https://api.github.com/repos/appium/appium/issues/19810,closed,2024-02-19,2024-02-19,2024-02-19,b25e0fd576a60bf253b9f5bded1f02cba27de105
renovate[bot],https://api.github.com/repos/appium/appium/pulls/19809,https://api.github.com/repos/appium/appium/issues/19809,closed,2024-02-19,2024-02-19,2024-02-19,bd7b42007d4b02a798344e722840975e7e975624
renovate[bot],https://api.github.com/repos/appium/appium/pulls/19808,https://api.github.com/repos/appium/appium/issues/19808,closed,2024-02-19,2024-02-20,2024-02-20,e04e4e902a212cf17ca79b3edc0b7545a1af507b
renovate[bot],https://api.github.com/repos/appium/appium/pulls/19807,https://api.github.com/repos/appium/appium/issues/19807,closed,2024-02-19,2024-02-19,2024-02-19,6c034aa84af573d36fa934c71d3d4ff328772553
renovate[bot],https://api.github.com/repos/appium/appium/pulls/19806,https://api.github.com/repos/appium/appium/issues/19806,closed,2024-02-19,2024-02-19,2024-02-19,28f0926bf8789c91da9a7e7c44a2bb5e61fa5bb4
kkb912002,https://api.github.com/repos/appium/appium/pulls/19805,https://api.github.com/repos/appium/appium/issues/19805,closed,2024-02-18,2024-02-19,2024-02-19,e21785a5e4a0414f787c67583c9fc4e2a04e13f1
kkb912002,https://api.github.com/repos/appium/appium/pulls/19804,https://api.github.com/repos/appium/appium/issues/19804,closed,2024-02-18,2024-02-18,,818e83efbd3dd1ea6fe574c989dceffe17d95bb5
mykola-mokhnach,https://api.github.com/repos/appium/appium/pulls/19803,https://api.github.com/repos/appium/appium/issues/19803,closed,2024-02-18,2024-02-18,2024-02-18,d722ecc292be140b3c8b485e2881ddaf70df0dab
unlimitedcodeG,https://api.github.com/repos/appium/appium/pulls/19802,https://api.github.com/repos/appium/appium/issues/19802,closed,2024-02-18,2024-02-18,2024-02-18,670a77b0214c373c3a665ac6896b44a53625d3ef
renovate[bot],https://api.github.com/repos/appium/appium/pulls/19800,https://api.github.com/repos/appium/appium/issues/19800,closed,2024-02-17,2024-02-17,2024-02-17,0755246be7c26d27eb19d5834514ffcc62f2e8a6
renovate[bot],https://api.github.com/repos/appium/appium/pulls/19794,https://api.github.com/repos/appium/appium/issues/19794,closed,2024-02-16,2024-02-17,2024-02-17,ea8c74b372e73e88cf0303aa17db943014416e64
renovate[bot],https://api.github.com/repos/appium/appium/pulls/19793,https://api.github.com/repos/appium/appium/issues/19793,closed,2024-02-16,2024-02-16,2024-02-16,50d61811872f6876fa53d15e4246bc0732a045fe
renovate[bot],https://api.github.com/repos/appium/appium/pulls/19790,https://api.github.com/repos/appium/appium/issues/19790,closed,2024-02-15,2024-02-17,2024-02-17,41cb86945314869b8c5165d62b9790403fc07985
renovate[bot],https://api.github.com/repos/appium/appium/pulls/19789,https://api.github.com/repos/appium/appium/issues/19789,closed,2024-02-15,2024-02-15,2024-02-15,0db8dc7790a887fc511a36d9b77fac4ba305e74d
renovate[bot],https://api.github.com/repos/appium/appium/pulls/19788,https://api.github.com/repos/appium/appium/issues/19788,closed,2024-02-15,2024-02-15,2024-02-15,d25a0fca9b3a94880525fd956068f59427a40b26
renovate[bot],https://api.github.com/repos/appium/appium/pulls/19787,https://api.github.com/repos/appium/appium/issues/19787,closed,2024-02-15,2024-02-15,2024-02-15,f92640a824644545b680e23c7f3ec7f51de9df98
Matt-Petersen,https://api.github.com/repos/appium/appium/pulls/19784,https://api.github.com/repos/appium/appium/issues/19784,closed,2024-02-13,2024-02-21,,be029d8771597667376f3709177b30a6b7ce8047
KazuCocoa,https://api.github.com/repos/appium/appium/pulls/19782,https://api.github.com/repos/appium/appium/issues/19782,closed,2024-02-13,2024-02-13,2024-02-13,889a533eef8b7a0805dd786d358f5729e03f0c40
renovate[bot],https://api.github.com/repos/appium/appium/pulls/19781,https://api.github.com/repos/appium/appium/issues/19781,closed,2024-02-13,2024-02-13,2024-02-13,5951027ce777bbb61440537800781ffd56ad6c1f
renovate[bot],https://api.github.com/repos/appium/appium/pulls/19780,https://api.github.com/repos/appium/appium/issues/19780,closed,2024-02-13,2024-02-13,2024-02-13,383fee4e117c0267e41d31cf5a15c98e56339cfa
renovate[bot],https://api.github.com/repos/appium/appium/pulls/19779,https://api.github.com/repos/appium/appium/issues/19779,closed,2024-02-13,2024-02-15,2024-02-15,a059b12cb45c3531460b2d86f7ac4f98e8bdfd97
renovate[bot],https://api.github.com/repos/appium/appium/pulls/19778,https://api.github.com/repos/appium/appium/issues/19778,closed,2024-02-13,2024-02-13,2024-02-13,d83d436d01232463a48902964e5ef97334d047f9
KazuCocoa,https://api.github.com/repos/appium/appium/pulls/19777,https://api.github.com/repos/appium/appium/issues/19777,closed,2024-02-12,2024-02-13,,96f7b729d3dc7ac15dd0c476df6fce45d40c451a
renovate[bot],https://api.github.com/repos/appium/appium/pulls/19775,https://api.github.com/repos/appium/appium/issues/19775,closed,2024-02-12,2024-02-12,2024-02-12,bd8a92f588d40c97fbe51f8bd3b7835c96e9fe8f
renovate[bot],https://api.github.com/repos/appium/appium/pulls/19774,https://api.github.com/repos/appium/appium/issues/19774,closed,2024-02-11,2024-02-11,2024-02-11,db5a6323e6d0614819914490482c119b66991220
renovate[bot],https://api.github.com/repos/appium/appium/pulls/19773,https://api.github.com/repos/appium/appium/issues/19773,closed,2024-02-10,2024-02-11,2024-02-11,2f56b05619a6d4c2a488aa1f55ed7e7c6cff42a5
renovate[bot],https://api.github.com/repos/appium/appium/pulls/19770,https://api.github.com/repos/appium/appium/issues/19770,closed,2024-02-09,2024-02-10,2024-02-10,1e5201afad6f198bfebcb48a4f14a679327f47cc
renovate[bot],https://api.github.com/repos/appium/appium/pulls/19769,https://api.github.com/repos/appium/appium/issues/19769,closed,2024-02-09,2024-02-09,2024-02-09,9ef18310da354dff2057108060d94eb4bcc3c866
renovate[bot],https://api.github.com/repos/appium/appium/pulls/19764,https://api.github.com/repos/appium/appium/issues/19764,closed,2024-02-08,2024-02-09,2024-02-09,db0eec05c58fe970351a309a01507cad824bdad2
renovate[bot],https://api.github.com/repos/appium/appium/pulls/19762,https://api.github.com/repos/appium/appium/issues/19762,closed,2024-02-07,2024-02-08,2024-02-08,fc9a93fee0d073c532c6598ae6c2a89b8ed0b3a6
renovate[bot],https://api.github.com/repos/appium/appium/pulls/19760,https://api.github.com/repos/appium/appium/issues/19760,closed,2024-02-06,2024-02-06,2024-02-06,7b40a3225ebe0f5976a26d05db2f22ba7b13a130
renovate[bot],https://api.github.com/repos/appium/appium/pulls/19759,https://api.github.com/repos/appium/appium/issues/19759,closed,2024-02-06,2024-02-06,2024-02-06,91320ddd02dca89a8cec258d0ab44a49d344d71c
renovate[bot],https://api.github.com/repos/appium/appium/pulls/19756,https://api.github.com/repos/appium/appium/issues/19756,closed,2024-02-06,2024-02-06,2024-02-06,23dc3d56ce47da1772c1f71065f152862d93c9be
renovate[bot],https://api.github.com/repos/appium/appium/pulls/19755,https://api.github.com/repos/appium/appium/issues/19755,closed,2024-02-06,2024-02-06,2024-02-06,35742f0962358b9c0d8a1a138a284ffa0d7930dd
renovate[bot],https://api.github.com/repos/appium/appium/pulls/19752,https://api.github.com/repos/appium/appium/issues/19752,closed,2024-02-04,2024-02-05,2024-02-05,d064dd1e8cb8d6b0a566939123c24b62a0615797
renovate[bot],https://api.github.com/repos/appium/appium/pulls/19751,https://api.github.com/repos/appium/appium/issues/19751,closed,2024-02-03,2024-02-05,2024-02-05,52a6f96e085ff13acdf8d5013673861b7e0da818
renovate[bot],https://api.github.com/repos/appium/appium/pulls/19750,https://api.github.com/repos/appium/appium/issues/19750,closed,2024-02-03,2024-02-03,2024-02-03,cdc7c09421875c831b4188ec013fc4568bf265c5
renovate[bot],https://api.github.com/repos/appium/appium/pulls/19749,https://api.github.com/repos/appium/appium/issues/19749,closed,2024-02-03,2024-02-04,2024-02-04,7bf4d694d49f15f164a69a08997901800019b02c
renovate[bot],https://api.github.com/repos/appium/appium/pulls/19747,https://api.github.com/repos/appium/appium/issues/19747,closed,2024-02-01,2024-02-01,2024-02-01,3032b0009c237c52c482f00ef656022f879d30ad
renovate[bot],https://api.github.com/repos/appium/appium/pulls/19746,https://api.github.com/repos/appium/appium/issues/19746,closed,2024-02-01,2024-02-02,2024-02-02,17c7a7cb2941dbb5bc1270ad085b4db9e655a049
renovate[bot],https://api.github.com/repos/appium/appium/pulls/19741,https://api.github.com/repos/appium/appium/issues/19741,closed,2024-01-31,2024-02-01,2024-02-01,6dacb5e70ca3529a080f629f5245c2b676746e2c
renovate[bot],https://api.github.com/repos/appium/appium/pulls/19740,https://api.github.com/repos/appium/appium/issues/19740,closed,2024-01-31,2024-01-31,2024-01-31,5a8af1302ffae7a05fe6b6d01919effad474c136
renovate[bot],https://api.github.com/repos/appium/appium/pulls/19737,https://api.github.com/repos/appium/appium/issues/19737,closed,2024-01-30,2024-01-31,2024-01-31,569db839f1c207d604948aefd0a7800b2d568573
renovate[bot],https://api.github.com/repos/appium/appium/pulls/19736,https://api.github.com/repos/appium/appium/issues/19736,closed,2024-01-30,2024-01-30,2024-01-30,32e9191431f01b6fbc70d6ed01235727f6248798
renovate[bot],https://api.github.com/repos/appium/appium/pulls/19735,https://api.github.com/repos/appium/appium/issues/19735,closed,2024-01-30,2024-01-30,2024-01-30,83cc668596fb79231a61287e39695b2572be18dc
renovate[bot],https://api.github.com/repos/appium/appium/pulls/19734,https://api.github.com/repos/appium/appium/issues/19734,closed,2024-01-30,2024-01-30,2024-01-30,21b808d94f55b291ac67b9ef4c5a22aa5bf1ff1e
renovate[bot],https://api.github.com/repos/appium/appium/pulls/19728,https://api.github.com/repos/appium/appium/issues/19728,closed,2024-01-29,2024-01-29,2024-01-29,4c7661dd132e78f810d0f325f2f71d94e0f3256d
renovate[bot],https://api.github.com/repos/appium/appium/pulls/19727,https://api.github.com/repos/appium/appium/issues/19727,closed,2024-01-28,2024-01-28,2024-01-28,b14c03f38aff7fa9fba6061ef717d4ed49f3a493
renovate[bot],https://api.github.com/repos/appium/appium/pulls/19726,https://api.github.com/repos/appium/appium/issues/19726,closed,2024-01-28,2024-01-30,2024-01-30,b92ab24a2577fd6ef5b7c07cfd4d371f44605ec1
renovate[bot],https://api.github.com/repos/appium/appium/pulls/19725,https://api.github.com/repos/appium/appium/issues/19725,closed,2024-01-28,2024-01-28,2024-01-28,0e1eb95006f2890503deb6084271e90860c12fca
mykola-mokhnach,https://api.github.com/repos/appium/appium/pulls/19724,https://api.github.com/repos/appium/appium/issues/19724,closed,2024-01-27,2024-01-27,2024-01-27,edb490f3591bc1ccca547a803ea86ccb08bdc5ad
renovate[bot],https://api.github.com/repos/appium/appium/pulls/19723,https://api.github.com/repos/appium/appium/issues/19723,closed,2024-01-27,2024-01-27,2024-01-27,202da83449073ddb3da8fb2cfbcfce482a5ecd40
renovate[bot],https://api.github.com/repos/appium/appium/pulls/19722,https://api.github.com/repos/appium/appium/issues/19722,closed,2024-01-27,2024-01-27,2024-01-27,6cd2c547def390eb5d739d6245fe0bab1f99931a
renovate[bot],https://api.github.com/repos/appium/appium/pulls/19719,https://api.github.com/repos/appium/appium/issues/19719,closed,2024-01-26,2024-01-26,2024-01-26,95e3fd2612ba4ab145ee248b958e1df367b7c698
renovate[bot],https://api.github.com/repos/appium/appium/pulls/19718,https://api.github.com/repos/appium/appium/issues/19718,closed,2024-01-26,2024-01-26,2024-01-26,795092a97f6d7569cccc4b5c166f52fef821514b
renovate[bot],https://api.github.com/repos/appium/appium/pulls/19715,https://api.github.com/repos/appium/appium/issues/19715,closed,2024-01-26,2024-01-26,2024-01-26,5936d53d7856e6a2aa31236eaa0ea9afee737c95
renovate[bot],https://api.github.com/repos/appium/appium/pulls/19714,https://api.github.com/repos/appium/appium/issues/19714,closed,2024-01-26,2024-01-26,2024-01-26,5f75d8c8ce92d290120c8005c5af01d0307a4b4d
renovate[bot],https://api.github.com/repos/appium/appium/pulls/19710,https://api.github.com/repos/appium/appium/issues/19710,closed,2024-01-25,2024-01-27,,907d3df9e8035a7e5b8ee37abefd7033ac611944
renovate[bot],https://api.github.com/repos/appium/appium/pulls/19708,https://api.github.com/repos/appium/appium/issues/19708,closed,2024-01-25,2024-01-25,2024-01-25,6313704ee5a8ee3aee726eb512ef259b6fa1041c
renovate[bot],https://api.github.com/repos/appium/appium/pulls/19707,https://api.github.com/repos/appium/appium/issues/19707,closed,2024-01-25,2024-01-25,2024-01-25,fb0f8f776c6a03174f4569efa60d817a930809cf
renovate[bot],https://api.github.com/repos/appium/appium/pulls/19703,https://api.github.com/repos/appium/appium/issues/19703,closed,2024-01-24,2024-01-24,2024-01-24,501395c9489320b84ab49ff78af4270f66070d62
multicatch,https://api.github.com/repos/appium/appium/pulls/19702,https://api.github.com/repos/appium/appium/issues/19702,closed,2024-01-24,2024-01-25,2024-01-25,214e922c3e623f09e93e4fc54464f00df05a5b9d
unlimitedcodeG,https://api.github.com/repos/appium/appium/pulls/19701,https://api.github.com/repos/appium/appium/issues/19701,closed,2024-01-24,2024-01-25,2024-01-25,30425f90384debefb6c5bd18252e9a637893f7e8
renovate[bot],https://api.github.com/repos/appium/appium/pulls/19699,https://api.github.com/repos/appium/appium/issues/19699,closed,2024-01-24,2024-01-24,2024-01-24,faff8dc199ff10a4d7eee4542cf1ca83c7621e4e
renovate[bot],https://api.github.com/repos/appium/appium/pulls/19698,https://api.github.com/repos/appium/appium/issues/19698,closed,2024-01-24,2024-01-24,2024-01-24,759e06a9405eb262b29352a6d82ec761df428ac0
renovate[bot],https://api.github.com/repos/appium/appium/pulls/19694,https://api.github.com/repos/appium/appium/issues/19694,closed,2024-01-23,2024-01-23,2024-01-23,966d305e5eade9369a3875243bcad951df88545c
renovate[bot],https://api.github.com/repos/appium/appium/pulls/19693,https://api.github.com/repos/appium/appium/issues/19693,closed,2024-01-23,2024-01-23,2024-01-23,6f0101eb6343eb8b372e00a6b71d2b2ee909404c
renovate[bot],https://api.github.com/repos/appium/appium/pulls/19692,https://api.github.com/repos/appium/appium/issues/19692,closed,2024-01-23,2024-01-23,2024-01-23,9e4cff1595cbbb4e34b0b1cf6981de12e2d794aa
unlimitedcodeG,https://api.github.com/repos/appium/appium/pulls/19689,https://api.github.com/repos/appium/appium/issues/19689,closed,2024-01-22,2024-01-23,2024-01-23,f3b212ce05c39e3ba97e15a5d394a2f41bf8177f
unlimitedcodeG,https://api.github.com/repos/appium/appium/pulls/19688,https://api.github.com/repos/appium/appium/issues/19688,closed,2024-01-22,2024-01-22,2024-01-22,63ef7eb2fb4f89599caccf73d414e6300dc2b824
unlimitedcodeG,https://api.github.com/repos/appium/appium/pulls/19687,https://api.github.com/repos/appium/appium/issues/19687,closed,2024-01-22,2024-01-22,2024-01-22,3dcbd6afe7f872104bef49b050595eaa369592ec
renovate[bot],https://api.github.com/repos/appium/appium/pulls/19686,https://api.github.com/repos/appium/appium/issues/19686,closed,2024-01-22,2024-01-22,2024-01-22,45abac485bf2c44bface675d354baaec57a25ae9
renovate[bot],https://api.github.com/repos/appium/appium/pulls/19683,https://api.github.com/repos/appium/appium/issues/19683,closed,2024-01-20,2024-01-20,2024-01-20,1fdf117c63f6e9871f4de3c0bd93ecbdb13a9235
eglitise,https://api.github.com/repos/appium/appium/pulls/19681,https://api.github.com/repos/appium/appium/issues/19681,closed,2024-01-19,2024-01-19,2024-01-19,d9711b4191d19ed0b89944b2732a1a4f4c4d9c0b
unlimitedcodeG,https://api.github.com/repos/appium/appium/pulls/19675,https://api.github.com/repos/appium/appium/issues/19675,closed,2024-01-18,2024-01-19,2024-01-19,9b16f0d9ada5ca8cd1149123d86575d5355ace93
renovate[bot],https://api.github.com/repos/appium/appium/pulls/19674,https://api.github.com/repos/appium/appium/issues/19674,closed,2024-01-18,2024-01-18,2024-01-18,da84efc42dd62b2be07a52dd4379791e2cef6eb2
renovate[bot],https://api.github.com/repos/appium/appium/pulls/19673,https://api.github.com/repos/appium/appium/issues/19673,closed,2024-01-18,2024-01-18,2024-01-18,7733b0de3b0fb8e0ccd4ffd4fe0106e261716ee4
renovate[bot],https://api.github.com/repos/appium/appium/pulls/19669,https://api.github.com/repos/appium/appium/issues/19669,closed,2024-01-17,2024-01-17,2024-01-17,e8e0444bd28d94963090065a813a4b10be665caa
renovate[bot],https://api.github.com/repos/appium/appium/pulls/19668,https://api.github.com/repos/appium/appium/issues/19668,closed,2024-01-17,2024-01-17,2024-01-17,b85a6b939f688703522ebb6ddab19aa807c64dbe
renovate[bot],https://api.github.com/repos/appium/appium/pulls/19665,https://api.github.com/repos/appium/appium/issues/19665,closed,2024-01-17,2024-01-17,2024-01-17,c3bea4cf14e2a7ce5c4ec98960476175dc5c8e28
renovate[bot],https://api.github.com/repos/appium/appium/pulls/19664,https://api.github.com/repos/appium/appium/issues/19664,closed,2024-01-17,2024-01-17,2024-01-17,0e94a33240b8c7f93aa0cf7314c0212ff7287613
Dor-bl,https://api.github.com/repos/appium/appium/pulls/19660,https://api.github.com/repos/appium/appium/issues/19660,closed,2024-01-16,2024-01-16,2024-01-16,4efd0c5cad16b12bb5afe9eb4e3450fcaf8e4fbd
renovate[bot],https://api.github.com/repos/appium/appium/pulls/19658,https://api.github.com/repos/appium/appium/issues/19658,closed,2024-01-16,2024-01-16,2024-01-16,882bd06d1c2f6af0bff0fdfaa9eaee1002d9a4bc
renovate[bot],https://api.github.com/repos/appium/appium/pulls/19657,https://api.github.com/repos/appium/appium/issues/19657,closed,2024-01-16,2024-01-16,2024-01-16,fcb42f0809cb5256362258c2c45fbce6a64cd9f1
eglitise,https://api.github.com/repos/appium/appium/pulls/19655,https://api.github.com/repos/appium/appium/issues/19655,closed,2024-01-15,2024-01-27,2024-01-27,d10b4ba2c4bef250fc4db7b79b3b31fee826f3ae
renovate[bot],https://api.github.com/repos/appium/appium/pulls/19654,https://api.github.com/repos/appium/appium/issues/19654,closed,2024-01-15,2024-01-15,2024-01-15,a6d6480074a335c2d4ebfc97ea321c92bf08d663
renovate[bot],https://api.github.com/repos/appium/appium/pulls/19652,https://api.github.com/repos/appium/appium/issues/19652,closed,2024-01-15,2024-01-15,2024-01-15,45f5660b94212c4428724663c51c09edf22d888f
renovate[bot],https://api.github.com/repos/appium/appium/pulls/19650,https://api.github.com/repos/appium/appium/issues/19650,closed,2024-01-14,2024-01-14,2024-01-14,2ef9cc598329c6701f5d3df2d7703965345c1d66
renovate[bot],https://api.github.com/repos/appium/appium/pulls/19649,https://api.github.com/repos/appium/appium/issues/19649,closed,2024-01-14,2024-01-14,2024-01-14,6ce45cf4f88bbc416c4091dbb87a2e28c3b7dcff
renovate[bot],https://api.github.com/repos/appium/appium/pulls/19648,https://api.github.com/repos/appium/appium/issues/19648,closed,2024-01-13,2024-01-13,2024-01-13,961797448116b6be7b500a68b4202b969805825c
renovate[bot],https://api.github.com/repos/appium/appium/pulls/19647,https://api.github.com/repos/appium/appium/issues/19647,closed,2024-01-13,2024-01-13,2024-01-13,9a21dbacf293733ec022f24a9ca71ca007e2b273
renovate[bot],https://api.github.com/repos/appium/appium/pulls/19646,https://api.github.com/repos/appium/appium/issues/19646,closed,2024-01-13,2024-01-13,2024-01-13,ca54b4f79ac27f4c6bceaae5d97175afbdbea460
renovate[bot],https://api.github.com/repos/appium/appium/pulls/19645,https://api.github.com/repos/appium/appium/issues/19645,closed,2024-01-13,2024-01-14,2024-01-14,7aabbc3115b5efe688932d80b62bfabafc030517
renovate[bot],https://api.github.com/repos/appium/appium/pulls/19643,https://api.github.com/repos/appium/appium/issues/19643,closed,2024-01-12,2024-01-12,2024-01-12,35f1dbabf6e852c4ae84ec128879bc7e61321a16
renovate[bot],https://api.github.com/repos/appium/appium/pulls/19641,https://api.github.com/repos/appium/appium/issues/19641,closed,2024-01-11,2024-01-11,2024-01-11,c3dfade2843dfd6c6616b5a7c78865435fb36ad7
renovate[bot],https://api.github.com/repos/appium/appium/pulls/19636,https://api.github.com/repos/appium/appium/issues/19636,closed,2024-01-10,2024-01-10,2024-01-10,cbc1f500bc0721edcdf7f47af949ae113c038a46
renovate[bot],https://api.github.com/repos/appium/appium/pulls/19635,https://api.github.com/repos/appium/appium/issues/19635,closed,2024-01-10,2024-01-10,2024-01-10,40873fb65525073c93f3f8e593f882cdee2368db
renovate[bot],https://api.github.com/repos/appium/appium/pulls/19634,https://api.github.com/repos/appium/appium/issues/19634,closed,2024-01-10,2024-01-10,2024-01-10,43690a4c77bb3f010dacbd92fdfd270344b3b59d
NyCodeGHG,https://api.github.com/repos/appium/appium/pulls/19630,https://api.github.com/repos/appium/appium/issues/19630,open,2024-01-09,2024-02-05,,2f4bb23d7cca16cdbe7a65c9af6d9a2dc5027bd9
renovate[bot],https://api.github.com/repos/appium/appium/pulls/19629,https://api.github.com/repos/appium/appium/issues/19629,closed,2024-01-09,2024-01-10,2024-01-10,293c8031d9a623c27a4d682e33a65ca2689902ff
Dor-bl,https://api.github.com/repos/appium/appium/pulls/19628,https://api.github.com/repos/appium/appium/issues/19628,closed,2024-01-08,2024-01-09,2024-01-08,06218c0c6a1a140e804551d4596cbd5c4bbe7974
Dor-bl,https://api.github.com/repos/appium/appium/pulls/19627,https://api.github.com/repos/appium/appium/issues/19627,closed,2024-01-08,2024-01-09,2024-01-08,7d9065cf316a6db4916cfdac426693adfe16f117
Dor-bl,https://api.github.com/repos/appium/appium/pulls/19626,https://api.github.com/repos/appium/appium/issues/19626,closed,2024-01-08,2024-01-09,2024-01-08,348b297578070256a5952a3cc3c3e12ad27d744e
renovate[bot],https://api.github.com/repos/appium/appium/pulls/19623,https://api.github.com/repos/appium/appium/issues/19623,closed,2024-01-08,2024-01-08,2024-01-08,314e1b468aeb1d71b6b61588107ec53723999ae3
Dor-bl,https://api.github.com/repos/appium/appium/pulls/19622,https://api.github.com/repos/appium/appium/issues/19622,closed,2024-01-07,2024-01-08,2024-01-08,16a78991547c51fa8051faf232c718958b69a507
mykola-mokhnach,https://api.github.com/repos/appium/appium/pulls/19621,https://api.github.com/repos/appium/appium/issues/19621,closed,2024-01-07,2024-01-07,2024-01-07,cc24a26c6a578c033212aba2003961ab96bfdda5
renovate[bot],https://api.github.com/repos/appium/appium/pulls/19620,https://api.github.com/repos/appium/appium/issues/19620,closed,2024-01-07,2024-01-07,2024-01-07,0f1c12d85989236ef080c8237779884a6aafbf4e
renovate[bot],https://api.github.com/repos/appium/appium/pulls/19618,https://api.github.com/repos/appium/appium/issues/19618,closed,2024-01-06,2024-01-06,2024-01-06,f7e47316c0133a5bc6b658cfb97c1caa5d4272f7
mykola-mokhnach,https://api.github.com/repos/appium/appium/pulls/19617,https://api.github.com/repos/appium/appium/issues/19617,closed,2024-01-06,2024-01-06,2024-01-06,f4011f17d4d03bc854c43462848a4c38427acb85
renovate[bot],https://api.github.com/repos/appium/appium/pulls/19616,https://api.github.com/repos/appium/appium/issues/19616,closed,2024-01-06,2024-01-06,2024-01-06,ac73522351b31bd6c11972c61daa8b6b8d18fb91
renovate[bot],https://api.github.com/repos/appium/appium/pulls/19615,https://api.github.com/repos/appium/appium/issues/19615,closed,2024-01-06,2024-01-06,2024-01-06,d2666f9eb56dccaeaaad7fa8036bc983004d6d33
KazuCocoa,https://api.github.com/repos/appium/appium/pulls/19613,https://api.github.com/repos/appium/appium/issues/19613,closed,2024-01-05,2024-01-05,2024-01-05,5aaca9b11cc293c0ab0b87c88f03222f30893141
mykola-mokhnach,https://api.github.com/repos/appium/appium/pulls/19612,https://api.github.com/repos/appium/appium/issues/19612,closed,2024-01-05,2024-01-05,2024-01-05,5cd9ca5c21393c70d259f7525d2c9d35b7eeb2a2
renovate[bot],https://api.github.com/repos/appium/appium/pulls/19611,https://api.github.com/repos/appium/appium/issues/19611,closed,2024-01-05,2024-01-05,2024-01-05,7084d7cfdcad88c5290e70e0510abc6b8c29f8c6
mykola-mokhnach,https://api.github.com/repos/appium/appium/pulls/19610,https://api.github.com/repos/appium/appium/issues/19610,closed,2024-01-04,2024-01-05,2024-01-05,b5460fc131fd23e8a3feb0b15d3fe9eb8bdac5e9
phoet,https://api.github.com/repos/appium/appium/pulls/19608,https://api.github.com/repos/appium/appium/issues/19608,closed,2024-01-04,2024-01-05,2024-01-05,9733c7715e93cff77c395edc60178d7fcfd30746
mykola-mokhnach,https://api.github.com/repos/appium/appium/pulls/19607,https://api.github.com/repos/appium/appium/issues/19607,closed,2024-01-04,2024-01-04,2024-01-04,474f3ce092c68981655d9deba546a6202acea141
renovate[bot],https://api.github.com/repos/appium/appium/pulls/19605,https://api.github.com/repos/appium/appium/issues/19605,closed,2024-01-04,2024-01-04,2024-01-04,fc3ea5caa247824035208b277e00d07be03dc13e
renovate[bot],https://api.github.com/repos/appium/appium/pulls/19604,https://api.github.com/repos/appium/appium/issues/19604,closed,2024-01-04,2024-01-04,2024-01-04,83f24acd396bf91314adde13b88844a9da96ac08
jlipps,https://api.github.com/repos/appium/appium/pulls/19603,https://api.github.com/repos/appium/appium/issues/19603,closed,2024-01-03,2024-01-04,2024-01-04,9ef25332561ced08ccbf3d9b3d7367e61b062f81
mykola-mokhnach,https://api.github.com/repos/appium/appium/pulls/19602,https://api.github.com/repos/appium/appium/issues/19602,closed,2024-01-03,2024-01-03,2024-01-03,eff6d331f21070e646dc75fbc9ff7a6835cd0f13
renovate[bot],https://api.github.com/repos/appium/appium/pulls/19599,https://api.github.com/repos/appium/appium/issues/19599,closed,2024-01-02,2024-01-02,2024-01-02,bd88198a9ad8c6ffd80da33b376a38a2ffa34a01
renovate[bot],https://api.github.com/repos/appium/appium/pulls/19598,https://api.github.com/repos/appium/appium/issues/19598,closed,2024-01-02,2024-01-02,2024-01-02,8e83996eb673687e28e00f9307eb9eaf49fd1873
renovate[bot],https://api.github.com/repos/appium/appium/pulls/19596,https://api.github.com/repos/appium/appium/issues/19596,closed,2023-12-30,2023-12-30,2023-12-30,122a4ec111fa1eecbe18309afe868d2434a181f1
eglitise,https://api.github.com/repos/appium/appium/pulls/19595,https://api.github.com/repos/appium/appium/issues/19595,closed,2023-12-29,2024-01-15,2024-01-02,5070a3473974a77121fb5bf7fd904f10d2bd133f
renovate[bot],https://api.github.com/repos/appium/appium/pulls/19594,https://api.github.com/repos/appium/appium/issues/19594,open,2023-12-29,2024-03-04,,868cd1fd94bceb9c3457e5e885aa57c864afc002
renovate[bot],https://api.github.com/repos/appium/appium/pulls/19592,https://api.github.com/repos/appium/appium/issues/19592,closed,2023-12-28,2023-12-28,2023-12-28,94b358022fdba3050ef94c1f881895f07e24fb75
renovate[bot],https://api.github.com/repos/appium/appium/pulls/19591,https://api.github.com/repos/appium/appium/issues/19591,closed,2023-12-28,2023-12-28,2023-12-28,34654956a3cd5a76865444ab52bd905543dfcb2c
renovate[bot],https://api.github.com/repos/appium/appium/pulls/19589,https://api.github.com/repos/appium/appium/issues/19589,closed,2023-12-27,2023-12-27,2023-12-27,b11366c3fcadce37567a809d172d58110f82affd
renovate[bot],https://api.github.com/repos/appium/appium/pulls/19587,https://api.github.com/repos/appium/appium/issues/19587,closed,2023-12-27,2023-12-27,2023-12-27,e77aa417a0e028111dd60052142a15411aca953d
renovate[bot],https://api.github.com/repos/appium/appium/pulls/19586,https://api.github.com/repos/appium/appium/issues/19586,closed,2023-12-27,2023-12-27,2023-12-27,fe5245a42784181a9cd7a8ff6b095a622ae40920
renovate[bot],https://api.github.com/repos/appium/appium/pulls/19585,https://api.github.com/repos/appium/appium/issues/19585,closed,2023-12-27,2023-12-27,2023-12-27,441b2848dae28472356f37fc5d51ac27af7bbe29
renovate[bot],https://api.github.com/repos/appium/appium/pulls/19584,https://api.github.com/repos/appium/appium/issues/19584,closed,2023-12-27,2023-12-27,2023-12-27,38d9f92d1a34f92ec7963e915d2ca45d3e07f83b
renovate[bot],https://api.github.com/repos/appium/appium/pulls/19582,https://api.github.com/repos/appium/appium/issues/19582,closed,2023-12-26,2023-12-26,2023-12-26,523cf6fa5913522dcc6ad3ac226239ec5d741a44
renovate[bot],https://api.github.com/repos/appium/appium/pulls/19579,https://api.github.com/repos/appium/appium/issues/19579,closed,2023-12-24,2023-12-24,2023-12-24,f5fce7ced91ec1a35a63dd0eb2a5855594721b08
renovate[bot],https://api.github.com/repos/appium/appium/pulls/19578,https://api.github.com/repos/appium/appium/issues/19578,closed,2023-12-23,2023-12-23,2023-12-23,a304a1f78e658f6f70cbe8e1efd6d06b81d8d34e
mykola-mokhnach,https://api.github.com/repos/appium/appium/pulls/19577,https://api.github.com/repos/appium/appium/issues/19577,closed,2023-12-23,2023-12-27,2023-12-27,7de3c1d57a57226cec6dcb429273fe096d630c3e
KazuCocoa,https://api.github.com/repos/appium/appium/pulls/19576,https://api.github.com/repos/appium/appium/issues/19576,closed,2023-12-22,2023-12-22,2023-12-22,923a40b5eb51e1af0eeb53ef6380ffc9bc2cbae7
mykola-mokhnach,https://api.github.com/repos/appium/appium/pulls/19575,https://api.github.com/repos/appium/appium/issues/19575,closed,2023-12-22,2023-12-22,2023-12-22,73bf68cc602de0999e1956110be225c3fd9087c2
renovate[bot],https://api.github.com/repos/appium/appium/pulls/19572,https://api.github.com/repos/appium/appium/issues/19572,closed,2023-12-22,2023-12-22,2023-12-22,92d117298442e72ae262f224733068ddf147f4c8
KazuCocoa,https://api.github.com/repos/appium/appium/pulls/19571,https://api.github.com/repos/appium/appium/issues/19571,closed,2023-12-22,2023-12-22,2023-12-22,8c4646f3f392cae93404bb2c828b30cc642046c1
mykola-mokhnach,https://api.github.com/repos/appium/appium/pulls/19570,https://api.github.com/repos/appium/appium/issues/19570,closed,2023-12-21,2023-12-21,2023-12-21,dde74d98b6ca52faf4e3f97d9a2d502f555f5ccd
eglitise,https://api.github.com/repos/appium/appium/pulls/19569,https://api.github.com/repos/appium/appium/issues/19569,closed,2023-12-21,2023-12-21,2023-12-21,96c19c7887c6aaba2e37b7b595ce1774b6d76b87
renovate[bot],https://api.github.com/repos/appium/appium/pulls/19565,https://api.github.com/repos/appium/appium/issues/19565,closed,2023-12-21,2023-12-21,2023-12-21,9b06b871eb3d9c60428130442ea7ab433ce4df31
mykola-mokhnach,https://api.github.com/repos/appium/appium/pulls/19562,https://api.github.com/repos/appium/appium/issues/19562,closed,2023-12-20,2023-12-21,2023-12-21,893b9e15d64d2356ea339596e805543df51fa505
mykola-mokhnach,https://api.github.com/repos/appium/appium/pulls/19561,https://api.github.com/repos/appium/appium/issues/19561,closed,2023-12-20,2023-12-21,2023-12-21,9aae933581a933525dec98aabd606a033b4bb80f
renovate[bot],https://api.github.com/repos/appium/appium/pulls/19556,https://api.github.com/repos/appium/appium/issues/19556,closed,2023-12-19,2023-12-19,2023-12-19,3bdb8a4f4a0d316356b343537b429dd499c99f9c
renovate[bot],https://api.github.com/repos/appium/appium/pulls/19554,https://api.github.com/repos/appium/appium/issues/19554,closed,2023-12-19,2023-12-19,2023-12-19,ff767b7f25e97ec9643f691b57ca6ba159dcdcf9
renovate[bot],https://api.github.com/repos/appium/appium/pulls/19553,https://api.github.com/repos/appium/appium/issues/19553,closed,2023-12-19,2023-12-19,2023-12-19,cbf5e1e6dec0707b8e2d74cea4d58cd7bdb293f2
eglitise,https://api.github.com/repos/appium/appium/pulls/19551,https://api.github.com/repos/appium/appium/issues/19551,closed,2023-12-18,2023-12-18,2023-12-18,e41935fd643ce8cf9a00346884c9f31d17ff9d12
eglitise,https://api.github.com/repos/appium/appium/pulls/19550,https://api.github.com/repos/appium/appium/issues/19550,closed,2023-12-18,2023-12-18,2023-12-18,05bcc5e5af0edbea82296e02033193a6b8ab0a92
eglitise,https://api.github.com/repos/appium/appium/pulls/19549,https://api.github.com/repos/appium/appium/issues/19549,closed,2023-12-18,2023-12-18,,cef1ead8728a88ece1680cd41ba5d31c2a7fc92d
renovate[bot],https://api.github.com/repos/appium/appium/pulls/19547,https://api.github.com/repos/appium/appium/issues/19547,closed,2023-12-18,2023-12-23,2023-12-23,88ab563fa037c3b043cea633344563d53323c30d
renovate[bot],https://api.github.com/repos/appium/appium/pulls/19546,https://api.github.com/repos/appium/appium/issues/19546,closed,2023-12-18,2023-12-18,2023-12-18,f2a0365f6feec11aafee12e3b0c2a901068fbfc2
renovate[bot],https://api.github.com/repos/appium/appium/pulls/19545,https://api.github.com/repos/appium/appium/issues/19545,closed,2023-12-18,2023-12-18,2023-12-18,fd346480c6f24d7ed35395f6f06f319d09294b33
mykola-mokhnach,https://api.github.com/repos/appium/appium/pulls/19543,https://api.github.com/repos/appium/appium/issues/19543,closed,2023-12-17,2023-12-18,2023-12-18,e25dd38cd593d478c07012b4aa14fcd96788d294
mykola-mokhnach,https://api.github.com/repos/appium/appium/pulls/19542,https://api.github.com/repos/appium/appium/issues/19542,closed,2023-12-17,2023-12-19,2023-12-19,a30286b6e7b9753f73e55a8f9db14211b3124578
renovate[bot],https://api.github.com/repos/appium/appium/pulls/19541,https://api.github.com/repos/appium/appium/issues/19541,closed,2023-12-17,2023-12-17,2023-12-17,11d3e89db23822057e7fa1fd3cd4ee4383f3fd34
renovate[bot],https://api.github.com/repos/appium/appium/pulls/19540,https://api.github.com/repos/appium/appium/issues/19540,closed,2023-12-17,2023-12-17,2023-12-17,cdd8a65887d1718af0d520bc7ad25add6e6466fb
mykola-mokhnach,https://api.github.com/repos/appium/appium/pulls/19539,https://api.github.com/repos/appium/appium/issues/19539,closed,2023-12-16,2023-12-20,2023-12-20,dc2cedfecd19581321f6947ef1c847065ba2d3d6
renovate[bot],https://api.github.com/repos/appium/appium/pulls/19538,https://api.github.com/repos/appium/appium/issues/19538,closed,2023-12-16,2023-12-16,2023-12-16,d972a6a0eb3dbee0468700426be668807e20ca0c
renovate[bot],https://api.github.com/repos/appium/appium/pulls/19537,https://api.github.com/repos/appium/appium/issues/19537,closed,2023-12-16,2023-12-16,2023-12-16,1f2c053573f0df91449365dfe19dbd350f09ee89
renovate[bot],https://api.github.com/repos/appium/appium/pulls/19536,https://api.github.com/repos/appium/appium/issues/19536,closed,2023-12-16,2023-12-16,2023-12-16,b25121336ace32caeddcf02123fe624fdadacf21
mykola-mokhnach,https://api.github.com/repos/appium/appium/pulls/19534,https://api.github.com/repos/appium/appium/issues/19534,closed,2023-12-15,2023-12-16,2023-12-16,d2f7384e8dae753984fe1983beb09304788de52a
renovate[bot],https://api.github.com/repos/appium/appium/pulls/19532,https://api.github.com/repos/appium/appium/issues/19532,closed,2023-12-15,2023-12-15,2023-12-15,9a4f354a253b32e343198f4978604b555de93068
mykola-mokhnach,https://api.github.com/repos/appium/appium/pulls/19531,https://api.github.com/repos/appium/appium/issues/19531,closed,2023-12-15,2023-12-15,2023-12-15,ad1eb24c6570b33e3830fc0a2ca389484244fe33
mykola-mokhnach,https://api.github.com/repos/appium/appium/pulls/19530,https://api.github.com/repos/appium/appium/issues/19530,closed,2023-12-14,2023-12-15,2023-12-15,9c0cb8690f27844138aadf7f37ee9acfc95389d7
eglitise,https://api.github.com/repos/appium/appium/pulls/19528,https://api.github.com/repos/appium/appium/issues/19528,closed,2023-12-14,2023-12-16,2023-12-16,a7d70f388020ab7f942ec2b4b94c4a2a61b110b5
eglitise,https://api.github.com/repos/appium/appium/pulls/19527,https://api.github.com/repos/appium/appium/issues/19527,closed,2023-12-14,2023-12-14,2023-12-14,3dff11253db9a4681b39794b60f44dce01a7ddd3
KazuCocoa,https://api.github.com/repos/appium/appium/pulls/19526,https://api.github.com/repos/appium/appium/issues/19526,closed,2023-12-14,2023-12-14,,2729c7ab926e2834bf2ff66a09072a81bd8c57b4
mykola-mokhnach,https://api.github.com/repos/appium/appium/pulls/19525,https://api.github.com/repos/appium/appium/issues/19525,closed,2023-12-14,2023-12-14,2023-12-14,51e13d0373c9ed8196c639b654263c91d0e98c6b
renovate[bot],https://api.github.com/repos/appium/appium/pulls/19524,https://api.github.com/repos/appium/appium/issues/19524,closed,2023-12-13,2023-12-13,2023-12-13,0df5ee003a83d28d4faf517408ea748e597aeddf
renovate[bot],https://api.github.com/repos/appium/appium/pulls/19521,https://api.github.com/repos/appium/appium/issues/19521,closed,2023-12-12,2023-12-12,2023-12-12,a068dcbc7dce56a72371bb507f7758b4f93af33c
renovate[bot],https://api.github.com/repos/appium/appium/pulls/19520,https://api.github.com/repos/appium/appium/issues/19520,closed,2023-12-12,2023-12-12,2023-12-12,576e9f88c83f5ada6c713613a6dc2a1ac7edb5ed
mykola-mokhnach,https://api.github.com/repos/appium/appium/pulls/19518,https://api.github.com/repos/appium/appium/issues/19518,closed,2023-12-11,2023-12-12,2023-12-12,22ca74710718ddeda0526acd9dd3dd1703001e22
mykola-mokhnach,https://api.github.com/repos/appium/appium/pulls/19516,https://api.github.com/repos/appium/appium/issues/19516,closed,2023-12-11,2023-12-22,2023-12-11,59dd7268bfd0589a6d53273a8b89525adcfd14ab
mykola-mokhnach,https://api.github.com/repos/appium/appium/pulls/19515,https://api.github.com/repos/appium/appium/issues/19515,closed,2023-12-11,2023-12-11,2023-12-11,1e00b73d871202d493993075a0d565ede010371e
renovate[bot],https://api.github.com/repos/appium/appium/pulls/19514,https://api.github.com/repos/appium/appium/issues/19514,closed,2023-12-11,2023-12-11,2023-12-11,070cdfe44f3dcd1c5530512b70191719a0047b8c
mykola-mokhnach,https://api.github.com/repos/appium/appium/pulls/19513,https://api.github.com/repos/appium/appium/issues/19513,closed,2023-12-10,2023-12-12,2023-12-11,a7882e9bab1da48ff5152cee8bcc5763af9b6ebb
mykola-mokhnach,https://api.github.com/repos/appium/appium/pulls/19512,https://api.github.com/repos/appium/appium/issues/19512,closed,2023-12-10,2023-12-12,2023-12-12,06e7f3489dff820fa16b16e47417acd0c10e0b05
mykola-mokhnach,https://api.github.com/repos/appium/appium/pulls/19511,https://api.github.com/repos/appium/appium/issues/19511,closed,2023-12-10,2023-12-10,2023-12-10,6fc90a17b2349d9686a60121d8dba4370227e322
renovate[bot],https://api.github.com/repos/appium/appium/pulls/19510,https://api.github.com/repos/appium/appium/issues/19510,closed,2023-12-10,2023-12-10,2023-12-10,a0c92f5bd111f445a1799a2ba072355140d35ac7
renovate[bot],https://api.github.com/repos/appium/appium/pulls/19509,https://api.github.com/repos/appium/appium/issues/19509,closed,2023-12-10,2023-12-10,2023-12-10,fcf7b80f9246f9f78e4c56fc5165bec7c68f8f2f
renovate[bot],https://api.github.com/repos/appium/appium/pulls/19508,https://api.github.com/repos/appium/appium/issues/19508,closed,2023-12-10,2023-12-10,2023-12-10,78d85f77e8e1e0493a66afc6123f7bc6bc5c8d17
renovate[bot],https://api.github.com/repos/appium/appium/pulls/19504,https://api.github.com/repos/appium/appium/issues/19504,closed,2023-12-09,2023-12-09,2023-12-09,dfd17074e94b2406caa87184ac73d992706e8e4d
renovate[bot],https://api.github.com/repos/appium/appium/pulls/19503,https://api.github.com/repos/appium/appium/issues/19503,closed,2023-12-08,2023-12-08,2023-12-08,8471a16e135c10b8e3ecfc0fbfdfdf22244bf3b8
renovate[bot],https://api.github.com/repos/appium/appium/pulls/19501,https://api.github.com/repos/appium/appium/issues/19501,closed,2023-12-08,2023-12-08,2023-12-08,0592bc505fdec8ef0fdd19a6816a45e1e2887d25
renovate[bot],https://api.github.com/repos/appium/appium/pulls/19500,https://api.github.com/repos/appium/appium/issues/19500,closed,2023-12-08,2023-12-08,2023-12-08,5f1ba37f4c0e45154f75050a8a0fa43cea74ad41
eglitise,https://api.github.com/repos/appium/appium/pulls/19499,https://api.github.com/repos/appium/appium/issues/19499,closed,2023-12-08,2023-12-08,2023-12-08,d6736c131168e3c072ffa5c14c56498fd51694bb
eglitise,https://api.github.com/repos/appium/appium/pulls/19498,https://api.github.com/repos/appium/appium/issues/19498,closed,2023-12-08,2023-12-11,2023-12-11,73d0aa5d1cd8b3b0e72b879308fd215fb03f428d
renovate[bot],https://api.github.com/repos/appium/appium/pulls/19497,https://api.github.com/repos/appium/appium/issues/19497,closed,2023-12-08,2023-12-08,2023-12-08,4dd95c096e4e4685c4f464b8251370ea001a562a
renovate[bot],https://api.github.com/repos/appium/appium/pulls/19496,https://api.github.com/repos/appium/appium/issues/19496,closed,2023-12-08,2023-12-08,2023-12-08,b79ed2bed5329b904b15fa5b1fbde7885087c9ad
mykola-mokhnach,https://api.github.com/repos/appium/appium/pulls/19495,https://api.github.com/repos/appium/appium/issues/19495,closed,2023-12-07,2023-12-08,2023-12-08,50e83da6070e4dd7889b6977c0cf1a2610c69994
renovate[bot],https://api.github.com/repos/appium/appium/pulls/19494,https://api.github.com/repos/appium/appium/issues/19494,closed,2023-12-07,2023-12-07,2023-12-07,8dd2bc6ef60830a0362bb80e117dca7693b4ba5b
eglitise,https://api.github.com/repos/appium/appium/pulls/19493,https://api.github.com/repos/appium/appium/issues/19493,closed,2023-12-07,2023-12-11,2023-12-07,9de6f409ec506017d6aa865cfafbd3ad5bc8d423
renovate[bot],https://api.github.com/repos/appium/appium/pulls/19492,https://api.github.com/repos/appium/appium/issues/19492,closed,2023-12-07,2023-12-07,2023-12-07,56728437444de55c1ce4104a3fdd3bfb0092ec35
renovate[bot],https://api.github.com/repos/appium/appium/pulls/19491,https://api.github.com/repos/appium/appium/issues/19491,closed,2023-12-07,2023-12-07,2023-12-07,d2d8ea7a105eb93f59793fbc4d3438a66a191cd8
renovate[bot],https://api.github.com/repos/appium/appium/pulls/19490,https://api.github.com/repos/appium/appium/issues/19490,closed,2023-12-07,2023-12-07,2023-12-07,19c30b490b244f52918f72bdeeb957a999fdbcb9
renovate[bot],https://api.github.com/repos/appium/appium/pulls/19489,https://api.github.com/repos/appium/appium/issues/19489,closed,2023-12-07,2023-12-27,2023-12-27,ea8394a888c835bc54f7f68174a4b6cae85339ea
renovate[bot],https://api.github.com/repos/appium/appium/pulls/19488,https://api.github.com/repos/appium/appium/issues/19488,closed,2023-12-07,2023-12-07,,9e84086fa8d0ae5cf59f4e4ab5327f938ff338c5
renovate[bot],https://api.github.com/repos/appium/appium/pulls/19487,https://api.github.com/repos/appium/appium/issues/19487,closed,2023-12-07,2023-12-07,2023-12-07,59001214dad835a8ca74180c8f58ff65e0946c7c
eglitise,https://api.github.com/repos/appium/appium/pulls/19485,https://api.github.com/repos/appium/appium/issues/19485,closed,2023-12-06,2023-12-06,2023-12-06,00033044e08f932b5daf1234cfb381c6f46c8bb8
eglitise,https://api.github.com/repos/appium/appium/pulls/19484,https://api.github.com/repos/appium/appium/issues/19484,closed,2023-12-06,2023-12-07,2023-12-06,179ae7abe5b0e0be1b050a265122a1e4cfb76727
renovate[bot],https://api.github.com/repos/appium/appium/pulls/19483,https://api.github.com/repos/appium/appium/issues/19483,closed,2023-12-06,2023-12-08,,9d223c271a3ec3e8790feea838468afaffa97bda
renovate[bot],https://api.github.com/repos/appium/appium/pulls/19482,https://api.github.com/repos/appium/appium/issues/19482,closed,2023-12-06,2023-12-06,2023-12-06,fc8a46499a4e520584dacf35e47ccf72243f86ca
renovate[bot],https://api.github.com/repos/appium/appium/pulls/19481,https://api.github.com/repos/appium/appium/issues/19481,closed,2023-12-06,2023-12-06,2023-12-06,22ec92a24df526f072ba9ea5e595616fd30c769d
renovate[bot],https://api.github.com/repos/appium/appium/pulls/19480,https://api.github.com/repos/appium/appium/issues/19480,closed,2023-12-06,2023-12-06,2023-12-06,b60269371662de4c42ccd7586512c9d685d95d52
eglitise,https://api.github.com/repos/appium/appium/pulls/19478,https://api.github.com/repos/appium/appium/issues/19478,closed,2023-12-06,2023-12-06,,b4f5114ab8852bfc97d7beb45dade7c7d7750adf
renovate[bot],https://api.github.com/repos/appium/appium/pulls/19477,https://api.github.com/repos/appium/appium/issues/19477,closed,2023-12-06,2023-12-06,2023-12-06,5b40b87236a697f554b804c25c312ce242993068
renovate[bot],https://api.github.com/repos/appium/appium/pulls/19476,https://api.github.com/repos/appium/appium/issues/19476,closed,2023-12-06,2023-12-06,2023-12-06,04dc62e7a5b9de6b25f6b40d998318bbb4c291cd
renovate[bot],https://api.github.com/repos/appium/appium/pulls/19475,https://api.github.com/repos/appium/appium/issues/19475,closed,2023-12-05,2023-12-05,2023-12-05,85dce4a72b21e017b4661ddf997c096817e5fd7f
renovate[bot],https://api.github.com/repos/appium/appium/pulls/19474,https://api.github.com/repos/appium/appium/issues/19474,closed,2023-12-05,2023-12-05,2023-12-05,2e7938578d785f49d6f9e1428afb91aae3d4e4ba
renovate[bot],https://api.github.com/repos/appium/appium/pulls/19473,https://api.github.com/repos/appium/appium/issues/19473,closed,2023-12-05,2023-12-05,2023-12-05,9b07df99592852cbf1096fc4bd94ffd4395c423d
eglitise,https://api.github.com/repos/appium/appium/pulls/19472,https://api.github.com/repos/appium/appium/issues/19472,closed,2023-12-05,2023-12-05,2023-12-05,cb950dffb82e114341d2e0e0faa5ce6d551ec267
renovate[bot],https://api.github.com/repos/appium/appium/pulls/19470,https://api.github.com/repos/appium/appium/issues/19470,closed,2023-12-05,2023-12-05,2023-12-05,80b2da9c441f0e323e4385da034115eefee3bb9e
renovate[bot],https://api.github.com/repos/appium/appium/pulls/19469,https://api.github.com/repos/appium/appium/issues/19469,closed,2023-12-05,2023-12-05,2023-12-05,0e98664333f3bc0438c23f22756e3ad5d9517c17
jlipps,https://api.github.com/repos/appium/appium/pulls/19468,https://api.github.com/repos/appium/appium/issues/19468,closed,2023-12-04,2023-12-06,2023-12-06,ba5661c42794ae616d8d54408d49003aa38584c5
eglitise,https://api.github.com/repos/appium/appium/pulls/19465,https://api.github.com/repos/appium/appium/issues/19465,closed,2023-12-02,2023-12-06,2023-12-05,7528fcf890f79f4017f5e718bb1952bf907ee479
renovate[bot],https://api.github.com/repos/appium/appium/pulls/19457,https://api.github.com/repos/appium/appium/issues/19457,closed,2023-11-26,2023-12-05,2023-12-05,1b56d851fa2bd3cc3515ca845591c1452f474288
mykola-mokhnach,https://api.github.com/repos/appium/appium/pulls/19456,https://api.github.com/repos/appium/appium/issues/19456,closed,2023-11-25,2023-12-03,,74b41df202080a5d33b10cd5e01386b8c99c117a
renovate[bot],https://api.github.com/repos/appium/appium/pulls/19455,https://api.github.com/repos/appium/appium/issues/19455,closed,2023-11-25,2023-11-25,2023-11-25,3a53106eddd872a9660adf6848bf46286fcf7462
renovate[bot],https://api.github.com/repos/appium/appium/pulls/19454,https://api.github.com/repos/appium/appium/issues/19454,closed,2023-11-25,2023-11-25,2023-11-25,bc16e2080a7ab1939cf30cffc78cb65889fb1742
renovate[bot],https://api.github.com/repos/appium/appium/pulls/19453,https://api.github.com/repos/appium/appium/issues/19453,closed,2023-11-25,2023-11-25,2023-11-25,b837f8ce14bd48edb6af62bca718a708d2b65f09
renovate[bot],https://api.github.com/repos/appium/appium/pulls/19452,https://api.github.com/repos/appium/appium/issues/19452,closed,2023-11-24,2023-11-24,2023-11-24,d4c314a44a4b0b6fbdd52ff480ebb7166048f49d
renovate[bot],https://api.github.com/repos/appium/appium/pulls/19451,https://api.github.com/repos/appium/appium/issues/19451,closed,2023-11-24,2023-11-24,2023-11-24,e50b53fbea4aa3709adc3df4baf4945124d6a217
renovate[bot],https://api.github.com/repos/appium/appium/pulls/19450,https://api.github.com/repos/appium/appium/issues/19450,closed,2023-11-24,2023-11-24,2023-11-24,c23ac9849106097eeeacf29f027547d25fa12707
renovate[bot],https://api.github.com/repos/appium/appium/pulls/19449,https://api.github.com/repos/appium/appium/issues/19449,closed,2023-11-23,2023-11-23,2023-11-23,738993928013c327bfd31604850d6978f39fb767
renovate[bot],https://api.github.com/repos/appium/appium/pulls/19448,https://api.github.com/repos/appium/appium/issues/19448,closed,2023-11-23,2023-11-23,2023-11-23,2f2d0c5f9bb9b1fef88ec57a0059684075cfbbbf
renovate[bot],https://api.github.com/repos/appium/appium/pulls/19446,https://api.github.com/repos/appium/appium/issues/19446,closed,2023-11-23,2023-11-23,2023-11-23,de3677f5da8f547a531d9b49c03f56251d5bf997
renovate[bot],https://api.github.com/repos/appium/appium/pulls/19444,https://api.github.com/repos/appium/appium/issues/19444,closed,2023-11-22,2023-11-22,2023-11-22,c637b052f45e0ae7ce68d29b9739718549302756
renovate[bot],https://api.github.com/repos/appium/appium/pulls/19443,https://api.github.com/repos/appium/appium/issues/19443,closed,2023-11-22,2023-11-22,2023-11-22,6b055d7197950bca0bb3df33a9a17c0fb29f2590
renovate[bot],https://api.github.com/repos/appium/appium/pulls/19441,https://api.github.com/repos/appium/appium/issues/19441,closed,2023-11-21,2023-11-21,2023-11-21,2c02be440c21db0bf8a3832143e61ef8fb30a2cf
renovate[bot],https://api.github.com/repos/appium/appium/pulls/19439,https://api.github.com/repos/appium/appium/issues/19439,closed,2023-11-21,2023-11-21,2023-11-21,1c4c5428c8f4d0312af3814f5986e7f43a099106
renovate[bot],https://api.github.com/repos/appium/appium/pulls/19437,https://api.github.com/repos/appium/appium/issues/19437,closed,2023-11-20,2023-11-20,2023-11-20,610be26cbb177f4f3b43a9f94166fd832b56476e
renovate[bot],https://api.github.com/repos/appium/appium/pulls/19436,https://api.github.com/repos/appium/appium/issues/19436,closed,2023-11-20,2023-11-20,2023-11-20,b2615aa43e24f2ade22f970cb273da53ac2c9999
renovate[bot],https://api.github.com/repos/appium/appium/pulls/19435,https://api.github.com/repos/appium/appium/issues/19435,closed,2023-11-19,2023-11-19,2023-11-19,f461806fd74e972ee58ef861003e67710ebd71ff
renovate[bot],https://api.github.com/repos/appium/appium/pulls/19433,https://api.github.com/repos/appium/appium/issues/19433,closed,2023-11-19,2023-11-19,2023-11-19,a601b88df9633451860007ded9cd4d98079297db
renovate[bot],https://api.github.com/repos/appium/appium/pulls/19431,https://api.github.com/repos/appium/appium/issues/19431,closed,2023-11-18,2023-11-18,2023-11-18,0efcd2e79bf0173322719ce71b7836cd87d364c3
renovate[bot],https://api.github.com/repos/appium/appium/pulls/19430,https://api.github.com/repos/appium/appium/issues/19430,closed,2023-11-18,2023-11-18,2023-11-18,6cedd485d7007455151c6efc03dd6172d4a31259
renovate[bot],https://api.github.com/repos/appium/appium/pulls/19428,https://api.github.com/repos/appium/appium/issues/19428,closed,2023-11-17,2023-11-17,2023-11-17,9b103086f8afc3b80fe5a9fc8a294268a011ea7a
renovate[bot],https://api.github.com/repos/appium/appium/pulls/19427,https://api.github.com/repos/appium/appium/issues/19427,closed,2023-11-17,2023-11-17,2023-11-17,c1291116989159eb7e08d303354bc00262a9e784
renovate[bot],https://api.github.com/repos/appium/appium/pulls/19426,https://api.github.com/repos/appium/appium/issues/19426,closed,2023-11-17,2023-11-17,2023-11-17,3038c0b5caa34e781044d7100404dd3c8abef09c
renovate[bot],https://api.github.com/repos/appium/appium/pulls/19425,https://api.github.com/repos/appium/appium/issues/19425,closed,2023-11-16,2023-11-16,2023-11-16,e48b0b579cb9a532862ace4903677b9a970b6536
renovate[bot],https://api.github.com/repos/appium/appium/pulls/19424,https://api.github.com/repos/appium/appium/issues/19424,closed,2023-11-16,2023-11-16,2023-11-16,152dc668e0b2c2677831607ae0c810c22e72366e
renovate[bot],https://api.github.com/repos/appium/appium/pulls/19422,https://api.github.com/repos/appium/appium/issues/19422,closed,2023-11-15,2023-11-15,2023-11-15,4df1712d9b0c3155e95e38a1aa552f036d37dcfe
renovate[bot],https://api.github.com/repos/appium/appium/pulls/19419,https://api.github.com/repos/appium/appium/issues/19419,closed,2023-11-15,2023-11-15,2023-11-15,fda40e60410e97d5ba5093442aad0b2d63d3d539
eglitise,https://api.github.com/repos/appium/appium/pulls/19416,https://api.github.com/repos/appium/appium/issues/19416,closed,2023-11-14,2023-11-14,2023-11-14,d73cfa75d406b4882c8f9a68cef220e24afedd83
renovate[bot],https://api.github.com/repos/appium/appium/pulls/19410,https://api.github.com/repos/appium/appium/issues/19410,closed,2023-11-12,2023-11-14,2023-11-14,954fc94d388c1c8d705b048a4fbe582c97246679
renovate[bot],https://api.github.com/repos/appium/appium/pulls/19408,https://api.github.com/repos/appium/appium/issues/19408,closed,2023-11-11,2023-11-11,2023-11-11,0419de743b29f4df2189e4f35f0a33a3a88ab57c
renovate[bot],https://api.github.com/repos/appium/appium/pulls/19407,https://api.github.com/repos/appium/appium/issues/19407,closed,2023-11-11,2023-11-11,2023-11-11,009aa60364fde07e98ad65fe4a7a12416f80fa5b
Dor-bl,https://api.github.com/repos/appium/appium/pulls/19406,https://api.github.com/repos/appium/appium/issues/19406,closed,2023-11-10,2023-11-11,2023-11-11,aa5ae9a8cad0aae33bbe9b114db3f1e93dbe8bc8
jlipps,https://api.github.com/repos/appium/appium/pulls/19404,https://api.github.com/repos/appium/appium/issues/19404,closed,2023-11-10,2023-12-21,2023-12-21,ac9b2bd4fc65f6e2fa988b802e253767f65bd9d5
jlipps,https://api.github.com/repos/appium/appium/pulls/19403,https://api.github.com/repos/appium/appium/issues/19403,closed,2023-11-10,2023-11-10,2023-11-10,b53c0b96742cbe1140da62cac6c8c223da6ff665
renovate[bot],https://api.github.com/repos/appium/appium/pulls/19401,https://api.github.com/repos/appium/appium/issues/19401,closed,2023-11-10,2023-11-10,2023-11-10,84d96dbae45dfe56218d32330f8ff2d26b750fb7
renovate[bot],https://api.github.com/repos/appium/appium/pulls/19400,https://api.github.com/repos/appium/appium/issues/19400,closed,2023-11-10,2023-11-10,2023-11-10,261cfc8694f9eeab774712e67bbf46e72615efa7
renovate[bot],https://api.github.com/repos/appium/appium/pulls/19398,https://api.github.com/repos/appium/appium/issues/19398,closed,2023-11-10,2023-11-10,2023-11-10,9b14205288ef09fd4a1144fc93c82b2bb2ed2ec0
renovate[bot],https://api.github.com/repos/appium/appium/pulls/19393,https://api.github.com/repos/appium/appium/issues/19393,closed,2023-11-09,2023-11-09,2023-11-09,5ae8df3c36c7f03fbf3420087b532086f6742348
renovate[bot],https://api.github.com/repos/appium/appium/pulls/19392,https://api.github.com/repos/appium/appium/issues/19392,closed,2023-11-09,2023-11-09,2023-11-09,c2f543fc1009067141bc6cf50a2d0e47f1a455b2
mykola-mokhnach,https://api.github.com/repos/appium/appium/pulls/19388,https://api.github.com/repos/appium/appium/issues/19388,closed,2023-11-09,2023-11-14,2023-11-10,7124eb6075be0fabd83e9023a47b5a8f4c181a52
renovate[bot],https://api.github.com/repos/appium/appium/pulls/19387,https://api.github.com/repos/appium/appium/issues/19387,closed,2023-11-09,2023-11-09,2023-11-09,06797350a944cf8b3b2ba499fd6ff98317509b9d
KazuCocoa,https://api.github.com/repos/appium/appium/pulls/19379,https://api.github.com/repos/appium/appium/issues/19379,closed,2023-11-06,2023-11-07,2023-11-07,b83bd04265b11c4763d70535fc4d9af4efd522c2
renovate[bot],https://api.github.com/repos/appium/appium/pulls/19377,https://api.github.com/repos/appium/appium/issues/19377,closed,2023-11-05,2023-12-07,,1c159903fb5e9a1388b73e04610d15cb6ccba9e7
renovate[bot],https://api.github.com/repos/appium/appium/pulls/19376,https://api.github.com/repos/appium/appium/issues/19376,closed,2023-11-05,2023-12-06,,b2285bff55b1a1e640dc9ade95f9d4b22f17d7a4
renovate[bot],https://api.github.com/repos/appium/appium/pulls/19375,https://api.github.com/repos/appium/appium/issues/19375,closed,2023-11-04,2023-11-09,2023-11-09,7e888d45aaf1e0b1b3d925bdae3dfc5c9ac1ac78
renovate[bot],https://api.github.com/repos/appium/appium/pulls/19374,https://api.github.com/repos/appium/appium/issues/19374,closed,2023-11-04,2023-11-04,2023-11-04,fbb6fd9a2780eb00c15584abeaf644a1fcdecb4d
renovate[bot],https://api.github.com/repos/appium/appium/pulls/19373,https://api.github.com/repos/appium/appium/issues/19373,closed,2023-11-04,2023-12-05,2023-12-05,39ebb344086deb2e1ffd0007488de16945fe1add
renovate[bot],https://api.github.com/repos/appium/appium/pulls/19372,https://api.github.com/repos/appium/appium/issues/19372,closed,2023-11-04,2023-11-04,2023-11-04,ed6c7bd2c05452715c98a065e24045f9a1603a78
mahomedalid,https://api.github.com/repos/appium/appium/pulls/19371,https://api.github.com/repos/appium/appium/issues/19371,closed,2023-11-03,2023-11-06,2023-11-06,1ae85d6e1492bc4da826cddd6804865c8a3931bd
renovate[bot],https://api.github.com/repos/appium/appium/pulls/19369,https://api.github.com/repos/appium/appium/issues/19369,closed,2023-11-03,2023-11-03,2023-11-03,699c49306c38e222d618a9611482b06a3e6806aa
renovate[bot],https://api.github.com/repos/appium/appium/pulls/19368,https://api.github.com/repos/appium/appium/issues/19368,closed,2023-11-03,2023-11-03,2023-11-03,d44a136e55f8f2c6070ad1f3e3e010ebd5522a84
renovate[bot],https://api.github.com/repos/appium/appium/pulls/19367,https://api.github.com/repos/appium/appium/issues/19367,closed,2023-11-03,2023-11-03,2023-11-03,8e453bed3f440c1dcf82f016f7d4431365b9cdff
renovate[bot],https://api.github.com/repos/appium/appium/pulls/19366,https://api.github.com/repos/appium/appium/issues/19366,closed,2023-11-03,2023-11-03,2023-11-03,a215a89f684c50da24d669d60a73fb6268b05c7f
mykola-mokhnach,https://api.github.com/repos/appium/appium/pulls/19364,https://api.github.com/repos/appium/appium/issues/19364,closed,2023-11-02,2023-11-02,2023-11-02,98ffc60cd13b7572845630b6782a0ee57ce4603d
renovate[bot],https://api.github.com/repos/appium/appium/pulls/19362,https://api.github.com/repos/appium/appium/issues/19362,closed,2023-11-02,2023-11-02,2023-11-02,b82f13b893c44bcaf9908a9ebe96d3bb51c1f6b3
renovate[bot],https://api.github.com/repos/appium/appium/pulls/19361,https://api.github.com/repos/appium/appium/issues/19361,closed,2023-11-02,2023-11-02,2023-11-02,398c9779eb55ed98774645e5d159f4b5c1f20a48
renovate[bot],https://api.github.com/repos/appium/appium/pulls/19360,https://api.github.com/repos/appium/appium/issues/19360,closed,2023-11-02,2023-11-02,2023-11-02,2b28b54ab9406f69eaa58ba85016bcd2ebcba981
renovate[bot],https://api.github.com/repos/appium/appium/pulls/19359,https://api.github.com/repos/appium/appium/issues/19359,closed,2023-11-02,2023-11-02,2023-11-02,67198eae83f87da950d80572c460258c08daab2f
mykola-mokhnach,https://api.github.com/repos/appium/appium/pulls/19357,https://api.github.com/repos/appium/appium/issues/19357,closed,2023-11-01,2023-11-01,2023-11-01,e70dc4dfb646662a3e2235f80051309b0d99ab2b
renovate[bot],https://api.github.com/repos/appium/appium/pulls/19347,https://api.github.com/repos/appium/appium/issues/19347,closed,2023-10-25,2023-11-01,2023-11-01,1e99f814160a859caf4e22ccadd08b244d28f131
renovate[bot],https://api.github.com/repos/appium/appium/pulls/19346,https://api.github.com/repos/appium/appium/issues/19346,closed,2023-10-25,2023-10-25,2023-10-25,196117bab6dd8262620ee0f2fd9a44c01482151c
renovate[bot],https://api.github.com/repos/appium/appium/pulls/19345,https://api.github.com/repos/appium/appium/issues/19345,closed,2023-10-25,2023-10-25,2023-10-25,3b5ae2ab17c74c9890b53c081aec146152f11c7a
renovate[bot],https://api.github.com/repos/appium/appium/pulls/19344,https://api.github.com/repos/appium/appium/issues/19344,closed,2023-10-25,2023-11-01,,92fd564a06d00ff35a74fce4336cd3e5a732faf2
eglitise,https://api.github.com/repos/appium/appium/pulls/19342,https://api.github.com/repos/appium/appium/issues/19342,closed,2023-10-24,2023-11-01,2023-11-01,dd9348af179a6e7a9e2b7e17b2305dbb4fd3adc3
renovate[bot],https://api.github.com/repos/appium/appium/pulls/19340,https://api.github.com/repos/appium/appium/issues/19340,closed,2023-10-24,2023-10-24,2023-10-24,ee1df47b172009717b81cce7b3465219791b1f97
renovate[bot],https://api.github.com/repos/appium/appium/pulls/19339,https://api.github.com/repos/appium/appium/issues/19339,closed,2023-10-24,2023-10-24,2023-10-24,c7c860bb07f8bd77ffdb15d0ead9aace029b04e6
renovate[bot],https://api.github.com/repos/appium/appium/pulls/19336,https://api.github.com/repos/appium/appium/issues/19336,closed,2023-10-23,2023-10-23,2023-10-23,db980242031679ca95eab91683a195eb7cdbf2ec
renovate[bot],https://api.github.com/repos/appium/appium/pulls/19335,https://api.github.com/repos/appium/appium/issues/19335,closed,2023-10-23,2023-10-23,2023-10-23,3205b5d06f073f1e5c7735c6e36ad08fdf091182
mykola-mokhnach,https://api.github.com/repos/appium/appium/pulls/19334,https://api.github.com/repos/appium/appium/issues/19334,closed,2023-10-22,2023-10-23,2023-10-23,63a0b05e1b99d8879ac928ca91111d3c62745133
renovate[bot],https://api.github.com/repos/appium/appium/pulls/19333,https://api.github.com/repos/appium/appium/issues/19333,closed,2023-10-22,2023-10-22,2023-10-22,08af8913fdedad58891e2f233bea861a87445dd6
renovate[bot],https://api.github.com/repos/appium/appium/pulls/19332,https://api.github.com/repos/appium/appium/issues/19332,closed,2023-10-22,2023-10-22,2023-10-22,332bb59ee3fdd14c03f6b3c4fd6587a30319d568
renovate[bot],https://api.github.com/repos/appium/appium/pulls/19330,https://api.github.com/repos/appium/appium/issues/19330,closed,2023-10-21,2023-10-21,2023-10-21,fa571925b7ac980cc99c8d23f659420eacd8546c
renovate[bot],https://api.github.com/repos/appium/appium/pulls/19329,https://api.github.com/repos/appium/appium/issues/19329,closed,2023-10-21,2023-10-21,2023-10-21,77307f272294696601cb0021030b7a258b34b56f
renovate[bot],https://api.github.com/repos/appium/appium/pulls/19327,https://api.github.com/repos/appium/appium/issues/19327,closed,2023-10-20,2023-10-20,2023-10-20,1fbd503a66b965a9b32bbb6702062861a8480333
renovate[bot],https://api.github.com/repos/appium/appium/pulls/19326,https://api.github.com/repos/appium/appium/issues/19326,closed,2023-10-20,2023-11-01,2023-11-01,98403151f86665d723bf887e907825bbc4cc2d3d
renovate[bot],https://api.github.com/repos/appium/appium/pulls/19325,https://api.github.com/repos/appium/appium/issues/19325,closed,2023-10-20,2023-10-20,2023-10-20,128b0ae86762181ea1bdc406e1df0f2c0d4cac49
mykola-mokhnach,https://api.github.com/repos/appium/appium/pulls/19323,https://api.github.com/repos/appium/appium/issues/19323,closed,2023-10-19,2023-10-19,2023-10-19,de39013ae501d4fc11988435737efb862cc1d820
renovate[bot],https://api.github.com/repos/appium/appium/pulls/19322,https://api.github.com/repos/appium/appium/issues/19322,closed,2023-10-19,2023-10-19,2023-10-19,aad29576247a40da6e2a345f2927b46fa2062712
renovate[bot],https://api.github.com/repos/appium/appium/pulls/19321,https://api.github.com/repos/appium/appium/issues/19321,closed,2023-10-19,2023-10-19,2023-10-19,408885a5b28f8691dbbb3716f3c1a409d662275b
renovate[bot],https://api.github.com/repos/appium/appium/pulls/19320,https://api.github.com/repos/appium/appium/issues/19320,closed,2023-10-19,2023-11-03,2023-11-03,b59acac0e848916405e709d44a44a0e6c5f7e8f9
renovate[bot],https://api.github.com/repos/appium/appium/pulls/19319,https://api.github.com/repos/appium/appium/issues/19319,closed,2023-10-19,2023-10-19,2023-10-19,aaa7668ae6d58f1ac6a5af957b9b214ee71c6a48
renovate[bot],https://api.github.com/repos/appium/appium/pulls/19318,https://api.github.com/repos/appium/appium/issues/19318,closed,2023-10-19,2023-10-20,2023-10-20,3d0b97cae76c616da0aea5b92cebcd38d59263b7
renovate[bot],https://api.github.com/repos/appium/appium/pulls/19315,https://api.github.com/repos/appium/appium/issues/19315,closed,2023-10-18,2023-10-18,2023-10-18,ef3165f572a53c9554f4772f8f2cf7a09af97c63
renovate[bot],https://api.github.com/repos/appium/appium/pulls/19314,https://api.github.com/repos/appium/appium/issues/19314,closed,2023-10-18,2023-10-18,2023-10-18,a306ce741a806d21bc44f3b979803b8af5da99aa
renovate[bot],https://api.github.com/repos/appium/appium/pulls/19308,https://api.github.com/repos/appium/appium/issues/19308,closed,2023-10-17,2023-10-17,2023-10-17,33156712b142b1cb2ffdcf1cfdf65f5b504e7751
renovate[bot],https://api.github.com/repos/appium/appium/pulls/19307,https://api.github.com/repos/appium/appium/issues/19307,closed,2023-10-17,2023-10-17,2023-10-17,0d8ea1bbbb1e89e25ed6804dfc6cc97e668e078a
renovate[bot],https://api.github.com/repos/appium/appium/pulls/19306,https://api.github.com/repos/appium/appium/issues/19306,closed,2023-10-17,2023-10-17,2023-10-17,1a12f54fd89654c887ce3811ff65d7e4aaa2f3e4
mykola-mokhnach,https://api.github.com/repos/appium/appium/pulls/19305,https://api.github.com/repos/appium/appium/issues/19305,closed,2023-10-16,2023-10-17,2023-10-17,98f21f1ebcbc96915094674f42be17f659a16d47
renovate[bot],https://api.github.com/repos/appium/appium/pulls/19303,https://api.github.com/repos/appium/appium/issues/19303,closed,2023-10-15,2023-10-17,2023-10-17,a3fbbda5fb285f416a735b097ba81a11dfbef43c
renovate[bot],https://api.github.com/repos/appium/appium/pulls/19302,https://api.github.com/repos/appium/appium/issues/19302,closed,2023-10-15,2023-10-15,2023-10-15,932da4544e0820e6324c34eabef5c6180ddc3778
renovate[bot],https://api.github.com/repos/appium/appium/pulls/19300,https://api.github.com/repos/appium/appium/issues/19300,closed,2023-10-14,2023-10-14,2023-10-14,caf600bffd5f25971d0270e9990b2640a671e366
renovate[bot],https://api.github.com/repos/appium/appium/pulls/19299,https://api.github.com/repos/appium/appium/issues/19299,closed,2023-10-14,2023-10-14,2023-10-14,d884f086b3abb6cb1370b378c1a53a53174ba4c1
renovate[bot],https://api.github.com/repos/appium/appium/pulls/19298,https://api.github.com/repos/appium/appium/issues/19298,closed,2023-10-14,2023-10-14,2023-10-14,ca3e5d90e4c51fc1dda32154e1d77e65cb44fb54
renovate[bot],https://api.github.com/repos/appium/appium/pulls/19291,https://api.github.com/repos/appium/appium/issues/19291,closed,2023-10-13,2023-10-24,2023-10-24,1f79433059749f91f6e212745863e577f7456d73
renovate[bot],https://api.github.com/repos/appium/appium/pulls/19290,https://api.github.com/repos/appium/appium/issues/19290,closed,2023-10-13,2023-10-13,2023-10-13,6afaa0f9bcaee0e9509482bd66fb80b62f6a42cc
renovate[bot],https://api.github.com/repos/appium/appium/pulls/19286,https://api.github.com/repos/appium/appium/issues/19286,closed,2023-10-12,2023-10-12,2023-10-12,6e21ea79d401fa9ffcc0e71590112e7242b204ab
renovate[bot],https://api.github.com/repos/appium/appium/pulls/19284,https://api.github.com/repos/appium/appium/issues/19284,closed,2023-10-11,2023-10-11,2023-10-11,96b0a44629c451102c44541a8d5b9e7be972f1ea
renovate[bot],https://api.github.com/repos/appium/appium/pulls/19280,https://api.github.com/repos/appium/appium/issues/19280,closed,2023-10-11,2023-10-11,2023-10-11,eebc651f31c282baa7e77a6384d3ee8efc0072d6
renovate[bot],https://api.github.com/repos/appium/appium/pulls/19279,https://api.github.com/repos/appium/appium/issues/19279,closed,2023-10-11,2023-10-11,2023-10-11,4a9aedd32dcea6af59feebb8ca06865198d07cb2
renovate[bot],https://api.github.com/repos/appium/appium/pulls/19277,https://api.github.com/repos/appium/appium/issues/19277,closed,2023-10-10,2023-10-10,2023-10-10,f52a23c6866b7352e1eb53ed6e737d22c81ccc34
renovate[bot],https://api.github.com/repos/appium/appium/pulls/19276,https://api.github.com/repos/appium/appium/issues/19276,closed,2023-10-10,2023-10-10,2023-10-10,2b59c135d76b7b90b11d93303dddf7d1b32bb93f
renovate[bot],https://api.github.com/repos/appium/appium/pulls/19275,https://api.github.com/repos/appium/appium/issues/19275,closed,2023-10-10,2023-10-10,2023-10-10,d2a9a99418af9ce9b569bb9b98ee396faab932bb
renovate[bot],https://api.github.com/repos/appium/appium/pulls/19274,https://api.github.com/repos/appium/appium/issues/19274,closed,2023-10-10,2023-10-10,2023-10-10,73746879ef91f5681c9fd52e0a547c903ddff2fe
renovate[bot],https://api.github.com/repos/appium/appium/pulls/19270,https://api.github.com/repos/appium/appium/issues/19270,closed,2023-10-09,2023-10-09,2023-10-09,0220a9f8e9a890f84031cfeaea026fceb0a303e9
renovate[bot],https://api.github.com/repos/appium/appium/pulls/19265,https://api.github.com/repos/appium/appium/issues/19265,closed,2023-10-08,2023-10-08,2023-10-08,f697cda9af2b61344b55b5af0f2bfc1fd034334b
renovate[bot],https://api.github.com/repos/appium/appium/pulls/19264,https://api.github.com/repos/appium/appium/issues/19264,closed,2023-10-07,2023-10-07,2023-10-07,20a10b329787e691455169e5e93b590299f630db
renovate[bot],https://api.github.com/repos/appium/appium/pulls/19263,https://api.github.com/repos/appium/appium/issues/19263,closed,2023-10-07,2023-10-07,2023-10-07,ea731bf117d680496fce453ac42cfee7f05ada60
renovate[bot],https://api.github.com/repos/appium/appium/pulls/19261,https://api.github.com/repos/appium/appium/issues/19261,closed,2023-10-07,2023-10-07,2023-10-07,8c7225d4e94a0042ebf56ca9d758205c2f1a4083
renovate[bot],https://api.github.com/repos/appium/appium/pulls/19260,https://api.github.com/repos/appium/appium/issues/19260,closed,2023-10-07,2023-10-07,2023-10-07,fa332502c51e7fd8c22859368bbeebe52348ab4d
renovate[bot],https://api.github.com/repos/appium/appium/pulls/19259,https://api.github.com/repos/appium/appium/issues/19259,closed,2023-10-06,2023-10-06,2023-10-06,e2a670e1c4a0f061b0bfb08a6b534d9deb7bdd9c
renovate[bot],https://api.github.com/repos/appium/appium/pulls/19257,https://api.github.com/repos/appium/appium/issues/19257,closed,2023-10-06,2023-10-06,2023-10-06,126daeca4e600b75cf37f9fc15a1b6e563058b3c
renovate[bot],https://api.github.com/repos/appium/appium/pulls/19256,https://api.github.com/repos/appium/appium/issues/19256,closed,2023-10-06,2023-10-06,2023-10-06,51c3ebeabab65219e4096e98dd3c53cc7600c4d7
renovate[bot],https://api.github.com/repos/appium/appium/pulls/19253,https://api.github.com/repos/appium/appium/issues/19253,closed,2023-10-05,2023-10-05,2023-10-05,1a34396339f71d40353d323feaf78afcf2269fc9
renovate[bot],https://api.github.com/repos/appium/appium/pulls/19247,https://api.github.com/repos/appium/appium/issues/19247,closed,2023-10-04,2023-10-04,2023-10-04,11926d4d39c521b88502f3fab770d8917f3f9144
renovate[bot],https://api.github.com/repos/appium/appium/pulls/19243,https://api.github.com/repos/appium/appium/issues/19243,closed,2023-10-03,2023-10-03,2023-10-03,c013d78572a0cc5fa4013397abedc07285bed605
renovate[bot],https://api.github.com/repos/appium/appium/pulls/19242,https://api.github.com/repos/appium/appium/issues/19242,closed,2023-10-03,2023-10-03,2023-10-03,2837bcdeb19532fe973a2902db5c8d730252d962
renovate[bot],https://api.github.com/repos/appium/appium/pulls/19240,https://api.github.com/repos/appium/appium/issues/19240,closed,2023-10-03,2023-10-03,2023-10-03,45a9c52ece58dde1bb2654510f4c1833406f671c
renovate[bot],https://api.github.com/repos/appium/appium/pulls/19239,https://api.github.com/repos/appium/appium/issues/19239,closed,2023-10-03,2023-10-03,2023-10-03,64ff478786f4511831b07a1c4198e983132d98d4
renovate[bot],https://api.github.com/repos/appium/appium/pulls/19237,https://api.github.com/repos/appium/appium/issues/19237,closed,2023-10-02,2023-10-02,2023-10-02,a7a4a291006bb49d30262fba4830572bfb9a0048
renovate[bot],https://api.github.com/repos/appium/appium/pulls/19236,https://api.github.com/repos/appium/appium/issues/19236,closed,2023-10-02,2023-10-02,2023-10-02,5d172a58bd40a66f605ab3eaaf55d54dd895fb22
renovate[bot],https://api.github.com/repos/appium/appium/pulls/19235,https://api.github.com/repos/appium/appium/issues/19235,closed,2023-10-01,2023-10-01,2023-10-01,a32dc1110125d0f1fac9c66c17f1309145a634c7
renovate[bot],https://api.github.com/repos/appium/appium/pulls/19233,https://api.github.com/repos/appium/appium/issues/19233,closed,2023-09-30,2023-10-01,2023-10-01,009bbee47aceb9a2b97981376e88ce028a489bc0
renovate[bot],https://api.github.com/repos/appium/appium/pulls/19232,https://api.github.com/repos/appium/appium/issues/19232,closed,2023-09-30,2023-09-30,2023-09-30,f3614adbde76c4ab98fd1dbfa9207fdfe84c7377
renovate[bot],https://api.github.com/repos/appium/appium/pulls/19230,https://api.github.com/repos/appium/appium/issues/19230,closed,2023-09-30,2023-09-30,2023-09-30,49c2f31885cd39a620789d5b23e0d1952e7343cc
renovate[bot],https://api.github.com/repos/appium/appium/pulls/19229,https://api.github.com/repos/appium/appium/issues/19229,closed,2023-09-30,2023-09-30,2023-09-30,1c808e92614e6b8dad09664b3004450ab4c78f5b
renovate[bot],https://api.github.com/repos/appium/appium/pulls/19227,https://api.github.com/repos/appium/appium/issues/19227,closed,2023-09-28,2023-09-28,2023-09-28,2d7eed7d8183124cd4ba2fa4cda78b575e38b4b4
renovate[bot],https://api.github.com/repos/appium/appium/pulls/19226,https://api.github.com/repos/appium/appium/issues/19226,closed,2023-09-28,2023-09-28,2023-09-28,6d894bef6f377ebfdffdeb1adde7a72624844414
renovate[bot],https://api.github.com/repos/appium/appium/pulls/19222,https://api.github.com/repos/appium/appium/issues/19222,closed,2023-09-28,2023-09-28,2023-09-28,7a06ec5041e0ca4f6bf1ed9c771cb722dd707dc4
renovate[bot],https://api.github.com/repos/appium/appium/pulls/19221,https://api.github.com/repos/appium/appium/issues/19221,closed,2023-09-28,2023-09-28,2023-09-28,5e095893ee8f65cb8744d2cd6c6abd70f402fa55
michael-siek,https://api.github.com/repos/appium/appium/pulls/19219,https://api.github.com/repos/appium/appium/issues/19219,closed,2023-09-28,2023-09-28,2023-09-28,7445db2279fe619142fa0cf6d120fe73a7241c8e
renovate[bot],https://api.github.com/repos/appium/appium/pulls/19218,https://api.github.com/repos/appium/appium/issues/19218,closed,2023-09-27,2023-09-27,2023-09-27,c28fcefa725fbce5a0464e57946051e3cb023d85
renovate[bot],https://api.github.com/repos/appium/appium/pulls/19217,https://api.github.com/repos/appium/appium/issues/19217,closed,2023-09-27,2023-09-27,2023-09-27,3df047d128d5d032826c8f5fb605b019078b717d
renovate[bot],https://api.github.com/repos/appium/appium/pulls/19216,https://api.github.com/repos/appium/appium/issues/19216,closed,2023-09-27,2023-09-27,2023-09-27,c6af787011ffab1fa67688d74e253a13002e89b3
renovate[bot],https://api.github.com/repos/appium/appium/pulls/19215,https://api.github.com/repos/appium/appium/issues/19215,closed,2023-09-27,2023-09-27,2023-09-27,c0b6a5afe300aa90e2a93627f3dffc744fb4ec8a
mykola-mokhnach,https://api.github.com/repos/appium/appium/pulls/19212,https://api.github.com/repos/appium/appium/issues/19212,closed,2023-09-26,2023-09-27,2023-09-27,805f69de354ebf0b1e8ffeb64c85833b5d533b4c
renovate[bot],https://api.github.com/repos/appium/appium/pulls/19208,https://api.github.com/repos/appium/appium/issues/19208,closed,2023-09-26,2023-09-26,2023-09-26,3b44c7d8f5b89f9357dfe6bb56b54799bbe0a921
renovate[bot],https://api.github.com/repos/appium/appium/pulls/19207,https://api.github.com/repos/appium/appium/issues/19207,closed,2023-09-26,2023-09-26,2023-09-26,2281e1102826e4c03eb98f6d8b5b0630bd7ed795
renovate[bot],https://api.github.com/repos/appium/appium/pulls/19205,https://api.github.com/repos/appium/appium/issues/19205,closed,2023-09-26,2023-09-26,2023-09-26,5770cc0d3eb2a653756dacc821ea0ddd49c92602
renovate[bot],https://api.github.com/repos/appium/appium/pulls/19204,https://api.github.com/repos/appium/appium/issues/19204,closed,2023-09-26,2023-09-26,2023-09-26,5ad76bdb2b2539aec5b4cc12b1f9b4dd9b16bc64
renovate[bot],https://api.github.com/repos/appium/appium/pulls/19201,https://api.github.com/repos/appium/appium/issues/19201,closed,2023-09-25,2023-09-25,2023-09-25,15a128d4dd3638788094ac9bf95e4aa6b1bd6503
renovate[bot],https://api.github.com/repos/appium/appium/pulls/19200,https://api.github.com/repos/appium/appium/issues/19200,closed,2023-09-25,2023-09-25,2023-09-25,7cdb1429a1104ad3699547f2a2dd9b237135891a
renovate[bot],https://api.github.com/repos/appium/appium/pulls/19199,https://api.github.com/repos/appium/appium/issues/19199,closed,2023-09-25,2023-09-25,2023-09-25,52fb78411be1a471c512d05390d63ff84f7cd845
renovate[bot],https://api.github.com/repos/appium/appium/pulls/19198,https://api.github.com/repos/appium/appium/issues/19198,closed,2023-09-24,2023-09-24,2023-09-24,05faca8045928799f48fc1d6bc53dc6992c5df33
renovate[bot],https://api.github.com/repos/appium/appium/pulls/19197,https://api.github.com/repos/appium/appium/issues/19197,closed,2023-09-24,2023-09-24,2023-09-24,26a6c62512afb5c1b39854173fdc34be6d7665f1
renovate[bot],https://api.github.com/repos/appium/appium/pulls/19196,https://api.github.com/repos/appium/appium/issues/19196,closed,2023-09-24,2023-09-24,2023-09-24,a662b7d90e3b3a577b6f6b668983368fde35dace
renovate[bot],https://api.github.com/repos/appium/appium/pulls/19195,https://api.github.com/repos/appium/appium/issues/19195,closed,2023-09-24,2023-09-24,2023-09-24,03b2aa6b6e45fa0ea24c4691b039255bc4399733
renovate[bot],https://api.github.com/repos/appium/appium/pulls/19194,https://api.github.com/repos/appium/appium/issues/19194,closed,2023-09-23,2023-09-24,2023-09-24,595d460ac8dc41d310f9e4f653acbad3c7fd50b9
renovate[bot],https://api.github.com/repos/appium/appium/pulls/19193,https://api.github.com/repos/appium/appium/issues/19193,closed,2023-09-23,2023-09-23,2023-09-23,34603c8852b7ff21f35a5d4c81c904de4f9fff6d
renovate[bot],https://api.github.com/repos/appium/appium/pulls/19192,https://api.github.com/repos/appium/appium/issues/19192,closed,2023-09-23,2023-09-23,2023-09-23,57daa4114a69e7cb060cacc2ad5b81913e44c94a
renovate[bot],https://api.github.com/repos/appium/appium/pulls/19191,https://api.github.com/repos/appium/appium/issues/19191,closed,2023-09-23,2023-09-23,2023-09-23,2d3c1d797da2aa97bc2a4b54a7823af9933a7d77
renovate[bot],https://api.github.com/repos/appium/appium/pulls/19188,https://api.github.com/repos/appium/appium/issues/19188,closed,2023-09-22,2023-09-22,2023-09-22,78f33aee0909315511fe0b97d13f6fcfcc36c38c
renovate[bot],https://api.github.com/repos/appium/appium/pulls/19187,https://api.github.com/repos/appium/appium/issues/19187,closed,2023-09-22,2023-09-22,2023-09-22,34d978e8504ac5e7f3b302641272676c7e0949ef
renovate[bot],https://api.github.com/repos/appium/appium/pulls/19185,https://api.github.com/repos/appium/appium/issues/19185,closed,2023-09-21,2023-09-27,2023-09-27,d336b51578e449a110c002f9bc216e114c2dd5e0
renovate[bot],https://api.github.com/repos/appium/appium/pulls/19184,https://api.github.com/repos/appium/appium/issues/19184,closed,2023-09-21,2023-09-21,2023-09-21,8c9cce09c8aa483e8fca1e7fa6e07d7800195940
renovate[bot],https://api.github.com/repos/appium/appium/pulls/19183,https://api.github.com/repos/appium/appium/issues/19183,closed,2023-09-21,2023-09-21,2023-09-21,331171dd8c511aba15e1b5b24329b30224e3e6ac
renovate[bot],https://api.github.com/repos/appium/appium/pulls/19182,https://api.github.com/repos/appium/appium/issues/19182,closed,2023-09-21,2023-09-21,2023-09-21,19954c4b138193afc23d7adef11ff2b881f9114e
renovate[bot],https://api.github.com/repos/appium/appium/pulls/19180,https://api.github.com/repos/appium/appium/issues/19180,closed,2023-09-20,2023-09-20,2023-09-20,bc72c6676a5412b60e74bb143a223738ce059977
renovate[bot],https://api.github.com/repos/appium/appium/pulls/19179,https://api.github.com/repos/appium/appium/issues/19179,closed,2023-09-20,2023-09-20,2023-09-20,cef37d3ee3aba2d93773d159f58d895e5fd6c17e
chrissawer,https://api.github.com/repos/appium/appium/pulls/19177,https://api.github.com/repos/appium/appium/issues/19177,closed,2023-09-20,2023-09-20,2023-09-20,1d8d2b0e1affa6f6d5177d0a0b56997968d574d0
renovate[bot],https://api.github.com/repos/appium/appium/pulls/19176,https://api.github.com/repos/appium/appium/issues/19176,closed,2023-09-20,2023-09-20,2023-09-20,91e34d7153105939fe52684d24d7fa9de1e621e9
renovate[bot],https://api.github.com/repos/appium/appium/pulls/19175,https://api.github.com/repos/appium/appium/issues/19175,closed,2023-09-20,2023-09-20,2023-09-20,d3c7bfeb3aceb198cd20632d685a9d56ba825f15
renovate[bot],https://api.github.com/repos/appium/appium/pulls/19171,https://api.github.com/repos/appium/appium/issues/19171,closed,2023-09-19,2023-09-19,2023-09-19,23cba266f204495867d7190928be43bee97e0bd8
renovate[bot],https://api.github.com/repos/appium/appium/pulls/19170,https://api.github.com/repos/appium/appium/issues/19170,closed,2023-09-19,2023-09-19,2023-09-19,3f807e55855f2f65fd2f0e274fafc1d73acaf66b
renovate[bot],https://api.github.com/repos/appium/appium/pulls/19169,https://api.github.com/repos/appium/appium/issues/19169,closed,2023-09-19,2023-09-19,2023-09-19,5862a73fe5aa36d7c5d7b06860aefb6ddbd02523
renovate[bot],https://api.github.com/repos/appium/appium/pulls/19168,https://api.github.com/repos/appium/appium/issues/19168,closed,2023-09-19,2023-09-19,2023-09-19,8e5704625dadcb844a83268dbd61d3152d6123bd
renovate[bot],https://api.github.com/repos/appium/appium/pulls/19165,https://api.github.com/repos/appium/appium/issues/19165,closed,2023-09-16,2023-09-16,2023-09-16,1b0459edd656514d8706aab8e21cd4d40de2ec5d
renovate[bot],https://api.github.com/repos/appium/appium/pulls/19164,https://api.github.com/repos/appium/appium/issues/19164,closed,2023-09-16,2023-09-16,2023-09-16,b6a76ce91e2765c22f84e389b93f780e0b4490c0
renovate[bot],https://api.github.com/repos/appium/appium/pulls/19163,https://api.github.com/repos/appium/appium/issues/19163,closed,2023-09-16,2023-09-16,2023-09-16,48be0f83b05f465f9e422496dbac7e63767fa5f5
mykola-mokhnach,https://api.github.com/repos/appium/appium/pulls/19162,https://api.github.com/repos/appium/appium/issues/19162,closed,2023-09-15,2023-09-15,2023-09-15,de02ed87fc665ec9c6e563a634634307c3f21e44
renovate[bot],https://api.github.com/repos/appium/appium/pulls/19161,https://api.github.com/repos/appium/appium/issues/19161,closed,2023-09-15,2023-09-15,2023-09-15,49b3434c2bc324b5dc9f8204242c12f04b5252af
renovate[bot],https://api.github.com/repos/appium/appium/pulls/19160,https://api.github.com/repos/appium/appium/issues/19160,closed,2023-09-15,2023-09-15,2023-09-15,2ef40febdc717f54ea618ecfe1058b858fe2daf9
renovate[bot],https://api.github.com/repos/appium/appium/pulls/19159,https://api.github.com/repos/appium/appium/issues/19159,closed,2023-09-15,2023-09-15,2023-09-15,396f671f99301c25913094628a2e6ec699785624
renovate[bot],https://api.github.com/repos/appium/appium/pulls/19155,https://api.github.com/repos/appium/appium/issues/19155,closed,2023-09-14,2023-09-14,2023-09-14,c63a37b9056a44361914f089130e39990519d5b7
renovate[bot],https://api.github.com/repos/appium/appium/pulls/19154,https://api.github.com/repos/appium/appium/issues/19154,closed,2023-09-14,2023-09-14,2023-09-14,c81e99fd80739d97b3dc2099a43cc66245035bc5
renovate[bot],https://api.github.com/repos/appium/appium/pulls/19152,https://api.github.com/repos/appium/appium/issues/19152,closed,2023-09-14,2023-09-14,2023-09-14,3e7360021dba0f8e8967094476fe92646ba5e35b
renovate[bot],https://api.github.com/repos/appium/appium/pulls/19151,https://api.github.com/repos/appium/appium/issues/19151,closed,2023-09-14,2023-09-14,2023-09-14,4b09c323d9da65f0631d150e2a402c791ec36f3d
renovate[bot],https://api.github.com/repos/appium/appium/pulls/19147,https://api.github.com/repos/appium/appium/issues/19147,closed,2023-09-13,2023-09-13,2023-09-13,d2f19aab935cc6ec00a51f042b5f02674a772198
renovate[bot],https://api.github.com/repos/appium/appium/pulls/19145,https://api.github.com/repos/appium/appium/issues/19145,closed,2023-09-12,2023-09-12,2023-09-12,73aa01786d113a0a3c885c40f58ef9cef3c4e52b
renovate[bot],https://api.github.com/repos/appium/appium/pulls/19144,https://api.github.com/repos/appium/appium/issues/19144,closed,2023-09-12,2023-09-12,2023-09-12,809b2daea5304942c849b7015f0a74447fb7b57c
renovate[bot],https://api.github.com/repos/appium/appium/pulls/19143,https://api.github.com/repos/appium/appium/issues/19143,closed,2023-09-12,2023-09-12,2023-09-12,ff404a09b79bae82a3ee227b1409acb4fea3366d
renovate[bot],https://api.github.com/repos/appium/appium/pulls/19142,https://api.github.com/repos/appium/appium/issues/19142,closed,2023-09-12,2023-09-12,2023-09-12,5b063e44882e0633dcf7b94fbdd0523315c27ea2
renovate[bot],https://api.github.com/repos/appium/appium/pulls/19138,https://api.github.com/repos/appium/appium/issues/19138,closed,2023-09-11,2023-09-11,2023-09-11,ffeebc74b72e5eadf658325e67708ae6ed5b8346
renovate[bot],https://api.github.com/repos/appium/appium/pulls/19137,https://api.github.com/repos/appium/appium/issues/19137,closed,2023-09-10,2023-09-10,2023-09-10,a0c4b84fb7d3977b7a4ca0a07fadd49ee355791a
renovate[bot],https://api.github.com/repos/appium/appium/pulls/19136,https://api.github.com/repos/appium/appium/issues/19136,closed,2023-09-10,2023-09-11,2023-09-11,3fc87ac66995fbf484867b3842ac5d4da6b19b2a
renovate[bot],https://api.github.com/repos/appium/appium/pulls/19135,https://api.github.com/repos/appium/appium/issues/19135,closed,2023-09-10,2023-09-10,2023-09-10,7625218c221c45b6179fc1dcf2103045e4c22718
renovate[bot],https://api.github.com/repos/appium/appium/pulls/19134,https://api.github.com/repos/appium/appium/issues/19134,closed,2023-09-09,2023-09-09,2023-09-09,8de343d37d50cd23719db3d27c69950a058b2b9c
renovate[bot],https://api.github.com/repos/appium/appium/pulls/19133,https://api.github.com/repos/appium/appium/issues/19133,closed,2023-09-09,2023-09-09,2023-09-09,31408cc70ac8bb921f621f4a20dc3e8db8a8438c
renovate[bot],https://api.github.com/repos/appium/appium/pulls/19132,https://api.github.com/repos/appium/appium/issues/19132,closed,2023-09-09,2023-09-09,2023-09-09,49f16a0949a442048de48a7444716f5eab3a9123
renovate[bot],https://api.github.com/repos/appium/appium/pulls/19131,https://api.github.com/repos/appium/appium/issues/19131,closed,2023-09-09,2023-09-09,2023-09-09,ee4dea692889bec93f467eb4b5f77ccb48c9ebf4
renovate[bot],https://api.github.com/repos/appium/appium/pulls/19129,https://api.github.com/repos/appium/appium/issues/19129,closed,2023-09-08,2023-09-08,2023-09-08,862225c1d8473e175aa793bda943056359369338
renovate[bot],https://api.github.com/repos/appium/appium/pulls/19123,https://api.github.com/repos/appium/appium/issues/19123,closed,2023-09-07,2023-09-07,2023-09-07,c87596bb646f472c5c7d509c9ee2e9e1bf09b22e
renovate[bot],https://api.github.com/repos/appium/appium/pulls/19121,https://api.github.com/repos/appium/appium/issues/19121,closed,2023-09-06,2023-09-15,2023-09-15,8dcdab323a3a7e15f990ffe0981949abf7ba05de
renovate[bot],https://api.github.com/repos/appium/appium/pulls/19120,https://api.github.com/repos/appium/appium/issues/19120,closed,2023-09-06,2023-09-06,2023-09-06,84fefd214c40408cbbcd145723b5d8dbeec665af
renovate[bot],https://api.github.com/repos/appium/appium/pulls/19117,https://api.github.com/repos/appium/appium/issues/19117,closed,2023-09-05,2023-09-05,2023-09-05,5ec3199259f0061d6271be48b52f09f0c373a100
renovate[bot],https://api.github.com/repos/appium/appium/pulls/19116,https://api.github.com/repos/appium/appium/issues/19116,closed,2023-09-05,2023-09-05,2023-09-05,fea8f8537defd16053fba5623dace4f27a8aaa1f
renovate[bot],https://api.github.com/repos/appium/appium/pulls/19113,https://api.github.com/repos/appium/appium/issues/19113,closed,2023-09-05,2023-09-05,2023-09-05,4916bde8119d553768d4d798987af1b79a6b52f6
renovate[bot],https://api.github.com/repos/appium/appium/pulls/19112,https://api.github.com/repos/appium/appium/issues/19112,closed,2023-09-05,2023-09-05,2023-09-05,2714ed0b69be2aa12b2d7c62760de2eb3d367c7c
renovate[bot],https://api.github.com/repos/appium/appium/pulls/19111,https://api.github.com/repos/appium/appium/issues/19111,closed,2023-09-04,2023-09-04,2023-09-04,263bb43086c5e753cf4170953cb282f85d59b5a8
renovate[bot],https://api.github.com/repos/appium/appium/pulls/19110,https://api.github.com/repos/appium/appium/issues/19110,closed,2023-09-04,2023-09-04,2023-09-04,d1a493240973e41645a43a44f3cebe82d514b5b2
renovate[bot],https://api.github.com/repos/appium/appium/pulls/19108,https://api.github.com/repos/appium/appium/issues/19108,closed,2023-09-03,2023-09-03,2023-09-03,2d3c5cd0b721074e6f7bbadc958bb8d27e9254ac
renovate[bot],https://api.github.com/repos/appium/appium/pulls/19107,https://api.github.com/repos/appium/appium/issues/19107,closed,2023-09-03,2023-09-03,2023-09-03,a3033782317c775b7660ec9b92c99d6393ca499f
renovate[bot],https://api.github.com/repos/appium/appium/pulls/19106,https://api.github.com/repos/appium/appium/issues/19106,closed,2023-09-03,2023-09-03,2023-09-03,8d9ab889396692609afe33e89e2d303b03ac046d
mykola-mokhnach,https://api.github.com/repos/appium/appium/pulls/19105,https://api.github.com/repos/appium/appium/issues/19105,closed,2023-09-02,2023-12-03,2023-09-08,5926919177e3df675723c80d800f933fdbda5824
renovate[bot],https://api.github.com/repos/appium/appium/pulls/19104,https://api.github.com/repos/appium/appium/issues/19104,closed,2023-09-02,2023-12-05,2023-12-05,8bfa1b5a4d090b0102dbb914c9b72aea52d96788
renovate[bot],https://api.github.com/repos/appium/appium/pulls/19103,https://api.github.com/repos/appium/appium/issues/19103,closed,2023-09-02,2023-09-02,2023-09-02,207700bc829b8aa19bc46b0952e7b2f890ea8c90
renovate[bot],https://api.github.com/repos/appium/appium/pulls/19102,https://api.github.com/repos/appium/appium/issues/19102,closed,2023-09-02,2023-09-02,2023-09-02,4950772846ad3cdf242bc5d8ec2a82e54b3b9acf
renovate[bot],https://api.github.com/repos/appium/appium/pulls/19101,https://api.github.com/repos/appium/appium/issues/19101,closed,2023-09-02,2023-09-02,2023-09-02,3882ca9e92d5cfdb2b4a24b4de07507764afa328
mykola-mokhnach,https://api.github.com/repos/appium/appium/pulls/19098,https://api.github.com/repos/appium/appium/issues/19098,closed,2023-08-31,2023-08-31,2023-08-31,7722767d8048c912f0fa2c0e596b1dc221ed4fc8
renovate[bot],https://api.github.com/repos/appium/appium/pulls/19095,https://api.github.com/repos/appium/appium/issues/19095,closed,2023-08-31,2023-08-31,2023-08-31,6f51456da948685f606bed7575b5a4cf98b99c74
renovate[bot],https://api.github.com/repos/appium/appium/pulls/19094,https://api.github.com/repos/appium/appium/issues/19094,closed,2023-08-31,2023-08-31,2023-08-31,faca49690a327095362619ba5cc04a03b3e11993
renovate[bot],https://api.github.com/repos/appium/appium/pulls/19093,https://api.github.com/repos/appium/appium/issues/19093,closed,2023-08-31,2023-09-02,2023-09-02,d311efebfb41a30d52aaed9f7695a5c02faffc51
renovate[bot],https://api.github.com/repos/appium/appium/pulls/19091,https://api.github.com/repos/appium/appium/issues/19091,closed,2023-08-31,2023-08-31,2023-08-31,3ec80856e7de6006055b95a6bacd61839d366db6
renovate[bot],https://api.github.com/repos/appium/appium/pulls/19090,https://api.github.com/repos/appium/appium/issues/19090,closed,2023-08-31,2023-08-31,2023-08-31,81b077fdc9300d2dbcd6b6a6a49dc5a84982c84c
renovate[bot],https://api.github.com/repos/appium/appium/pulls/19089,https://api.github.com/repos/appium/appium/issues/19089,closed,2023-08-30,2023-08-30,2023-08-30,5a922ea7165e85ef5cb9bdf7de68afd1bf9fa55d
renovate[bot],https://api.github.com/repos/appium/appium/pulls/19088,https://api.github.com/repos/appium/appium/issues/19088,closed,2023-08-30,2023-08-30,2023-08-30,c5d6df7a000d64e8591a56ce5ef65baa2071a36b
renovate[bot],https://api.github.com/repos/appium/appium/pulls/19087,https://api.github.com/repos/appium/appium/issues/19087,closed,2023-08-30,2023-08-30,2023-08-30,545576a740265284e154a9dcc82a225d3cd3481f
renovate[bot],https://api.github.com/repos/appium/appium/pulls/19086,https://api.github.com/repos/appium/appium/issues/19086,closed,2023-08-30,2023-08-30,2023-08-30,1377c0290f981589f8cf2762e72ba03c60b1ba10
renovate[bot],https://api.github.com/repos/appium/appium/pulls/19082,https://api.github.com/repos/appium/appium/issues/19082,closed,2023-08-29,2023-08-31,2023-08-31,65b3787912a4948fb1ed48e8095299bc9ba95844
renovate[bot],https://api.github.com/repos/appium/appium/pulls/19081,https://api.github.com/repos/appium/appium/issues/19081,closed,2023-08-29,2023-08-29,2023-08-29,737e5e9c38cf8f27895f06725f95d0331705081e
renovate[bot],https://api.github.com/repos/appium/appium/pulls/19080,https://api.github.com/repos/appium/appium/issues/19080,closed,2023-08-29,2023-08-29,2023-08-29,a0f59d05945e627602407d1d42e7a3a58861b11f
renovate[bot],https://api.github.com/repos/appium/appium/pulls/19079,https://api.github.com/repos/appium/appium/issues/19079,closed,2023-08-29,2023-08-29,2023-08-29,8819d3ef9266dbf422cb54f42f83ff9a673924d0
renovate[bot],https://api.github.com/repos/appium/appium/pulls/19078,https://api.github.com/repos/appium/appium/issues/19078,closed,2023-08-29,2023-08-29,2023-08-29,1a3d408e239e4a9a7070923a90aca70df1dda908
renovate[bot],https://api.github.com/repos/appium/appium/pulls/19077,https://api.github.com/repos/appium/appium/issues/19077,closed,2023-08-29,2023-08-29,2023-08-29,9f700bfdf9e09de3cea9f81029fadef84b8e956b
renovate[bot],https://api.github.com/repos/appium/appium/pulls/19074,https://api.github.com/repos/appium/appium/issues/19074,closed,2023-08-28,2023-08-31,2023-08-31,14631177cdd4f47144baef4e53319da4569285f2
renovate[bot],https://api.github.com/repos/appium/appium/pulls/19073,https://api.github.com/repos/appium/appium/issues/19073,closed,2023-08-28,2023-08-28,2023-08-28,bc1b56a3c162ed8686d3d7956c30eb1f7682b1a7
renovate[bot],https://api.github.com/repos/appium/appium/pulls/19072,https://api.github.com/repos/appium/appium/issues/19072,closed,2023-08-28,2023-08-28,2023-08-28,de68a1f388cdb0009109095c0af0de1f70bca5ad
renovate[bot],https://api.github.com/repos/appium/appium/pulls/19071,https://api.github.com/repos/appium/appium/issues/19071,closed,2023-08-28,2023-08-28,2023-08-28,66fb651a18c8281de78bbda776598172770c9fb3
renovate[bot],https://api.github.com/repos/appium/appium/pulls/19068,https://api.github.com/repos/appium/appium/issues/19068,closed,2023-08-27,2023-08-27,2023-08-27,08913cddde295f616f0fb376cc2cb71a9409a253
renovate[bot],https://api.github.com/repos/appium/appium/pulls/19067,https://api.github.com/repos/appium/appium/issues/19067,closed,2023-08-27,2023-08-27,2023-08-27,b0b68334c5b9421e5b883601c9e5255688053e23
renovate[bot],https://api.github.com/repos/appium/appium/pulls/19066,https://api.github.com/repos/appium/appium/issues/19066,closed,2023-08-27,2023-08-27,2023-08-27,427bc8eb0c374ecd4d53eb4fdad4b32c2bfffd00
renovate[bot],https://api.github.com/repos/appium/appium/pulls/19065,https://api.github.com/repos/appium/appium/issues/19065,closed,2023-08-27,2023-08-27,2023-08-27,7cc0c476794c35ecafc708a556b8cf6e57c15135
renovate[bot],https://api.github.com/repos/appium/appium/pulls/19064,https://api.github.com/repos/appium/appium/issues/19064,closed,2023-08-26,2023-12-06,,acf8754a59bd3cc80f72a34c4219192f4baa6224
renovate[bot],https://api.github.com/repos/appium/appium/pulls/19063,https://api.github.com/repos/appium/appium/issues/19063,closed,2023-08-26,2023-08-26,2023-08-26,fe7ed5d91ff90cd5a1e5b820b6cb6ef7e88e6f56
renovate[bot],https://api.github.com/repos/appium/appium/pulls/19062,https://api.github.com/repos/appium/appium/issues/19062,closed,2023-08-26,2023-08-26,2023-08-26,6c7f3ef670d441bdc4b693948a19dcbdc54e4764
renovate[bot],https://api.github.com/repos/appium/appium/pulls/19061,https://api.github.com/repos/appium/appium/issues/19061,closed,2023-08-26,2023-08-26,2023-08-26,b510fad303472e6de6a656f40b7d87bd64e62685
renovate[bot],https://api.github.com/repos/appium/appium/pulls/19059,https://api.github.com/repos/appium/appium/issues/19059,closed,2023-08-25,2023-08-25,2023-08-25,d85b2161b5b8ac8654e25c2f357de50a7068d8e1
renovate[bot],https://api.github.com/repos/appium/appium/pulls/19058,https://api.github.com/repos/appium/appium/issues/19058,closed,2023-08-25,2023-08-25,2023-08-25,f8039a70ca851dcc120a2b217e14e3e3b922ba21
renovate[bot],https://api.github.com/repos/appium/appium/pulls/19056,https://api.github.com/repos/appium/appium/issues/19056,closed,2023-08-25,2023-08-25,2023-08-25,ae59d0b21810cf9f10d93a6ba59c9c3f55f1c0e9
renovate[bot],https://api.github.com/repos/appium/appium/pulls/19055,https://api.github.com/repos/appium/appium/issues/19055,closed,2023-08-25,2023-08-25,2023-08-25,8599c2a0b3d7b60d3ea40c49d0a892c000cfc169
renovate[bot],https://api.github.com/repos/appium/appium/pulls/19051,https://api.github.com/repos/appium/appium/issues/19051,closed,2023-08-24,2023-08-24,2023-08-24,a3245dcf2b58d9c40e72e666ccd4a095b7cc984b
renovate[bot],https://api.github.com/repos/appium/appium/pulls/19050,https://api.github.com/repos/appium/appium/issues/19050,closed,2023-08-24,2023-08-25,2023-08-25,72a806bec7c3a80747192d24dfd9d8286a751810
renovate[bot],https://api.github.com/repos/appium/appium/pulls/19048,https://api.github.com/repos/appium/appium/issues/19048,closed,2023-08-24,2023-08-25,2023-08-25,827ec98a8a9aa2ba50877b36f5f76047a8aa5be7
renovate[bot],https://api.github.com/repos/appium/appium/pulls/19047,https://api.github.com/repos/appium/appium/issues/19047,closed,2023-08-24,2023-08-24,2023-08-24,73b092ba11c127161d31573b95ccb6e8c6e52084
renovate[bot],https://api.github.com/repos/appium/appium/pulls/19046,https://api.github.com/repos/appium/appium/issues/19046,closed,2023-08-24,2023-08-25,2023-08-25,89595c3915ba464ca1db9eeaef0d770b67fd6509
renovate[bot],https://api.github.com/repos/appium/appium/pulls/19045,https://api.github.com/repos/appium/appium/issues/19045,closed,2023-08-24,2023-08-24,2023-08-24,f1d1b7d6a0598cfa40c246a3d8799089b57f0452
mykola-mokhnach,https://api.github.com/repos/appium/appium/pulls/19043,https://api.github.com/repos/appium/appium/issues/19043,closed,2023-08-23,2023-08-23,2023-08-23,315a5e6cc75d53d5fbbdae598dc4523ab85b7cb1
renovate[bot],https://api.github.com/repos/appium/appium/pulls/19042,https://api.github.com/repos/appium/appium/issues/19042,closed,2023-08-23,2023-08-23,2023-08-23,210b468a9263897c0663de3caa2710a12dfed587
renovate[bot],https://api.github.com/repos/appium/appium/pulls/19041,https://api.github.com/repos/appium/appium/issues/19041,closed,2023-08-23,2023-08-23,2023-08-23,0830fd8257b0d4674ea5af45689a7a5a2610ee74
hijack-x,https://api.github.com/repos/appium/appium/pulls/19037,https://api.github.com/repos/appium/appium/issues/19037,closed,2023-08-23,2023-08-23,2023-08-23,abcf0d451f47f5c7c285f0988693c4bef9c29024
KazuCocoa,https://api.github.com/repos/appium/appium/pulls/19036,https://api.github.com/repos/appium/appium/issues/19036,closed,2023-08-23,2023-08-23,2023-08-23,4851721295bbc09f95908b8e948f1f0f9fdb0c8f
renovate[bot],https://api.github.com/repos/appium/appium/pulls/19035,https://api.github.com/repos/appium/appium/issues/19035,closed,2023-08-23,2023-08-23,2023-08-23,5aae2190bfa299a56ef6d059e46c5bbb6846d8e3
renovate[bot],https://api.github.com/repos/appium/appium/pulls/19034,https://api.github.com/repos/appium/appium/issues/19034,closed,2023-08-23,2023-08-23,2023-08-23,eabcbfbff7041ba1f095f2a84bfae8e2d564c7e6
jlipps,https://api.github.com/repos/appium/appium/pulls/19032,https://api.github.com/repos/appium/appium/issues/19032,closed,2023-08-22,2023-08-22,2023-08-22,b2560b5c1dbd3ba5104439c25454bec2275dcccf
renovate[bot],https://api.github.com/repos/appium/appium/pulls/19029,https://api.github.com/repos/appium/appium/issues/19029,closed,2023-08-22,2023-08-24,2023-08-24,d21b9e6a90b455225a187db509091d99343b0834
renovate[bot],https://api.github.com/repos/appium/appium/pulls/19028,https://api.github.com/repos/appium/appium/issues/19028,closed,2023-08-22,2023-08-22,2023-08-22,7e47adf59d3916ef6fe5ce313f813b2e65b564a7
renovate[bot],https://api.github.com/repos/appium/appium/pulls/19027,https://api.github.com/repos/appium/appium/issues/19027,closed,2023-08-22,2023-08-22,2023-08-22,b900c60dac770583f6bcd8f9591868542b4a43ca
renovate[bot],https://api.github.com/repos/appium/appium/pulls/19026,https://api.github.com/repos/appium/appium/issues/19026,closed,2023-08-22,2023-08-22,2023-08-22,4e4eaad6b68386e900427aafd9afd19f43033bda
mykola-mokhnach,https://api.github.com/repos/appium/appium/pulls/19020,https://api.github.com/repos/appium/appium/issues/19020,closed,2023-08-21,2023-08-21,2023-08-21,53bfc68eee5766ca8c6851c424c89d6b123d602e
renovate[bot],https://api.github.com/repos/appium/appium/pulls/19019,https://api.github.com/repos/appium/appium/issues/19019,closed,2023-08-21,2023-08-25,2023-08-25,641da6ddd5d2a566bebaa8e9f30daffd6031e4ed
renovate[bot],https://api.github.com/repos/appium/appium/pulls/19018,https://api.github.com/repos/appium/appium/issues/19018,closed,2023-08-21,2023-08-21,2023-08-21,bc8cd526936102f87ac596b4d2e7e6d8a2c007a0
renovate[bot],https://api.github.com/repos/appium/appium/pulls/19017,https://api.github.com/repos/appium/appium/issues/19017,closed,2023-08-21,2023-08-21,2023-08-21,034a51b6861ea9464f6db70e0c7f65c466a9a9a0
renovate[bot],https://api.github.com/repos/appium/appium/pulls/19016,https://api.github.com/repos/appium/appium/issues/19016,closed,2023-08-21,2023-08-21,2023-08-21,dce45bdf83de3402ec9a14c17b82e1f8ce94cc9c
renovate[bot],https://api.github.com/repos/appium/appium/pulls/19014,https://api.github.com/repos/appium/appium/issues/19014,closed,2023-08-20,2023-08-20,2023-08-20,e73e47de18ff7e327a06584121e85756506ab21d
renovate[bot],https://api.github.com/repos/appium/appium/pulls/19013,https://api.github.com/repos/appium/appium/issues/19013,closed,2023-08-20,2023-08-20,2023-08-20,a080b729208b4e3c352456f0f230b63b0b7ee9ee
renovate[bot],https://api.github.com/repos/appium/appium/pulls/19012,https://api.github.com/repos/appium/appium/issues/19012,closed,2023-08-20,2023-08-20,2023-08-20,d5f3a288c2497d4020b7eabc667814744e69ac48
renovate[bot],https://api.github.com/repos/appium/appium/pulls/19011,https://api.github.com/repos/appium/appium/issues/19011,closed,2023-08-20,2023-08-20,2023-08-20,c8e9059711335e184cf949aae9d42a31aacfa6f8
renovate[bot],https://api.github.com/repos/appium/appium/pulls/19008,https://api.github.com/repos/appium/appium/issues/19008,closed,2023-08-19,2023-08-19,2023-08-19,a5876c8f2662346c95d785416d3d170a9863d9e7
renovate[bot],https://api.github.com/repos/appium/appium/pulls/19007,https://api.github.com/repos/appium/appium/issues/19007,closed,2023-08-19,2023-08-19,2023-08-19,4ef0c49b2423663c53d015dfc7f1c796d3b27899
sbanni,https://api.github.com/repos/appium/appium/pulls/19006,https://api.github.com/repos/appium/appium/issues/19006,closed,2023-08-19,2023-08-21,,cec260335836e24e9de86cd223c732a3538f2a9f
mykola-mokhnach,https://api.github.com/repos/appium/appium/pulls/19002,https://api.github.com/repos/appium/appium/issues/19002,closed,2023-08-18,2023-08-19,2023-08-19,2f69e6db2a6aeef10ced7c65e883a58e497f4d5e
mykola-mokhnach,https://api.github.com/repos/appium/appium/pulls/19000,https://api.github.com/repos/appium/appium/issues/19000,closed,2023-08-18,2023-08-18,2023-08-18,ed8e83c76c5b660e619833515c2ea2ec29082e18
jlipps,https://api.github.com/repos/appium/appium/pulls/18994,https://api.github.com/repos/appium/appium/issues/18994,closed,2023-08-17,2023-08-17,2023-08-17,6082cb11648bd9a51fc55b3199755a420b3ea9b2
jlipps,https://api.github.com/repos/appium/appium/pulls/18985,https://api.github.com/repos/appium/appium/issues/18985,closed,2023-08-14,2023-08-15,2023-08-15,c933732089a69658b864d9cf6b12c61b46619dd9
Dor-bl,https://api.github.com/repos/appium/appium/pulls/18974,https://api.github.com/repos/appium/appium/issues/18974,closed,2023-08-10,2023-08-12,2023-08-10,b71340a4ba2814fad8f36d5a440f0ff138443588
mykola-mokhnach,https://api.github.com/repos/appium/appium/pulls/18972,https://api.github.com/repos/appium/appium/issues/18972,closed,2023-08-10,2023-08-10,2023-08-10,5a2611137b2a7428bb2e593fc945e21874c4cdae
mykola-mokhnach,https://api.github.com/repos/appium/appium/pulls/18970,https://api.github.com/repos/appium/appium/issues/18970,closed,2023-08-09,2023-08-10,2023-08-10,aaf58c3de66fee2eb10225d05e156e7416a4ac79
renovate[bot],https://api.github.com/repos/appium/appium/pulls/18964,https://api.github.com/repos/appium/appium/issues/18964,closed,2023-08-08,2023-08-19,2023-08-19,c18b43f2bd4f9183f819bb2ec79b225c50f3c8a5
renovate[bot],https://api.github.com/repos/appium/appium/pulls/18963,https://api.github.com/repos/appium/appium/issues/18963,closed,2023-08-08,2023-08-19,2023-08-19,998e2586a7cd88930f4ed78d01d3f2de9ca7d967
renovate[bot],https://api.github.com/repos/appium/appium/pulls/18962,https://api.github.com/repos/appium/appium/issues/18962,closed,2023-08-08,2023-08-08,2023-08-08,fb34ab917216121d2b554677a12f07a03393d218
renovate[bot],https://api.github.com/repos/appium/appium/pulls/18959,https://api.github.com/repos/appium/appium/issues/18959,closed,2023-08-07,2023-08-07,2023-08-07,a21ae6ab2bcaba44ecdacae67076cf011b4e5ae8
renovate[bot],https://api.github.com/repos/appium/appium/pulls/18958,https://api.github.com/repos/appium/appium/issues/18958,closed,2023-08-07,2023-08-07,2023-08-07,1358937db2edf08ce1ebe3dff2f70ac6b07cd373
renovate[bot],https://api.github.com/repos/appium/appium/pulls/18957,https://api.github.com/repos/appium/appium/issues/18957,closed,2023-08-07,2023-08-07,2023-08-07,f9ba31383ad2c97f8dc5999c8a28e6bc6345b192
renovate[bot],https://api.github.com/repos/appium/appium/pulls/18956,https://api.github.com/repos/appium/appium/issues/18956,closed,2023-08-06,2023-08-06,2023-08-06,b85a92a912b3d2854e8102b41119fc780e1a6cc2
renovate[bot],https://api.github.com/repos/appium/appium/pulls/18955,https://api.github.com/repos/appium/appium/issues/18955,closed,2023-08-06,2023-08-06,2023-08-06,97c5d9268a1ccaffb94021cd50b8bfeb0fe28ace
renovate[bot],https://api.github.com/repos/appium/appium/pulls/18954,https://api.github.com/repos/appium/appium/issues/18954,closed,2023-08-05,2023-08-05,2023-08-05,3e1eda01938482dc611790bdb1ebaee6519e34f2
renovate[bot],https://api.github.com/repos/appium/appium/pulls/18953,https://api.github.com/repos/appium/appium/issues/18953,closed,2023-08-05,2023-08-19,2023-08-19,78a22b2a1c034ffd02e532009f8265e3b135a285
renovate[bot],https://api.github.com/repos/appium/appium/pulls/18952,https://api.github.com/repos/appium/appium/issues/18952,closed,2023-08-05,2023-08-21,2023-08-21,f2cff24685e96578f17549454de7b7931c13df83
renovate[bot],https://api.github.com/repos/appium/appium/pulls/18949,https://api.github.com/repos/appium/appium/issues/18949,closed,2023-08-04,2023-08-04,2023-08-04,12147d518fc3ac86b01c3401b9e462b5dca99ca4
renovate[bot],https://api.github.com/repos/appium/appium/pulls/18947,https://api.github.com/repos/appium/appium/issues/18947,closed,2023-08-04,2023-08-04,2023-08-04,a888e263317839cecbc2cb42e183d190e136624d
renovate[bot],https://api.github.com/repos/appium/appium/pulls/18946,https://api.github.com/repos/appium/appium/issues/18946,closed,2023-08-04,2023-08-04,2023-08-04,03ddcdfcafbccf6698868a272e499cbdac41d791
renovate[bot],https://api.github.com/repos/appium/appium/pulls/18941,https://api.github.com/repos/appium/appium/issues/18941,closed,2023-08-03,2023-08-03,2023-08-03,9a5c9ae55c97ea3e5c604ecbc3f972480d091ba9
renovate[bot],https://api.github.com/repos/appium/appium/pulls/18940,https://api.github.com/repos/appium/appium/issues/18940,closed,2023-08-03,2023-08-03,2023-08-03,a8cc551210c31b014025f7c56b091163f4d15df1
renovate[bot],https://api.github.com/repos/appium/appium/pulls/18938,https://api.github.com/repos/appium/appium/issues/18938,closed,2023-08-03,2023-08-06,2023-08-06,544aeec1498c41fddfa113c0962f2c6cb908d99b
renovate[bot],https://api.github.com/repos/appium/appium/pulls/18937,https://api.github.com/repos/appium/appium/issues/18937,closed,2023-08-03,2023-08-03,2023-08-03,9ad0dfc3c87af2d168cff69a21af8dfd94840eb0
Dor-bl,https://api.github.com/repos/appium/appium/pulls/18929,https://api.github.com/repos/appium/appium/issues/18929,closed,2023-07-31,2023-08-01,2023-07-31,5d32946a4442c46039c15b193b48ebffbc89e227
mykola-mokhnach,https://api.github.com/repos/appium/appium/pulls/18922,https://api.github.com/repos/appium/appium/issues/18922,closed,2023-07-29,2023-08-01,2023-08-01,de5b55ae90fefcce86962a48d5aceb73962e56b6
renovate[bot],https://api.github.com/repos/appium/appium/pulls/18918,https://api.github.com/repos/appium/appium/issues/18918,closed,2023-07-26,2023-08-02,2023-08-02,5f39ae1857783761c5cc44a9fb3b841f2aa57297
bipin-k,https://api.github.com/repos/appium/appium/pulls/18916,https://api.github.com/repos/appium/appium/issues/18916,closed,2023-07-26,2023-08-01,2023-07-31,93b6a470cd9c3fd7d13f9b99b854543a26ed2e30
renovate[bot],https://api.github.com/repos/appium/appium/pulls/18915,https://api.github.com/repos/appium/appium/issues/18915,closed,2023-07-26,2023-07-26,2023-07-26,8ef51855e3ae6e922d4a51d59f911bd61cc20906
jlipps,https://api.github.com/repos/appium/appium/pulls/18914,https://api.github.com/repos/appium/appium/issues/18914,closed,2023-07-25,2023-08-16,2023-08-16,b88ac49577fd594ba5719bbd385127f559729d77
bipin-k,https://api.github.com/repos/appium/appium/pulls/18911,https://api.github.com/repos/appium/appium/issues/18911,closed,2023-07-25,2023-07-27,2023-07-27,ead861077a2927d3522d6de304eb008dce386895
renovate[bot],https://api.github.com/repos/appium/appium/pulls/18910,https://api.github.com/repos/appium/appium/issues/18910,closed,2023-07-25,2023-07-26,2023-07-26,c320e8a1a61cb6d980d6d944ae47b60da97aa398
renovate[bot],https://api.github.com/repos/appium/appium/pulls/18909,https://api.github.com/repos/appium/appium/issues/18909,closed,2023-07-25,2023-07-25,2023-07-25,0ffafd034b2cc6f5fc196e47f8d3b146b52e73be
Dor-bl,https://api.github.com/repos/appium/appium/pulls/18903,https://api.github.com/repos/appium/appium/issues/18903,closed,2023-07-24,2023-07-25,2023-07-25,f548a8bfeda0cf1fd338708dbddff7c16057f8ec
KazuCocoa,https://api.github.com/repos/appium/appium/pulls/18901,https://api.github.com/repos/appium/appium/issues/18901,closed,2023-07-23,2023-07-23,,61afc6e1d87b5a6560f60cfe40a213879c16cab5
jlipps,https://api.github.com/repos/appium/appium/pulls/18899,https://api.github.com/repos/appium/appium/issues/18899,closed,2023-07-21,2023-07-24,2023-07-24,803660ca2969f28b8a616528434b72fce209d9d6
KazuCocoa,https://api.github.com/repos/appium/appium/pulls/18879,https://api.github.com/repos/appium/appium/issues/18879,closed,2023-07-14,2023-08-24,,68d2b86d97604e8141f8d9783dad7e1661184503
mykola-mokhnach,https://api.github.com/repos/appium/appium/pulls/18877,https://api.github.com/repos/appium/appium/issues/18877,closed,2023-07-14,2023-07-15,2023-07-15,ff62e208d92995cabc35ddcc100ca4483e25b1af
KazuCocoa,https://api.github.com/repos/appium/appium/pulls/18876,https://api.github.com/repos/appium/appium/issues/18876,closed,2023-07-14,2023-07-14,2023-07-14,6e752b03dee47d0a0e32f94bd4717c971fc5c4e3
mykola-mokhnach,https://api.github.com/repos/appium/appium/pulls/18874,https://api.github.com/repos/appium/appium/issues/18874,closed,2023-07-14,2023-07-14,2023-07-14,75650a6b744dfcbd50d45972f04040472fdbcd45
renovate[bot],https://api.github.com/repos/appium/appium/pulls/18868,https://api.github.com/repos/appium/appium/issues/18868,closed,2023-07-11,2023-07-24,2023-07-24,39e6b234c479433d02affc215784b48a4e80a634
renovate[bot],https://api.github.com/repos/appium/appium/pulls/18866,https://api.github.com/repos/appium/appium/issues/18866,closed,2023-07-11,2023-12-06,2023-12-06,6903a6d0eb0cd2ea7898d4dd6e5f5ec8ed6b1b84
mykola-mokhnach,https://api.github.com/repos/appium/appium/pulls/18858,https://api.github.com/repos/appium/appium/issues/18858,closed,2023-07-09,2023-07-10,2023-07-10,cccd602dc7d904bc7ff0ede969cf54ec887ecfb9
KazuCocoa,https://api.github.com/repos/appium/appium/pulls/18857,https://api.github.com/repos/appium/appium/issues/18857,closed,2023-07-08,2023-07-11,2023-07-11,43aedc21e86c2c790326f3d853405640ef4d3ec8
jlipps,https://api.github.com/repos/appium/appium/pulls/18856,https://api.github.com/repos/appium/appium/issues/18856,closed,2023-07-07,2023-07-07,2023-07-07,f1760727bdb9c84207dfd09600802202a5c05780
christian-bromann,https://api.github.com/repos/appium/appium/pulls/18852,https://api.github.com/repos/appium/appium/issues/18852,closed,2023-07-07,2023-07-07,2023-07-07,5e479eadbe3a3644384b0a893bd3496147f02ea7
boneskull,https://api.github.com/repos/appium/appium/pulls/18851,https://api.github.com/repos/appium/appium/issues/18851,closed,2023-07-06,2023-12-05,,a198e41dbb24f64a00e79ec8cfc8ac82dcbed177
mykola-mokhnach,https://api.github.com/repos/appium/appium/pulls/18850,https://api.github.com/repos/appium/appium/issues/18850,closed,2023-07-06,2023-07-06,2023-07-06,8241e748c7a3a31566c6e6657b70556314fdf574
renovate[bot],https://api.github.com/repos/appium/appium/pulls/18848,https://api.github.com/repos/appium/appium/issues/18848,closed,2023-07-06,2023-07-11,2023-07-11,b9151a573b6a8b0a5194658882ad59cca1a5f8b5
eglitise,https://api.github.com/repos/appium/appium/pulls/18846,https://api.github.com/repos/appium/appium/issues/18846,closed,2023-07-05,2023-07-06,2023-07-06,7cd52db673cf576e9a89f92a7ef25b615f25dbae
renovate[bot],https://api.github.com/repos/appium/appium/pulls/18844,https://api.github.com/repos/appium/appium/issues/18844,closed,2023-07-05,2023-08-04,2023-08-04,a9e86aabc657bf22df8b1c5f67ab93acc0ced934
renovate[bot],https://api.github.com/repos/appium/appium/pulls/18843,https://api.github.com/repos/appium/appium/issues/18843,closed,2023-07-05,2023-07-05,2023-07-05,b8e1f38455db3fe119c50959e49f73b229cf9926
renovate[bot],https://api.github.com/repos/appium/appium/pulls/18836,https://api.github.com/repos/appium/appium/issues/18836,closed,2023-07-02,2023-07-05,2023-07-05,02896d0513dc62466dd797d9fab10b6aca79d43e
renovate[bot],https://api.github.com/repos/appium/appium/pulls/18835,https://api.github.com/repos/appium/appium/issues/18835,closed,2023-07-02,2023-07-11,2023-07-11,e5b569c3a0a0545210f126822031420d236ad1f4
renovate[bot],https://api.github.com/repos/appium/appium/pulls/18834,https://api.github.com/repos/appium/appium/issues/18834,closed,2023-07-01,2023-07-05,2023-07-05,151c19c1c3b4c9b94aba10033c2d863f567d849b
renovate[bot],https://api.github.com/repos/appium/appium/pulls/18833,https://api.github.com/repos/appium/appium/issues/18833,closed,2023-07-01,2023-07-01,2023-07-01,ed1856d720c442842d5c3fe5f6caeccb8229b5f1
renovate[bot],https://api.github.com/repos/appium/appium/pulls/18832,https://api.github.com/repos/appium/appium/issues/18832,closed,2023-07-01,2023-07-01,2023-07-01,fdd2ac098d1b6e0d17b1429defa0123660d85ca9
renovate[bot],https://api.github.com/repos/appium/appium/pulls/18831,https://api.github.com/repos/appium/appium/issues/18831,closed,2023-07-01,2023-07-01,2023-07-01,757fbaaf424135c89cac20665797cb1e8321238c
renovate[bot],https://api.github.com/repos/appium/appium/pulls/18830,https://api.github.com/repos/appium/appium/issues/18830,closed,2023-06-30,2023-06-30,2023-06-30,3906f7d1cadf071e1cf63b588c1778142b55ab84
mykola-mokhnach,https://api.github.com/repos/appium/appium/pulls/18829,https://api.github.com/repos/appium/appium/issues/18829,closed,2023-06-30,2023-06-30,2023-06-30,97fe15927653991346f66ca6ed4ead6845391151
renovate[bot],https://api.github.com/repos/appium/appium/pulls/18826,https://api.github.com/repos/appium/appium/issues/18826,closed,2023-06-30,2023-08-23,,de423d2727ba8a28a4e7e78dd339b3836ff38518
renovate[bot],https://api.github.com/repos/appium/appium/pulls/18825,https://api.github.com/repos/appium/appium/issues/18825,closed,2023-06-30,2023-06-30,2023-06-30,67e7140216e8d2e38c54dee4a0f727c75be67bf6
boneskull,https://api.github.com/repos/appium/appium/pulls/18824,https://api.github.com/repos/appium/appium/issues/18824,closed,2023-06-29,2023-06-30,2023-06-30,f09fbb64dce0e179a007f3a0ae9800e61fbe90eb
boneskull,https://api.github.com/repos/appium/appium/pulls/18821,https://api.github.com/repos/appium/appium/issues/18821,closed,2023-06-29,2023-06-29,2023-06-29,4ab278097864a2ab1ef5ec294ad62252a0d8f3f7
boneskull,https://api.github.com/repos/appium/appium/pulls/18820,https://api.github.com/repos/appium/appium/issues/18820,closed,2023-06-29,2023-06-30,2023-06-30,81256f8f90b8ea97846d15ea99a3676926c516ad
boneskull,https://api.github.com/repos/appium/appium/pulls/18817,https://api.github.com/repos/appium/appium/issues/18817,closed,2023-06-29,2023-07-03,2023-07-03,52b646c65b44db6f36476f67168acb7ecfb44410
renovate[bot],https://api.github.com/repos/appium/appium/pulls/18816,https://api.github.com/repos/appium/appium/issues/18816,closed,2023-06-28,2023-06-29,2023-06-29,52633667440cdb69dffbf0ca1b47b1233e9bcfeb
renovate[bot],https://api.github.com/repos/appium/appium/pulls/18813,https://api.github.com/repos/appium/appium/issues/18813,closed,2023-06-28,2023-06-30,2023-06-30,cb145875c07b34c92781fb633a004b6163a98c62
mykola-mokhnach,https://api.github.com/repos/appium/appium/pulls/18809,https://api.github.com/repos/appium/appium/issues/18809,closed,2023-06-26,2023-06-27,2023-06-27,35e0012d8ac0194df20c7d769f8f7058b8a9d143
KazuCocoa,https://api.github.com/repos/appium/appium/pulls/18804,https://api.github.com/repos/appium/appium/issues/18804,closed,2023-06-23,2023-06-28,2023-06-28,52a755a9135e06ad676cc422e37b5cab019c5b85
renovate[bot],https://api.github.com/repos/appium/appium/pulls/18778,https://api.github.com/repos/appium/appium/issues/18778,closed,2023-06-16,2023-06-28,2023-06-28,08a1f1be9457304709b48c6054abb67deb5512f1
renovate[bot],https://api.github.com/repos/appium/appium/pulls/18773,https://api.github.com/repos/appium/appium/issues/18773,closed,2023-06-15,2023-06-28,2023-06-28,b7cecfffb53770a17fb68f4eb32452344d8ce8ba
boneskull,https://api.github.com/repos/appium/appium/pulls/18771,https://api.github.com/repos/appium/appium/issues/18771,closed,2023-06-14,2023-07-04,2023-06-15,9e60e80b13350fefa7e1408981158e4da23ca437
jlipps,https://api.github.com/repos/appium/appium/pulls/18770,https://api.github.com/repos/appium/appium/issues/18770,closed,2023-06-14,2023-06-15,2023-06-15,1a5b8cca2d22b0be0150fe87be963973c4cc04e5
mykola-mokhnach,https://api.github.com/repos/appium/appium/pulls/18769,https://api.github.com/repos/appium/appium/issues/18769,closed,2023-06-14,2023-06-14,2023-06-14,c18eb03261a4c0f73ec71417825a387da1c59991
mykola-mokhnach,https://api.github.com/repos/appium/appium/pulls/18766,https://api.github.com/repos/appium/appium/issues/18766,closed,2023-06-14,2023-06-15,2023-06-15,ced560206bce8b830da3deadfa3397fbd28e8399
jlipps,https://api.github.com/repos/appium/appium/pulls/18755,https://api.github.com/repos/appium/appium/issues/18755,closed,2023-06-12,2023-06-13,2023-06-13,2d124323c5973ef9d3e190f7401e67106886ffd4
jlipps,https://api.github.com/repos/appium/appium/pulls/18754,https://api.github.com/repos/appium/appium/issues/18754,closed,2023-06-12,2023-06-13,2023-06-12,901ac711c4e2207f30d93ad177a332b7d6f23c38
boneskull,https://api.github.com/repos/appium/appium/pulls/18751,https://api.github.com/repos/appium/appium/issues/18751,closed,2023-06-09,2023-06-14,2023-06-14,e5254b5b4564450252fd3eb55b773c0d7c615316
renovate[bot],https://api.github.com/repos/appium/appium/pulls/18735,https://api.github.com/repos/appium/appium/issues/18735,closed,2023-06-06,2023-06-30,2023-06-30,d75338f1c8de466a76743d010281dfc5f8956569
mykola-mokhnach,https://api.github.com/repos/appium/appium/pulls/18733,https://api.github.com/repos/appium/appium/issues/18733,closed,2023-06-05,2023-06-12,2023-06-06,798274767718783b828c6ddfe5d92e273813dbe9
renovate[bot],https://api.github.com/repos/appium/appium/pulls/18729,https://api.github.com/repos/appium/appium/issues/18729,closed,2023-06-03,2023-06-03,2023-06-03,f4c37985ebb168c9c8f68aac73e791efe5ae197f
renovate[bot],https://api.github.com/repos/appium/appium/pulls/18723,https://api.github.com/repos/appium/appium/issues/18723,closed,2023-06-02,2023-06-02,2023-06-02,78c67942534705133093aa9fa54d84efb9fe2f69
boneskull,https://api.github.com/repos/appium/appium/pulls/18721,https://api.github.com/repos/appium/appium/issues/18721,closed,2023-06-02,2023-06-14,2023-06-14,7dbf6f2cd34be41021a44b1910c67f54a51819e2
boneskull,https://api.github.com/repos/appium/appium/pulls/18720,https://api.github.com/repos/appium/appium/issues/18720,closed,2023-06-01,2023-06-05,2023-06-05,26bb0f95b938c2092f99afa39fde8c7c8c630926
boneskull,https://api.github.com/repos/appium/appium/pulls/18718,https://api.github.com/repos/appium/appium/issues/18718,closed,2023-06-01,2023-06-01,2023-06-01,c416a86120fd5a01d60e7a49b91aa02b6999dba3
mykola-mokhnach,https://api.github.com/repos/appium/appium/pulls/18714,https://api.github.com/repos/appium/appium/issues/18714,closed,2023-05-31,2023-06-01,2023-06-01,38f86900da462a444ae5a9c92794f64a297f79bd
renovate[bot],https://api.github.com/repos/appium/appium/pulls/18713,https://api.github.com/repos/appium/appium/issues/18713,closed,2023-05-31,2023-05-31,2023-05-31,3bf406015eb9854abbf6cf024e3bd724468c924d
renovate[bot],https://api.github.com/repos/appium/appium/pulls/18711,https://api.github.com/repos/appium/appium/issues/18711,closed,2023-05-31,2023-05-31,2023-05-31,56499eb997b551739bed628f057de7987674ea7f
renovate[bot],https://api.github.com/repos/appium/appium/pulls/18710,https://api.github.com/repos/appium/appium/issues/18710,closed,2023-05-30,2023-05-30,2023-05-30,bd10bffec4408f33f9563f6f89fd85175d38ee15
renovate[bot],https://api.github.com/repos/appium/appium/pulls/18708,https://api.github.com/repos/appium/appium/issues/18708,closed,2023-05-30,2023-05-30,2023-05-30,b1ee41cfc70434dfeb5fac1bc358268e0079c7db
renovate[bot],https://api.github.com/repos/appium/appium/pulls/18706,https://api.github.com/repos/appium/appium/issues/18706,closed,2023-05-30,2023-05-30,2023-05-30,cc7f5f4a52f0ac726d1dadf6d2de681579825fff
renovate[bot],https://api.github.com/repos/appium/appium/pulls/18704,https://api.github.com/repos/appium/appium/issues/18704,closed,2023-05-29,2023-06-14,,72e37ec558b66e91481404f66831615b8b60c22e
renovate[bot],https://api.github.com/repos/appium/appium/pulls/18702,https://api.github.com/repos/appium/appium/issues/18702,closed,2023-05-27,2023-05-27,2023-05-27,a98d9c33c761af6870411721cc0d6c4491b43940
renovate[bot],https://api.github.com/repos/appium/appium/pulls/18701,https://api.github.com/repos/appium/appium/issues/18701,closed,2023-05-27,2023-05-27,2023-05-27,1a2260bb15d75e4f4c23551dc61529108a7b0d88
renovate[bot],https://api.github.com/repos/appium/appium/pulls/18700,https://api.github.com/repos/appium/appium/issues/18700,closed,2023-05-27,2023-05-27,2023-05-27,4c52fdf1d0853f05fef58841e73c95144e1a98f3
renovate[bot],https://api.github.com/repos/appium/appium/pulls/18698,https://api.github.com/repos/appium/appium/issues/18698,closed,2023-05-26,2023-05-26,2023-05-26,e96724077ef2b5b8aae203856195f3bb8de56116
mykola-mokhnach,https://api.github.com/repos/appium/appium/pulls/18696,https://api.github.com/repos/appium/appium/issues/18696,closed,2023-05-25,2023-05-25,2023-05-25,0497090a90e6219a383125543780cd71269a4604
renovate[bot],https://api.github.com/repos/appium/appium/pulls/18693,https://api.github.com/repos/appium/appium/issues/18693,closed,2023-05-25,2023-05-25,2023-05-25,19277f6e14a56e52b4669d633e148ad4a3da2c7a
christian-bromann,https://api.github.com/repos/appium/appium/pulls/18691,https://api.github.com/repos/appium/appium/issues/18691,closed,2023-05-24,2023-06-01,2023-05-27,a959eec9cf36c143f2061b65eefca66573f77310
boneskull,https://api.github.com/repos/appium/appium/pulls/18690,https://api.github.com/repos/appium/appium/issues/18690,closed,2023-05-24,2023-05-31,2023-05-31,fd2c72fd886ecaaf0f6588a328ff8a268a54fb55
renovate[bot],https://api.github.com/repos/appium/appium/pulls/18689,https://api.github.com/repos/appium/appium/issues/18689,closed,2023-05-24,2023-05-24,2023-05-24,4c61d533b8f52131a637f5cd0b019375f85f075f
renovate[bot],https://api.github.com/repos/appium/appium/pulls/18687,https://api.github.com/repos/appium/appium/issues/18687,closed,2023-05-24,2023-05-24,2023-05-24,325d2372078ee01e8fb58613ffd13417f2527151
boneskull,https://api.github.com/repos/appium/appium/pulls/18686,https://api.github.com/repos/appium/appium/issues/18686,closed,2023-05-23,2023-05-24,2023-05-24,f5b112bcca404e046411307f036f607331af8981
renovate[bot],https://api.github.com/repos/appium/appium/pulls/18684,https://api.github.com/repos/appium/appium/issues/18684,closed,2023-05-23,2023-05-23,2023-05-23,5a555090c5322318f845415d743ee5c645fb94a0
renovate[bot],https://api.github.com/repos/appium/appium/pulls/18680,https://api.github.com/repos/appium/appium/issues/18680,closed,2023-05-23,2023-05-23,2023-05-23,81ed72f19d7270c2e5cbd53435eec195ffa7f630
mykola-mokhnach,https://api.github.com/repos/appium/appium/pulls/18679,https://api.github.com/repos/appium/appium/issues/18679,closed,2023-05-23,2023-05-25,2023-05-25,dfae94e7f366ef8afcdd9c1ae70cd3f547c0061f
boneskull,https://api.github.com/repos/appium/appium/pulls/18676,https://api.github.com/repos/appium/appium/issues/18676,closed,2023-05-22,2023-05-24,2023-05-24,2766dcca4cfdc74904cc21f4881d748ed8ffd198
mykola-mokhnach,https://api.github.com/repos/appium/appium/pulls/18674,https://api.github.com/repos/appium/appium/issues/18674,closed,2023-05-22,2023-05-24,2023-05-24,8f63dabb5dca882e522026f243e3445f5418874b
renovate[bot],https://api.github.com/repos/appium/appium/pulls/18671,https://api.github.com/repos/appium/appium/issues/18671,closed,2023-05-22,2023-05-22,2023-05-22,f34c75c65068a299ab4d3427233e771e796fc43a
renovate[bot],https://api.github.com/repos/appium/appium/pulls/18670,https://api.github.com/repos/appium/appium/issues/18670,closed,2023-05-22,2023-05-22,2023-05-22,39d68f17a296a2528281403e40febc66e7c63073
renovate[bot],https://api.github.com/repos/appium/appium/pulls/18668,https://api.github.com/repos/appium/appium/issues/18668,closed,2023-05-21,2023-05-21,2023-05-21,528dcfe324e75e48471cdb694448c2a09ec2d828
renovate[bot],https://api.github.com/repos/appium/appium/pulls/18667,https://api.github.com/repos/appium/appium/issues/18667,closed,2023-05-21,2023-05-21,2023-05-21,4d7f39b5f8ab1ba2ff0c34197b60ef9b4cbb5fed
renovate[bot],https://api.github.com/repos/appium/appium/pulls/18666,https://api.github.com/repos/appium/appium/issues/18666,closed,2023-05-21,2023-05-21,2023-05-21,8594d13bf6a1cb59bc76cbe2d39976ae86cdb3b2
renovate[bot],https://api.github.com/repos/appium/appium/pulls/18664,https://api.github.com/repos/appium/appium/issues/18664,closed,2023-05-20,2023-05-20,2023-05-20,a0b434dff7a4e425f66915e12266a6e943d10372
renovate[bot],https://api.github.com/repos/appium/appium/pulls/18663,https://api.github.com/repos/appium/appium/issues/18663,closed,2023-05-20,2023-05-20,2023-05-20,19a5ae45377ebddb42e5b9740a629042596fa657
renovate[bot],https://api.github.com/repos/appium/appium/pulls/18661,https://api.github.com/repos/appium/appium/issues/18661,closed,2023-05-20,2023-05-20,2023-05-20,fc831d247580cfd0e8f610d94e42c3cabc3cad28
renovate[bot],https://api.github.com/repos/appium/appium/pulls/18660,https://api.github.com/repos/appium/appium/issues/18660,closed,2023-05-20,2023-05-20,2023-05-20,cb1a97fc8efd9899c5193ca805770f1549f74031
boneskull,https://api.github.com/repos/appium/appium/pulls/18659,https://api.github.com/repos/appium/appium/issues/18659,closed,2023-05-19,2023-05-19,2023-05-19,63a429c53bf3da353e018ed86ec24e32bf238d18
boneskull,https://api.github.com/repos/appium/appium/pulls/18657,https://api.github.com/repos/appium/appium/issues/18657,closed,2023-05-19,2023-05-19,2023-05-19,f0ebe2e02f3e4164f07fd10ca36f460ff7a61682
mykola-mokhnach,https://api.github.com/repos/appium/appium/pulls/18652,https://api.github.com/repos/appium/appium/issues/18652,closed,2023-05-19,2023-05-19,2023-05-19,f512e596eb54edb5ca8993b3451aa4a22184bc57
renovate[bot],https://api.github.com/repos/appium/appium/pulls/18651,https://api.github.com/repos/appium/appium/issues/18651,closed,2023-05-19,2023-05-19,2023-05-19,5e351dc503505cb3996c97e8ef2c01f1bed37cd1
boneskull,https://api.github.com/repos/appium/appium/pulls/18650,https://api.github.com/repos/appium/appium/issues/18650,closed,2023-05-18,2023-05-19,2023-05-19,6aec50b074d7c649d494c060eaecbe3b9377cc0f
boneskull,https://api.github.com/repos/appium/appium/pulls/18649,https://api.github.com/repos/appium/appium/issues/18649,closed,2023-05-18,2023-05-19,2023-05-18,ea42548442713f3fefa711719d4ad54dff212f04
boneskull,https://api.github.com/repos/appium/appium/pulls/18648,https://api.github.com/repos/appium/appium/issues/18648,closed,2023-05-18,2023-05-19,2023-05-19,ba07d2a854d271fa1044b9420f19fe318c0606a4
mykola-mokhnach,https://api.github.com/repos/appium/appium/pulls/18647,https://api.github.com/repos/appium/appium/issues/18647,closed,2023-05-18,2023-05-19,2023-05-19,3eec0227a21e5c75d1d4bb136656cedc5d4acfd4
jlipps,https://api.github.com/repos/appium/appium/pulls/18639,https://api.github.com/repos/appium/appium/issues/18639,closed,2023-05-12,2023-05-19,2023-05-15,d891c9570a7dedef2c378405b262d3e5ff2f8f95
jlipps,https://api.github.com/repos/appium/appium/pulls/18636,https://api.github.com/repos/appium/appium/issues/18636,closed,2023-05-11,2023-05-12,2023-05-12,37e6376d10d1e71efacc81f756541894f3854300
jlipps,https://api.github.com/repos/appium/appium/pulls/18635,https://api.github.com/repos/appium/appium/issues/18635,closed,2023-05-11,2023-05-11,2023-05-11,5ceaa5b38a4346c03633d4f6492d9b3f50939ac9
julismannata,https://api.github.com/repos/appium/appium/pulls/18633,https://api.github.com/repos/appium/appium/issues/18633,closed,2023-05-11,2023-05-11,,3c96947471cfe5278f041a22e44ceb333ea1d7a6
KazuCocoa,https://api.github.com/repos/appium/appium/pulls/18630,https://api.github.com/repos/appium/appium/issues/18630,closed,2023-05-10,2023-05-15,2023-05-15,ac4d4f7262c56c9fcc7a96ec0bcd8ce4dcc65abd
eglitise,https://api.github.com/repos/appium/appium/pulls/18629,https://api.github.com/repos/appium/appium/issues/18629,closed,2023-05-09,2023-05-10,2023-05-10,cfa7b2d4427d4d4242a9dc18bc344a66c5a42521
renovate[bot],https://api.github.com/repos/appium/appium/pulls/18626,https://api.github.com/repos/appium/appium/issues/18626,closed,2023-05-07,2023-05-24,2023-05-24,39a59c8bb3aee972172ab1c996d9cc3d0fee8ec9
renovate[bot],https://api.github.com/repos/appium/appium/pulls/18625,https://api.github.com/repos/appium/appium/issues/18625,closed,2023-05-07,2023-05-07,2023-05-07,3c4d3acc09d2ca1ed74dc77c18c62482e4c70239
renovate[bot],https://api.github.com/repos/appium/appium/pulls/18624,https://api.github.com/repos/appium/appium/issues/18624,closed,2023-05-07,2023-05-07,2023-05-07,2f26c51dac7ff1e82f4a95b64a4ca0932915c613
renovate[bot],https://api.github.com/repos/appium/appium/pulls/18622,https://api.github.com/repos/appium/appium/issues/18622,closed,2023-05-06,2023-05-06,2023-05-06,155f24bb4d8c3decab0f3060761961366a9cc216
KazuCocoa,https://api.github.com/repos/appium/appium/pulls/18621,https://api.github.com/repos/appium/appium/issues/18621,closed,2023-05-06,2023-05-09,2023-05-09,c8d707df90aa1ff1f3da3494829d828732426677
renovate[bot],https://api.github.com/repos/appium/appium/pulls/18620,https://api.github.com/repos/appium/appium/issues/18620,closed,2023-05-06,2023-05-06,2023-05-06,74f29cfd5e87f71337a2052ca7353a3c6c708ce2
jlipps,https://api.github.com/repos/appium/appium/pulls/18618,https://api.github.com/repos/appium/appium/issues/18618,closed,2023-05-05,2023-05-08,2023-05-08,40e5199caa0bb6166af5af714f03d26fc5936b97
jlipps,https://api.github.com/repos/appium/appium/pulls/18617,https://api.github.com/repos/appium/appium/issues/18617,closed,2023-05-05,2023-05-08,2023-05-08,cdfe7c3d82a61776a784236140dff94ff1f34540
renovate[bot],https://api.github.com/repos/appium/appium/pulls/18612,https://api.github.com/repos/appium/appium/issues/18612,closed,2023-05-05,2023-05-05,2023-05-05,25fd473b9888cb07f3311d77f5f4854d5a65231c
KazuCocoa,https://api.github.com/repos/appium/appium/pulls/18608,https://api.github.com/repos/appium/appium/issues/18608,closed,2023-05-04,2023-05-08,2023-05-06,ac85f051a7b5cb2265f1a630ed5aa00960f43c19
renovate[bot],https://api.github.com/repos/appium/appium/pulls/18602,https://api.github.com/repos/appium/appium/issues/18602,closed,2023-05-03,2023-05-03,2023-05-03,55060f8e8fc18bfe2d868ef989e25a5372a095b1
renovate[bot],https://api.github.com/repos/appium/appium/pulls/18599,https://api.github.com/repos/appium/appium/issues/18599,closed,2023-05-02,2023-05-02,2023-05-02,c311c48c55239c1e5def156a274c1fbb16e54d5e
renovate[bot],https://api.github.com/repos/appium/appium/pulls/18598,https://api.github.com/repos/appium/appium/issues/18598,closed,2023-05-02,2023-05-02,2023-05-02,869b7aa4a21fba6612db6f0365cb081cbdf7fac2
renovate[bot],https://api.github.com/repos/appium/appium/pulls/18597,https://api.github.com/repos/appium/appium/issues/18597,closed,2023-05-02,2023-05-02,2023-05-02,82e2150c66f6eb12f4a4fa331b7b599c9e0affca
triager,https://api.github.com/repos/appium/appium/pulls/18596,https://api.github.com/repos/appium/appium/issues/18596,closed,2023-05-02,2023-05-03,,8c788aacf5f1f0410eac2fb9ae3c9d5b23396a95
renovate[bot],https://api.github.com/repos/appium/appium/pulls/18594,https://api.github.com/repos/appium/appium/issues/18594,closed,2023-05-01,2023-05-01,2023-05-01,94a207fc9718068f3657c51cc8be0ef682f16b11
renovate[bot],https://api.github.com/repos/appium/appium/pulls/18593,https://api.github.com/repos/appium/appium/issues/18593,closed,2023-05-01,2023-05-01,2023-05-01,c568523e017a8b52bdf5132a48bbfde791de704f
renovate[bot],https://api.github.com/repos/appium/appium/pulls/18592,https://api.github.com/repos/appium/appium/issues/18592,closed,2023-05-01,2023-05-01,2023-05-01,91a6bc5925ab8ffc4ab6d05883900f7d186e49a9
KazuCocoa,https://api.github.com/repos/appium/appium/pulls/18591,https://api.github.com/repos/appium/appium/issues/18591,closed,2023-04-30,2023-05-02,2023-05-02,a4e9c5c24008c5f785677c3a4a5470a47adfb808
renovate[bot],https://api.github.com/repos/appium/appium/pulls/18590,https://api.github.com/repos/appium/appium/issues/18590,closed,2023-04-30,2023-04-30,2023-04-30,6499eea0af6aea1bfb69b1e36c4c445e3ab05b82
mykola-mokhnach,https://api.github.com/repos/appium/appium/pulls/18589,https://api.github.com/repos/appium/appium/issues/18589,closed,2023-04-30,2023-05-02,2023-05-02,6f10078591e767925929a01f399e28fe7cef6852
renovate[bot],https://api.github.com/repos/appium/appium/pulls/18588,https://api.github.com/repos/appium/appium/issues/18588,closed,2023-04-30,2023-04-30,2023-04-30,add0eaa05f476a5f2708925a43f2bc16cad75872
renovate[bot],https://api.github.com/repos/appium/appium/pulls/18587,https://api.github.com/repos/appium/appium/issues/18587,closed,2023-04-30,2023-04-30,2023-04-30,3d1e4af858ea21bcf3ab1e1015aa7bdf1776f3ce
renovate[bot],https://api.github.com/repos/appium/appium/pulls/18586,https://api.github.com/repos/appium/appium/issues/18586,closed,2023-04-29,2023-04-29,2023-04-29,e7df6fd4f054d6ad6eb4125f77e7e0d58bc05ebf
renovate[bot],https://api.github.com/repos/appium/appium/pulls/18585,https://api.github.com/repos/appium/appium/issues/18585,closed,2023-04-29,2023-04-29,2023-04-29,c37072e6a95f2d51cc16bd7d8698c3f1737f8a35
mykola-mokhnach,https://api.github.com/repos/appium/appium/pulls/18584,https://api.github.com/repos/appium/appium/issues/18584,closed,2023-04-28,2023-05-02,2023-05-02,1da9de4225ee177fa784bfaab4cf5fb91ec0f4f2
renovate[bot],https://api.github.com/repos/appium/appium/pulls/18582,https://api.github.com/repos/appium/appium/issues/18582,closed,2023-04-28,2023-04-28,2023-04-28,864ab11b8a76fa83d1e227bcdecb18f28d73b16e
Chaitya62,https://api.github.com/repos/appium/appium/pulls/18580,https://api.github.com/repos/appium/appium/issues/18580,closed,2023-04-28,2023-05-24,2023-05-05,e68f17b3cc243691261bb004f63a5441e5aa7a78
renovate[bot],https://api.github.com/repos/appium/appium/pulls/18579,https://api.github.com/repos/appium/appium/issues/18579,closed,2023-04-27,2023-04-27,2023-04-27,b2bda2188bf829a0909016c5a01e07f5e9a8be44
renovate[bot],https://api.github.com/repos/appium/appium/pulls/18577,https://api.github.com/repos/appium/appium/issues/18577,closed,2023-04-26,2023-04-26,2023-04-26,ddadd6977d76a8a5ce1559d2a4ff4a31b58fb42f
renovate[bot],https://api.github.com/repos/appium/appium/pulls/18576,https://api.github.com/repos/appium/appium/issues/18576,closed,2023-04-26,2023-04-26,2023-04-26,fa681f6355f13b3fdccc5a2729d601dac9889bff
mykola-mokhnach,https://api.github.com/repos/appium/appium/pulls/18575,https://api.github.com/repos/appium/appium/issues/18575,closed,2023-04-26,2023-04-27,2023-04-27,4f564ef7ad350831b90994ffd4e8b00de227577d
renovate[bot],https://api.github.com/repos/appium/appium/pulls/18574,https://api.github.com/repos/appium/appium/issues/18574,closed,2023-04-26,2023-04-26,2023-04-26,522177f1d3cacac106e0ea05177d8a49cf4dca83
mykola-mokhnach,https://api.github.com/repos/appium/appium/pulls/18572,https://api.github.com/repos/appium/appium/issues/18572,closed,2023-04-25,2023-04-26,2023-04-26,ab7958c8e8d3db45ffad35bfe97dbb1a39c355ba
renovate[bot],https://api.github.com/repos/appium/appium/pulls/18571,https://api.github.com/repos/appium/appium/issues/18571,closed,2023-04-25,2023-04-25,2023-04-25,1e4bc0a273e7a6e49dc5fac143daa216e68be1bf
mykola-mokhnach,https://api.github.com/repos/appium/appium/pulls/18570,https://api.github.com/repos/appium/appium/issues/18570,closed,2023-04-25,2023-04-25,2023-04-25,9f8b9cef70e3dbb74f3f69895b9be906b4b9354b
mykola-mokhnach,https://api.github.com/repos/appium/appium/pulls/18569,https://api.github.com/repos/appium/appium/issues/18569,closed,2023-04-24,2023-04-25,2023-04-25,2fb844c8ad5ea1e36c326ce5cf46869c0ff0d4f9
renovate[bot],https://api.github.com/repos/appium/appium/pulls/18567,https://api.github.com/repos/appium/appium/issues/18567,closed,2023-04-24,2023-04-24,2023-04-24,65f74d818f9d917b8ba8b51181a773da447e73bb
renovate[bot],https://api.github.com/repos/appium/appium/pulls/18565,https://api.github.com/repos/appium/appium/issues/18565,closed,2023-04-24,2023-04-24,2023-04-24,cf398bdfd6bb3034d11258e5f6912d48e3c7cb89
devhazem,https://api.github.com/repos/appium/appium/pulls/18562,https://api.github.com/repos/appium/appium/issues/18562,closed,2023-04-23,2023-06-06,,89848d0c95e91d05da8b495f147295ca38f8bc83
renovate[bot],https://api.github.com/repos/appium/appium/pulls/18561,https://api.github.com/repos/appium/appium/issues/18561,closed,2023-04-23,2023-04-23,2023-04-23,ddfca214bf00476265ec35320844b9361d0fe9dc
renovate[bot],https://api.github.com/repos/appium/appium/pulls/18560,https://api.github.com/repos/appium/appium/issues/18560,closed,2023-04-23,2023-04-23,2023-04-23,0f19902918cd1b8305c4ed0e8e20cb748b0f49c3
renovate[bot],https://api.github.com/repos/appium/appium/pulls/18559,https://api.github.com/repos/appium/appium/issues/18559,closed,2023-04-22,2023-04-22,2023-04-22,9ad7279fa70d7198a8d02f0f206397cb4a830e1d
renovate[bot],https://api.github.com/repos/appium/appium/pulls/18558,https://api.github.com/repos/appium/appium/issues/18558,closed,2023-04-22,2023-04-22,2023-04-22,66922279b7742a08613f472585a4a1cb70f80683
renovate[bot],https://api.github.com/repos/appium/appium/pulls/18557,https://api.github.com/repos/appium/appium/issues/18557,closed,2023-04-21,2023-04-21,2023-04-21,61ca898c4730a821ea4b3b1e9c6a70a03d4787da
renovate[bot],https://api.github.com/repos/appium/appium/pulls/18556,https://api.github.com/repos/appium/appium/issues/18556,closed,2023-04-21,2023-04-21,2023-04-21,d3c30e5079a0f1787f6df03aacf776c60aaa5398
mykola-mokhnach,https://api.github.com/repos/appium/appium/pulls/18555,https://api.github.com/repos/appium/appium/issues/18555,closed,2023-04-20,2023-04-24,2023-04-24,2796639b1183f0efbae8d7adb6d24570d5d4fde4
boneskull,https://api.github.com/repos/appium/appium/pulls/18547,https://api.github.com/repos/appium/appium/issues/18547,closed,2023-04-19,2023-04-20,2023-04-20,93bddb4c73ab16fffda09909786074b9e5f2b7e5
KazuCocoa,https://api.github.com/repos/appium/appium/pulls/18546,https://api.github.com/repos/appium/appium/issues/18546,closed,2023-04-19,2023-04-20,2023-04-19,1f9a625f007ba496e0005266f3a6ff1edbf59447
renovate[bot],https://api.github.com/repos/appium/appium/pulls/18541,https://api.github.com/repos/appium/appium/issues/18541,closed,2023-04-19,2023-04-20,2023-04-20,45cd43488ce3e7a3c32864912d8fb104934f90d8
boneskull,https://api.github.com/repos/appium/appium/pulls/18540,https://api.github.com/repos/appium/appium/issues/18540,closed,2023-04-18,2023-04-18,2023-04-18,66459e991e1b5696e97d8850d5d827ff4fb31d49
renovate[bot],https://api.github.com/repos/appium/appium/pulls/18532,https://api.github.com/repos/appium/appium/issues/18532,closed,2023-04-18,2023-04-18,2023-04-18,611a63f0ae98d64886f0d4f9aa9bee83ad73e1b2
renovate[bot],https://api.github.com/repos/appium/appium/pulls/18531,https://api.github.com/repos/appium/appium/issues/18531,closed,2023-04-18,2023-04-18,2023-04-18,e4863778c7e1142abc13412c8dad7ecb415b1dda
jlipps,https://api.github.com/repos/appium/appium/pulls/18530,https://api.github.com/repos/appium/appium/issues/18530,closed,2023-04-17,2023-04-20,2023-04-20,35b5ac72abf8d673a96b51bc6bfef0246fcc9653
boneskull,https://api.github.com/repos/appium/appium/pulls/18529,https://api.github.com/repos/appium/appium/issues/18529,closed,2023-04-17,2023-04-19,2023-04-19,c85b89ecbe28f2fd720d73fca7cd11f283eb9a0a
jlipps,https://api.github.com/repos/appium/appium/pulls/18528,https://api.github.com/repos/appium/appium/issues/18528,closed,2023-04-17,2023-04-17,2023-04-17,6ba5c52e98aa42e095f4f9a5da60a540fddc822c
jlipps,https://api.github.com/repos/appium/appium/pulls/18526,https://api.github.com/repos/appium/appium/issues/18526,closed,2023-04-17,2023-05-31,2023-05-31,40fc097eda771ba7564ab81d75fed1d53425a5ed
boneskull,https://api.github.com/repos/appium/appium/pulls/18525,https://api.github.com/repos/appium/appium/issues/18525,closed,2023-04-17,2023-04-17,2023-04-17,fe96af91f27ea04f1c9f11476ca7bc362fe07189
boneskull,https://api.github.com/repos/appium/appium/pulls/18524,https://api.github.com/repos/appium/appium/issues/18524,closed,2023-04-17,2023-04-17,2023-04-17,52ae548ddc5f2d1ca95f3d4ce65bb92750b91ea1
boneskull,https://api.github.com/repos/appium/appium/pulls/18523,https://api.github.com/repos/appium/appium/issues/18523,closed,2023-04-17,2023-04-17,2023-04-17,a314166585491886e35f8fccb3261d3e6ddc1845
renovate[bot],https://api.github.com/repos/appium/appium/pulls/18520,https://api.github.com/repos/appium/appium/issues/18520,closed,2023-04-16,2023-12-05,,5cd54ae731ab3b156e1ce9e05c904afdb00f6415
mohanjith,https://api.github.com/repos/appium/appium/pulls/18519,https://api.github.com/repos/appium/appium/issues/18519,closed,2023-04-14,2023-04-14,2023-04-14,59e4367cc832ced431259b476dc3c20775595e37
vishalshah133,https://api.github.com/repos/appium/appium/pulls/18518,https://api.github.com/repos/appium/appium/issues/18518,closed,2023-04-14,2023-04-17,2023-04-17,5d705851f2a771b07f0d6c33ab36886ca71153cd
renovate[bot],https://api.github.com/repos/appium/appium/pulls/18516,https://api.github.com/repos/appium/appium/issues/18516,closed,2023-04-14,2023-04-14,2023-04-14,9214c15d588428683d477a49909e97815e6c512e
renovate[bot],https://api.github.com/repos/appium/appium/pulls/18515,https://api.github.com/repos/appium/appium/issues/18515,closed,2023-04-14,2023-04-14,2023-04-14,78bc0926db83f586db4683b008737b6254ec6ebe
renovate[bot],https://api.github.com/repos/appium/appium/pulls/18514,https://api.github.com/repos/appium/appium/issues/18514,closed,2023-04-14,2023-04-14,2023-04-14,c7d9a456d891d29ef87736fed7843214ce3096a8
boneskull,https://api.github.com/repos/appium/appium/pulls/18513,https://api.github.com/repos/appium/appium/issues/18513,closed,2023-04-13,2023-04-14,2023-04-14,640e0ae30f12c375befdd357872956d0355432ef
renovate[bot],https://api.github.com/repos/appium/appium/pulls/18511,https://api.github.com/repos/appium/appium/issues/18511,closed,2023-04-13,2023-04-13,2023-04-13,e8590c77e7d3e8645d725bd095ada2270f01029f
renovate[bot],https://api.github.com/repos/appium/appium/pulls/18505,https://api.github.com/repos/appium/appium/issues/18505,closed,2023-04-12,2024-01-27,,3586ce5faa5e5cda8aca3dcc524a2871ae4db4f8
renovate[bot],https://api.github.com/repos/appium/appium/pulls/18501,https://api.github.com/repos/appium/appium/issues/18501,closed,2023-04-12,2023-04-12,2023-04-12,6ae86bd5c7be879a4d8852951d73eb2f68128df3
renovate[bot],https://api.github.com/repos/appium/appium/pulls/18500,https://api.github.com/repos/appium/appium/issues/18500,closed,2023-04-12,2023-12-05,,8f1d0149d8493c2cb89e7b6172f0af88b9cdc415
boneskull,https://api.github.com/repos/appium/appium/pulls/18497,https://api.github.com/repos/appium/appium/issues/18497,closed,2023-04-11,2023-04-11,2023-04-11,63e28a014cf9af8bba9595d83f513bfb7026ae9a
boneskull,https://api.github.com/repos/appium/appium/pulls/18496,https://api.github.com/repos/appium/appium/issues/18496,closed,2023-04-11,2023-07-07,,37f9b32ca8a548d326d2b92275924957262d4c31
renovate[bot],https://api.github.com/repos/appium/appium/pulls/18495,https://api.github.com/repos/appium/appium/issues/18495,closed,2023-04-11,2023-04-12,2023-04-12,f42374eb6d73e95829a433f0713b8beb0dbc2116
renovate[bot],https://api.github.com/repos/appium/appium/pulls/18494,https://api.github.com/repos/appium/appium/issues/18494,closed,2023-04-11,2023-04-12,2023-04-12,d6c70f2f526af4d91e6c2de940bbfa3208a7ffa4
boneskull,https://api.github.com/repos/appium/appium/pulls/18493,https://api.github.com/repos/appium/appium/issues/18493,closed,2023-04-10,2023-04-11,2023-04-11,e35bc504549c13540d7d2a5640c7181f174d96a2
renovate[bot],https://api.github.com/repos/appium/appium/pulls/18491,https://api.github.com/repos/appium/appium/issues/18491,closed,2023-04-10,2023-05-18,2023-05-18,e1fa6c21336c0b58c6d32ce327967f875d1b60bd
renovate[bot],https://api.github.com/repos/appium/appium/pulls/18490,https://api.github.com/repos/appium/appium/issues/18490,closed,2023-04-10,2023-08-02,2023-08-02,aaf31a577cb0b9cbe22646dcd888dc393a03aa11
renovate[bot],https://api.github.com/repos/appium/appium/pulls/18489,https://api.github.com/repos/appium/appium/issues/18489,closed,2023-04-10,2023-06-15,,669dffa8f730ba357cd117004bf79800065d5fe3
renovate[bot],https://api.github.com/repos/appium/appium/pulls/18487,https://api.github.com/repos/appium/appium/issues/18487,closed,2023-04-09,2023-04-10,2023-04-10,116c9a66e2dd48d20ee8b470d97c57444b7a62a3
renovate[bot],https://api.github.com/repos/appium/appium/pulls/18486,https://api.github.com/repos/appium/appium/issues/18486,closed,2023-04-09,2023-04-11,,8de9db31c3418783475f56321f28e32e808b5484
renovate[bot],https://api.github.com/repos/appium/appium/pulls/18485,https://api.github.com/repos/appium/appium/issues/18485,closed,2023-04-09,2023-04-09,2023-04-09,04b542cfcd9a3c51f04ea517283e827c684c4a72
renovate[bot],https://api.github.com/repos/appium/appium/pulls/18484,https://api.github.com/repos/appium/appium/issues/18484,closed,2023-04-08,2023-04-08,2023-04-08,c39be81d04b9738cd639bb5dd82adf584f691f8f
renovate[bot],https://api.github.com/repos/appium/appium/pulls/18483,https://api.github.com/repos/appium/appium/issues/18483,closed,2023-04-08,2023-04-08,2023-04-08,cf7b4d84af5ad89a9787f2c9542b80d61e311306
renovate[bot],https://api.github.com/repos/appium/appium/pulls/18482,https://api.github.com/repos/appium/appium/issues/18482,closed,2023-04-08,2023-04-08,2023-04-08,efc847380aae682c1a8666f4a921d34a1c49d6a7
renovate[bot],https://api.github.com/repos/appium/appium/pulls/18481,https://api.github.com/repos/appium/appium/issues/18481,closed,2023-04-08,2023-04-08,2023-04-08,5a3666f653f430dd0bba566cb9c51de9c2cd80e6
boneskull,https://api.github.com/repos/appium/appium/pulls/18480,https://api.github.com/repos/appium/appium/issues/18480,closed,2023-04-07,2023-04-10,2023-04-10,377e9825de74d9929631fb331e6d348c9df0964e
boneskull,https://api.github.com/repos/appium/appium/pulls/18479,https://api.github.com/repos/appium/appium/issues/18479,closed,2023-04-07,2023-04-10,2023-04-10,5ab2fea5768ef8c67270d49c920b9515ca1ff1e4
boneskull,https://api.github.com/repos/appium/appium/pulls/18478,https://api.github.com/repos/appium/appium/issues/18478,closed,2023-04-07,2023-04-07,2023-04-07,1d5070e891c161e171198586c4e49f7bf274705d
boneskull,https://api.github.com/repos/appium/appium/pulls/18477,https://api.github.com/repos/appium/appium/issues/18477,closed,2023-04-07,2023-04-07,2023-04-07,42953b2addb01bc0eb012c165b22854f8e25c56b
renovate[bot],https://api.github.com/repos/appium/appium/pulls/18473,https://api.github.com/repos/appium/appium/issues/18473,closed,2023-04-07,2023-04-08,2023-04-08,5790924bf89d55352bd5e20b14377b2bffc0cbf1
renovate[bot],https://api.github.com/repos/appium/appium/pulls/18472,https://api.github.com/repos/appium/appium/issues/18472,closed,2023-04-07,2023-04-07,2023-04-07,d0f479f7a8b666efb36cba5e661c75d531457759
boneskull,https://api.github.com/repos/appium/appium/pulls/18471,https://api.github.com/repos/appium/appium/issues/18471,closed,2023-04-06,2023-04-07,2023-04-07,39b7cd50842ddee843d4ba0c6f561e57cef39c7d
boneskull,https://api.github.com/repos/appium/appium/pulls/18470,https://api.github.com/repos/appium/appium/issues/18470,closed,2023-04-06,2023-04-06,2023-04-06,afc7e34402263077685296610acf7e21c6273833
boneskull,https://api.github.com/repos/appium/appium/pulls/18469,https://api.github.com/repos/appium/appium/issues/18469,closed,2023-04-06,2023-04-06,2023-04-06,eef4e3447aa07134a1d1d0386c8a89c2858dd2b2
renovate[bot],https://api.github.com/repos/appium/appium/pulls/18464,https://api.github.com/repos/appium/appium/issues/18464,closed,2023-04-06,2023-04-06,2023-04-06,d6c42e99c08efce0b34796d5982ce379fca044d3
renovate[bot],https://api.github.com/repos/appium/appium/pulls/18463,https://api.github.com/repos/appium/appium/issues/18463,closed,2023-04-06,2023-04-06,2023-04-06,6cf14802b70a462beffc12a1134476596060c005
mykola-mokhnach,https://api.github.com/repos/appium/appium/pulls/18462,https://api.github.com/repos/appium/appium/issues/18462,closed,2023-04-06,2023-04-20,2023-04-12,297f4995f8382f1e398c8a266942fa4045194357
renovate[bot],https://api.github.com/repos/appium/appium/pulls/18461,https://api.github.com/repos/appium/appium/issues/18461,closed,2023-04-06,2023-04-06,2023-04-06,d5090155ad77a6e9c3fe6edd0a5a0a5cb513ec27
renovate[bot],https://api.github.com/repos/appium/appium/pulls/18460,https://api.github.com/repos/appium/appium/issues/18460,closed,2023-04-06,2023-04-06,2023-04-06,e67890f4639de8679ae45aac882c39710538e9b8
boneskull,https://api.github.com/repos/appium/appium/pulls/18459,https://api.github.com/repos/appium/appium/issues/18459,closed,2023-04-06,2023-04-10,2023-04-10,9d9f18e357a00fd6bb7da7c857aa6310738b3437
boneskull,https://api.github.com/repos/appium/appium/pulls/18458,https://api.github.com/repos/appium/appium/issues/18458,closed,2023-04-06,2023-04-10,2023-04-10,e9426fcfecc1d47ab503fc72af4236c4f1ac4b1e
boneskull,https://api.github.com/repos/appium/appium/pulls/18454,https://api.github.com/repos/appium/appium/issues/18454,closed,2023-04-05,2023-04-05,2023-04-05,00dbd28190bc5ff6e565b326fa4e946e300af352
boneskull,https://api.github.com/repos/appium/appium/pulls/18453,https://api.github.com/repos/appium/appium/issues/18453,closed,2023-04-05,2023-04-05,2023-04-05,b808dc866d6587269d8adbe8d354471b3a1ba6de
boneskull,https://api.github.com/repos/appium/appium/pulls/18452,https://api.github.com/repos/appium/appium/issues/18452,closed,2023-04-05,2023-04-05,2023-04-05,825833d1adcddfe5bbb8832d7d658b9d301bd69b
boneskull,https://api.github.com/repos/appium/appium/pulls/18446,https://api.github.com/repos/appium/appium/issues/18446,closed,2023-04-04,2023-04-04,2023-04-04,bb11d1cfe9681ccd457f0677118725a6e9ddd72f
boneskull,https://api.github.com/repos/appium/appium/pulls/18445,https://api.github.com/repos/appium/appium/issues/18445,closed,2023-04-04,2023-04-04,2023-04-04,822206be204599390c2f97b9b8d6c618ff53cb89
renovate[bot],https://api.github.com/repos/appium/appium/pulls/18442,https://api.github.com/repos/appium/appium/issues/18442,closed,2023-04-04,2023-04-04,2023-04-04,374c85e22a1aa64eed94560126d12296c37b682e
mykola-mokhnach,https://api.github.com/repos/appium/appium/pulls/18437,https://api.github.com/repos/appium/appium/issues/18437,closed,2023-04-03,2023-04-04,2023-04-03,07f9d41bd2d3c6fc431ea134a1247b34c63ae65a
renovate[bot],https://api.github.com/repos/appium/appium/pulls/18435,https://api.github.com/repos/appium/appium/issues/18435,closed,2023-04-03,2023-04-03,2023-04-03,d8b633406a68e88cdd945906dde3f23a2a566a71
boneskull,https://api.github.com/repos/appium/appium/pulls/18434,https://api.github.com/repos/appium/appium/issues/18434,closed,2023-03-31,2023-04-03,2023-04-03,41eab2c938cb2c798352ed87036b0006719c81a3
boneskull,https://api.github.com/repos/appium/appium/pulls/18433,https://api.github.com/repos/appium/appium/issues/18433,closed,2023-03-31,2023-04-03,2023-04-03,296c29ad8499d8ac132a785580d71617fdaf3e18
boneskull,https://api.github.com/repos/appium/appium/pulls/18432,https://api.github.com/repos/appium/appium/issues/18432,closed,2023-03-31,2023-05-24,,9db68c589dbf4a72eebae26f7b6d8741e4f6a9c1
renovate[bot],https://api.github.com/repos/appium/appium/pulls/18430,https://api.github.com/repos/appium/appium/issues/18430,closed,2023-03-31,2023-03-31,2023-03-31,b9d339eaf3527a0642f4fd904f447c80e2c2165b
renovate[bot],https://api.github.com/repos/appium/appium/pulls/18429,https://api.github.com/repos/appium/appium/issues/18429,closed,2023-03-31,2023-03-31,2023-03-31,1ea309814a285849941b16f88ac517110188715a
boneskull,https://api.github.com/repos/appium/appium/pulls/18428,https://api.github.com/repos/appium/appium/issues/18428,closed,2023-03-30,2023-03-30,2023-03-30,dff9fe428924d323f9f56256b5f42f3b06b9304a
boneskull,https://api.github.com/repos/appium/appium/pulls/18427,https://api.github.com/repos/appium/appium/issues/18427,closed,2023-03-30,2023-03-30,2023-03-30,19ff931bc04c9b8fca0eee98199b249debc4e330
boneskull,https://api.github.com/repos/appium/appium/pulls/18426,https://api.github.com/repos/appium/appium/issues/18426,closed,2023-03-30,2023-03-30,2023-03-30,47a4ddd2a3ca901d11d8e2e3fb020ef22ed5ab9e
boneskull,https://api.github.com/repos/appium/appium/pulls/18425,https://api.github.com/repos/appium/appium/issues/18425,closed,2023-03-30,2023-04-05,2023-04-05,d866bddc15eccec8d84d72645714488541129204
renovate[bot],https://api.github.com/repos/appium/appium/pulls/18421,https://api.github.com/repos/appium/appium/issues/18421,closed,2023-03-30,2023-03-30,2023-03-30,19eaaf5764b468329981d64d3df2b1b61e0829e0
renovate[bot],https://api.github.com/repos/appium/appium/pulls/18420,https://api.github.com/repos/appium/appium/issues/18420,closed,2023-03-30,2023-03-30,2023-03-30,55805390b5a0c6aa718bb357b30f66651f3db281
renovate[bot],https://api.github.com/repos/appium/appium/pulls/18419,https://api.github.com/repos/appium/appium/issues/18419,closed,2023-03-30,2023-03-30,2023-03-30,e94275c2292f6d4763dc980c53cb16f6348d6c79
renovate[bot],https://api.github.com/repos/appium/appium/pulls/18418,https://api.github.com/repos/appium/appium/issues/18418,closed,2023-03-30,2023-03-30,2023-03-30,f795fe6056acd3c770a556336af6e6b78e540ceb
boneskull,https://api.github.com/repos/appium/appium/pulls/18417,https://api.github.com/repos/appium/appium/issues/18417,closed,2023-03-29,2023-03-30,2023-03-30,a1723231bea6e78debf62d9ca5008e1ee52a8a59
boneskull,https://api.github.com/repos/appium/appium/pulls/18416,https://api.github.com/repos/appium/appium/issues/18416,closed,2023-03-29,2023-03-29,2023-03-29,43a0d1778f44575c2a72977d356c89325828c3a9
renovate[bot],https://api.github.com/repos/appium/appium/pulls/18411,https://api.github.com/repos/appium/appium/issues/18411,closed,2023-03-28,2023-03-28,2023-03-28,1358425e1ac1c85a73412ec5b2dcb57179905ce1
renovate[bot],https://api.github.com/repos/appium/appium/pulls/18410,https://api.github.com/repos/appium/appium/issues/18410,closed,2023-03-28,2023-03-28,2023-03-28,ad98d38efbdc86020af678c8c7a092acd6b9e1f5
renovate[bot],https://api.github.com/repos/appium/appium/pulls/18409,https://api.github.com/repos/appium/appium/issues/18409,closed,2023-03-28,2023-03-28,2023-03-28,86eb495641456e3e467f507e4d230ad1bc2901c1
renovate[bot],https://api.github.com/repos/appium/appium/pulls/18408,https://api.github.com/repos/appium/appium/issues/18408,closed,2023-03-28,2023-03-28,2023-03-28,43fa0d742589c8ed46022df04ae48c83a887ee5e
renovate[bot],https://api.github.com/repos/appium/appium/pulls/18404,https://api.github.com/repos/appium/appium/issues/18404,closed,2023-03-27,2023-03-27,2023-03-27,bc860c733a73760f0c42cbfb384e04d50c376d5e
renovate[bot],https://api.github.com/repos/appium/appium/pulls/18403,https://api.github.com/repos/appium/appium/issues/18403,closed,2023-03-27,2023-03-27,2023-03-27,d774a8428a0f0c4ecbbc8124a855bda12821ae08
renovate[bot],https://api.github.com/repos/appium/appium/pulls/18401,https://api.github.com/repos/appium/appium/issues/18401,closed,2023-03-26,2023-03-26,2023-03-26,a593269f6187154fc3a3034c1b820b934b71f249
renovate[bot],https://api.github.com/repos/appium/appium/pulls/18400,https://api.github.com/repos/appium/appium/issues/18400,closed,2023-03-25,2023-03-29,2023-03-29,bbcaec9c05e93d522ae72e30368cecc876e16db7
renovate[bot],https://api.github.com/repos/appium/appium/pulls/18399,https://api.github.com/repos/appium/appium/issues/18399,closed,2023-03-25,2023-03-25,2023-03-25,7f061d23622c87bad4069a43d0485a7e538e3386
renovate[bot],https://api.github.com/repos/appium/appium/pulls/18398,https://api.github.com/repos/appium/appium/issues/18398,closed,2023-03-25,2023-03-25,2023-03-25,2c1e1532ada94ccd811afb04182cea5f3ca2dd9f
renovate[bot],https://api.github.com/repos/appium/appium/pulls/18397,https://api.github.com/repos/appium/appium/issues/18397,closed,2023-03-25,2023-03-25,2023-03-25,89fd52a60285bcce0eed81025d963654302743a6
boneskull,https://api.github.com/repos/appium/appium/pulls/18396,https://api.github.com/repos/appium/appium/issues/18396,closed,2023-03-24,2023-03-27,2023-03-27,e8e8252c52e00cf9ac1f3e55d06ab32abae388ee
renovate[bot],https://api.github.com/repos/appium/appium/pulls/18395,https://api.github.com/repos/appium/appium/issues/18395,closed,2023-03-24,2023-03-24,2023-03-24,32a5ee91df7ca91febabfa4fd75e4414ef6b3934
renovate[bot],https://api.github.com/repos/appium/appium/pulls/18394,https://api.github.com/repos/appium/appium/issues/18394,closed,2023-03-24,2023-03-24,2023-03-24,5c0315d3bbbff793908b6f7beb9edc4b0119e261
renovate[bot],https://api.github.com/repos/appium/appium/pulls/18393,https://api.github.com/repos/appium/appium/issues/18393,closed,2023-03-24,2023-03-24,2023-03-24,6db70f41433797fc4d1f55d888b288f4af3cab27
renovate[bot],https://api.github.com/repos/appium/appium/pulls/18392,https://api.github.com/repos/appium/appium/issues/18392,closed,2023-03-24,2023-03-24,2023-03-24,1800530bf2badf25e9c1162007c6eb93242210d1
boneskull,https://api.github.com/repos/appium/appium/pulls/18391,https://api.github.com/repos/appium/appium/issues/18391,closed,2023-03-23,2023-03-28,2023-03-28,5485f0b9cd5c33dfeca61f1599edb40b2087479e
boneskull,https://api.github.com/repos/appium/appium/pulls/18390,https://api.github.com/repos/appium/appium/issues/18390,closed,2023-03-23,2023-03-27,2023-03-27,020473afc43e68215a576cb3d723b2de2de8e8ad
boneskull,https://api.github.com/repos/appium/appium/pulls/18389,https://api.github.com/repos/appium/appium/issues/18389,closed,2023-03-23,2023-03-23,2023-03-23,017216533b0604637b4c82be4d04020adc59965e
boneskull,https://api.github.com/repos/appium/appium/pulls/18387,https://api.github.com/repos/appium/appium/issues/18387,closed,2023-03-23,2023-03-24,2023-03-24,0c52b50e6595a16287d0bb71960fb2e08278de6f
renovate[bot],https://api.github.com/repos/appium/appium/pulls/18383,https://api.github.com/repos/appium/appium/issues/18383,closed,2023-03-23,2023-03-23,2023-03-23,6912fa14f2a7d338f17e1bed060e959de7aba1d6
renovate[bot],https://api.github.com/repos/appium/appium/pulls/18382,https://api.github.com/repos/appium/appium/issues/18382,closed,2023-03-23,2023-03-23,2023-03-23,45291f71f4f02b5ce50b500a7cfef3b26bb0b30c
boneskull,https://api.github.com/repos/appium/appium/pulls/18380,https://api.github.com/repos/appium/appium/issues/18380,closed,2023-03-22,2023-03-22,,6000bd0d9562286c8f3cc85369a61be8a852291d
renovate[bot],https://api.github.com/repos/appium/appium/pulls/18373,https://api.github.com/repos/appium/appium/issues/18373,closed,2023-03-21,2023-03-21,2023-03-21,ffedb6e40eb0dae898edd104ab84a10a5edeb029
renovate[bot],https://api.github.com/repos/appium/appium/pulls/18372,https://api.github.com/repos/appium/appium/issues/18372,closed,2023-03-21,2023-03-21,2023-03-21,f2dadd8f8f3007fda47ee1a752df4957cf3e050e
renovate[bot],https://api.github.com/repos/appium/appium/pulls/18371,https://api.github.com/repos/appium/appium/issues/18371,closed,2023-03-21,2023-03-21,2023-03-21,fdcd01ba351a33f689ccb208984bfb8e23923569
boneskull,https://api.github.com/repos/appium/appium/pulls/18370,https://api.github.com/repos/appium/appium/issues/18370,closed,2023-03-20,2023-03-23,2023-03-23,499bda45330719cc72eac74487bcaa0d3de0f314
mykola-mokhnach,https://api.github.com/repos/appium/appium/pulls/18369,https://api.github.com/repos/appium/appium/issues/18369,closed,2023-03-20,2023-03-22,2023-03-22,d3e91222c8a22168073509c1d62988f68f8ce4ac
renovate[bot],https://api.github.com/repos/appium/appium/pulls/18366,https://api.github.com/repos/appium/appium/issues/18366,closed,2023-03-20,2023-03-20,2023-03-20,dbc0bf69e855744ed69ff3b75a9981b313579fa2
renovate[bot],https://api.github.com/repos/appium/appium/pulls/18365,https://api.github.com/repos/appium/appium/issues/18365,closed,2023-03-20,2023-03-20,2023-03-20,23b1096caa8d235e826c1134b6702a5232d28686
erhanalankus,https://api.github.com/repos/appium/appium/pulls/18363,https://api.github.com/repos/appium/appium/issues/18363,closed,2023-03-18,2023-03-24,2023-03-24,8aa39c117f68f1ca8f514bea3fca25b5a3f8dbae
boneskull,https://api.github.com/repos/appium/appium/pulls/18362,https://api.github.com/repos/appium/appium/issues/18362,closed,2023-03-17,2023-03-23,2023-03-22,409192d0630244e072534391eb702de063d54d17
boneskull,https://api.github.com/repos/appium/appium/pulls/18361,https://api.github.com/repos/appium/appium/issues/18361,closed,2023-03-17,2023-03-23,2023-03-22,78c6a0b991b2707c5eb53d5dae28dfaa062955d0
erhanalankus,https://api.github.com/repos/appium/appium/pulls/18359,https://api.github.com/repos/appium/appium/issues/18359,closed,2023-03-17,2023-03-24,2023-03-24,12f4ec404cec918ee406733649cbe7e40bd3ecdf
renovate[bot],https://api.github.com/repos/appium/appium/pulls/18358,https://api.github.com/repos/appium/appium/issues/18358,closed,2023-03-17,2023-06-29,,b4ee3cdca9a5cb6381efe94020e9ed492c8477e2
dmertins,https://api.github.com/repos/appium/appium/pulls/18355,https://api.github.com/repos/appium/appium/issues/18355,closed,2023-03-16,2023-03-16,2023-03-16,8805792089ed8a8bb2b7923bcb5d19c20e0dc89e
renovate[bot],https://api.github.com/repos/appium/appium/pulls/18352,https://api.github.com/repos/appium/appium/issues/18352,closed,2023-03-16,2023-03-16,2023-03-16,ef9cbe6bcc27a3633eda01cd7c08a4466e304630
renovate[bot],https://api.github.com/repos/appium/appium/pulls/18351,https://api.github.com/repos/appium/appium/issues/18351,closed,2023-03-16,2023-03-16,2023-03-16,fc19705ecde1f930d5f6cf9b52d6fc1c6f68eb49
mykola-mokhnach,https://api.github.com/repos/appium/appium/pulls/18348,https://api.github.com/repos/appium/appium/issues/18348,closed,2023-03-15,2023-03-16,2023-03-16,d4654138ee276c0727d0d271e35af0447a4625a4
renovate[bot],https://api.github.com/repos/appium/appium/pulls/18347,https://api.github.com/repos/appium/appium/issues/18347,closed,2023-03-15,2023-03-15,2023-03-15,930a45dafecc4765525610be5ce85f5fa022c687
boneskull,https://api.github.com/repos/appium/appium/pulls/18346,https://api.github.com/repos/appium/appium/issues/18346,closed,2023-03-14,2023-03-23,2023-03-23,24bec8ce817953ab8ed5b14b6af7f55ec2586d85
renovate[bot],https://api.github.com/repos/appium/appium/pulls/18344,https://api.github.com/repos/appium/appium/issues/18344,closed,2023-03-14,2023-03-14,2023-03-14,287974a93ac363c5b58f5ebbaa09fce3b7538e91
boneskull,https://api.github.com/repos/appium/appium/pulls/18343,https://api.github.com/repos/appium/appium/issues/18343,closed,2023-03-14,2023-03-15,,b78af34899ff2b72865c22659aa794c702f3bedb
renovate[bot],https://api.github.com/repos/appium/appium/pulls/18339,https://api.github.com/repos/appium/appium/issues/18339,closed,2023-03-13,2023-03-14,2023-03-14,f1a8ce0bbac5a165ba5175c50d83668ec305b592
renovate[bot],https://api.github.com/repos/appium/appium/pulls/18337,https://api.github.com/repos/appium/appium/issues/18337,closed,2023-03-12,2023-04-09,,61adf171a6574778081982e967433b981ed7d1d6
renovate[bot],https://api.github.com/repos/appium/appium/pulls/18336,https://api.github.com/repos/appium/appium/issues/18336,closed,2023-03-12,2023-03-20,2023-03-20,bd3ecc3fb110be908673e8398296342caddda166
renovate[bot],https://api.github.com/repos/appium/appium/pulls/18334,https://api.github.com/repos/appium/appium/issues/18334,closed,2023-03-11,2023-03-11,2023-03-11,4c081c67235ff7cc8f05cc85f85ec5a8c194c281
renovate[bot],https://api.github.com/repos/appium/appium/pulls/18333,https://api.github.com/repos/appium/appium/issues/18333,closed,2023-03-11,2023-03-11,2023-03-11,58ae10f887d64f9a070d3dc2bcef3d3fb2d2bcfe
renovate[bot],https://api.github.com/repos/appium/appium/pulls/18329,https://api.github.com/repos/appium/appium/issues/18329,closed,2023-03-10,2023-03-10,2023-03-10,f673efcba58f5d4543cb94c107e0ec97e3e7175b
renovate[bot],https://api.github.com/repos/appium/appium/pulls/18328,https://api.github.com/repos/appium/appium/issues/18328,closed,2023-03-10,2023-03-10,2023-03-10,503da432dc8ca7441c28da03c18fb5e5f083b535
renovate[bot],https://api.github.com/repos/appium/appium/pulls/18327,https://api.github.com/repos/appium/appium/issues/18327,closed,2023-03-10,2023-03-10,2023-03-10,4fb7eb8643d38887061fe7c348711c9e71cb9b6f
renovate[bot],https://api.github.com/repos/appium/appium/pulls/18326,https://api.github.com/repos/appium/appium/issues/18326,closed,2023-03-10,2023-03-10,2023-03-10,ae303c73de5cc1b7a2d7c0775172e650f76518d8
boneskull,https://api.github.com/repos/appium/appium/pulls/18323,https://api.github.com/repos/appium/appium/issues/18323,closed,2023-03-09,2023-03-23,2023-03-09,9ed6711a7ece02e82ee9667cda542997ddf5cf0c
boneskull,https://api.github.com/repos/appium/appium/pulls/18321,https://api.github.com/repos/appium/appium/issues/18321,closed,2023-03-08,2023-03-23,2023-03-09,ad11fbf97b57a0c4302d37146660e87c564a5404
boneskull,https://api.github.com/repos/appium/appium/pulls/18320,https://api.github.com/repos/appium/appium/issues/18320,closed,2023-03-08,2023-03-23,2023-03-08,fa0e853bd00bfcf7a9e6240bef2980d5566813c1
boneskull,https://api.github.com/repos/appium/appium/pulls/18319,https://api.github.com/repos/appium/appium/issues/18319,closed,2023-03-08,2023-03-23,2023-03-08,2359a2ba3b738b5c5f74807fb14260789cc6e4ba
Dor-bl,https://api.github.com/repos/appium/appium/pulls/18318,https://api.github.com/repos/appium/appium/issues/18318,closed,2023-03-08,2023-03-08,2023-03-08,0e164ba03de9579816011a2c27f9ab9f569d1e0e
renovate[bot],https://api.github.com/repos/appium/appium/pulls/18317,https://api.github.com/repos/appium/appium/issues/18317,closed,2023-03-08,2023-03-08,2023-03-08,49694f50a4680138cc92aba1eee294c927d712cf
renovate[bot],https://api.github.com/repos/appium/appium/pulls/18312,https://api.github.com/repos/appium/appium/issues/18312,closed,2023-03-07,2023-03-07,2023-03-07,e2f7dd7154a0737d2bfa7cb660cc3ff5ca1d9a81
boneskull,https://api.github.com/repos/appium/appium/pulls/18310,https://api.github.com/repos/appium/appium/issues/18310,closed,2023-03-06,2023-03-23,2023-03-07,4cfad004dbdff4ae04ed7c87f23a3c9e913e4d4e
boneskull,https://api.github.com/repos/appium/appium/pulls/18309,https://api.github.com/repos/appium/appium/issues/18309,closed,2023-03-06,2023-03-06,2023-03-06,296cb2436cc62e3f73dccf4bcef2bb4aaa2be893
boneskull,https://api.github.com/repos/appium/appium/pulls/18308,https://api.github.com/repos/appium/appium/issues/18308,closed,2023-03-06,2023-03-06,2023-03-06,58b4790b1d280d60dfcafafe122c9527d2a2d6a5
renovate[bot],https://api.github.com/repos/appium/appium/pulls/18303,https://api.github.com/repos/appium/appium/issues/18303,closed,2023-03-06,2023-03-06,2023-03-06,01bff49297ca5a1c92259f1f8f11f5944ef15e4d
renovate[bot],https://api.github.com/repos/appium/appium/pulls/18298,https://api.github.com/repos/appium/appium/issues/18298,closed,2023-03-05,2023-03-05,2023-03-05,48c331157f74b238a3fc8dc92775d0af3f9f3134
KazuCocoa,https://api.github.com/repos/appium/appium/pulls/18297,https://api.github.com/repos/appium/appium/issues/18297,closed,2023-03-05,2023-03-05,2023-03-05,9f8daf385bd75f14444cde5c55f0baefd05c2797
renovate[bot],https://api.github.com/repos/appium/appium/pulls/18295,https://api.github.com/repos/appium/appium/issues/18295,closed,2023-03-04,2023-03-04,2023-03-04,7bae977ca98c7e9f5133a852bab8287a1bbabb39
boneskull,https://api.github.com/repos/appium/appium/pulls/18293,https://api.github.com/repos/appium/appium/issues/18293,closed,2023-03-03,2023-03-23,2023-03-06,e9dae3f6d006dcf89b6c0b6fb491be15acfed98b
renovate[bot],https://api.github.com/repos/appium/appium/pulls/18292,https://api.github.com/repos/appium/appium/issues/18292,closed,2023-03-03,2023-03-04,2023-03-04,4ed745a95ffc6a43f76003eba62019c16a4c6cf2
renovate[bot],https://api.github.com/repos/appium/appium/pulls/18290,https://api.github.com/repos/appium/appium/issues/18290,closed,2023-03-03,2023-03-06,2023-03-06,10e6815a39024076591a3b4900bd3fcc2ca7fe38
renovate[bot],https://api.github.com/repos/appium/appium/pulls/18289,https://api.github.com/repos/appium/appium/issues/18289,closed,2023-03-03,2023-03-03,2023-03-03,cb14faae33970370ebef0b1f0dbca41bd9dd756d
boneskull,https://api.github.com/repos/appium/appium/pulls/18288,https://api.github.com/repos/appium/appium/issues/18288,closed,2023-03-03,2023-03-03,2023-03-03,760bb5b8f3e571a99a60b3f80033de8ecaafed35
boneskull,https://api.github.com/repos/appium/appium/pulls/18287,https://api.github.com/repos/appium/appium/issues/18287,closed,2023-03-02,2023-03-23,2023-03-06,cd76622aa9931eed058d32f0d3c51327ac43f15c
renovate[bot],https://api.github.com/repos/appium/appium/pulls/18286,https://api.github.com/repos/appium/appium/issues/18286,closed,2023-03-02,2023-03-02,2023-03-02,694f9c6a63dcd31ae81131b3acf55e8550354ac6
mykola-mokhnach,https://api.github.com/repos/appium/appium/pulls/18284,https://api.github.com/repos/appium/appium/issues/18284,closed,2023-03-02,2023-03-03,2023-03-03,2a6a13ac89f9731b85670b8528e6c1fc3fafd680
boneskull,https://api.github.com/repos/appium/appium/pulls/18283,https://api.github.com/repos/appium/appium/issues/18283,closed,2023-03-02,2023-03-02,2023-03-02,189e39d03c16551272d6c489aedc0d9fbb08a3a9
boneskull,https://api.github.com/repos/appium/appium/pulls/18282,https://api.github.com/repos/appium/appium/issues/18282,closed,2023-03-01,2023-03-02,2023-03-02,f80f4cb2bca40347913a6ce39e3de58b485492a8
boneskull,https://api.github.com/repos/appium/appium/pulls/18281,https://api.github.com/repos/appium/appium/issues/18281,closed,2023-03-01,2023-03-01,,278e487a47941356cfa270f0eff47473446d0aa8
boneskull,https://api.github.com/repos/appium/appium/pulls/18280,https://api.github.com/repos/appium/appium/issues/18280,closed,2023-03-01,2023-03-03,2023-03-03,cce27fcf884d63ec88bfe8b7dc8b5a47ddba6984
mykola-mokhnach,https://api.github.com/repos/appium/appium/pulls/18278,https://api.github.com/repos/appium/appium/issues/18278,closed,2023-03-01,2023-03-01,2023-03-01,908041c5255b9b754e60767a6680414bfd78fdf2
renovate[bot],https://api.github.com/repos/appium/appium/pulls/18272,https://api.github.com/repos/appium/appium/issues/18272,closed,2023-03-01,2023-03-01,2023-03-01,ed1d3aae61539bc136b3f266911331387397b88a
renovate[bot],https://api.github.com/repos/appium/appium/pulls/18271,https://api.github.com/repos/appium/appium/issues/18271,closed,2023-03-01,2023-03-01,2023-03-01,d1d5ecef87e70afea6d9d59f69cae465460e930b
boneskull,https://api.github.com/repos/appium/appium/pulls/18267,https://api.github.com/repos/appium/appium/issues/18267,closed,2023-02-28,2023-03-03,2023-03-02,4b43af07092e02efdf7bd399f689cabe67430c30
boneskull,https://api.github.com/repos/appium/appium/pulls/18266,https://api.github.com/repos/appium/appium/issues/18266,closed,2023-02-28,2023-03-02,2023-03-02,be8662759586bb3c24c7635b60ed8c574f5e2fd4
boneskull,https://api.github.com/repos/appium/appium/pulls/18265,https://api.github.com/repos/appium/appium/issues/18265,closed,2023-02-28,2023-03-03,2023-03-02,080eb8aa1b356974ce738c1ac6586819d2fd179d
renovate[bot],https://api.github.com/repos/appium/appium/pulls/18263,https://api.github.com/repos/appium/appium/issues/18263,closed,2023-02-28,2023-04-10,,923e5ab4e7e3c1f4a6023183fa4fad4da5e6e79c
KazuCocoa,https://api.github.com/repos/appium/appium/pulls/18262,https://api.github.com/repos/appium/appium/issues/18262,closed,2023-02-28,2023-03-23,2023-02-28,b88f6e3e8684a449f204e4505b99323ef91ed99d
boneskull,https://api.github.com/repos/appium/appium/pulls/18261,https://api.github.com/repos/appium/appium/issues/18261,closed,2023-02-27,2023-03-01,2023-03-01,18c0b4b2300dfb40c999cc9615b7749c79846082
renovate[bot],https://api.github.com/repos/appium/appium/pulls/18259,https://api.github.com/repos/appium/appium/issues/18259,closed,2023-02-27,2023-02-28,2023-02-28,471a4b57e622ff077d59f577a78341268700c48d
renovate[bot],https://api.github.com/repos/appium/appium/pulls/18258,https://api.github.com/repos/appium/appium/issues/18258,closed,2023-02-27,2023-02-27,2023-02-27,431092dc87c3146bfd3cd274ae5c279b7582ff55
renovate[bot],https://api.github.com/repos/appium/appium/pulls/18256,https://api.github.com/repos/appium/appium/issues/18256,closed,2023-02-27,2023-02-27,2023-02-27,935c70683ff5506fa296fccf9916b2053009ecaf
renovate[bot],https://api.github.com/repos/appium/appium/pulls/18255,https://api.github.com/repos/appium/appium/issues/18255,closed,2023-02-27,2023-02-27,2023-02-27,f8099dafa7e9509ce3becaf0a93e84d6129af9b6
renovate[bot],https://api.github.com/repos/appium/appium/pulls/18252,https://api.github.com/repos/appium/appium/issues/18252,closed,2023-02-26,2023-02-26,2023-02-26,ba6b31224441a3ba6655f69ffd5425b809191d28
KazuCocoa,https://api.github.com/repos/appium/appium/pulls/18251,https://api.github.com/repos/appium/appium/issues/18251,closed,2023-02-26,2023-02-27,2023-02-27,25c9728f07cbdb37142561af75995b6fb335b8bb
renovate[bot],https://api.github.com/repos/appium/appium/pulls/18250,https://api.github.com/repos/appium/appium/issues/18250,closed,2023-02-25,2023-02-25,2023-02-25,188ed161e4156aab4381b27fcb6f6d1fccbc0e73
renovate[bot],https://api.github.com/repos/appium/appium/pulls/18247,https://api.github.com/repos/appium/appium/issues/18247,closed,2023-02-24,2023-03-07,2023-03-07,a2cfb832add95eff9f02c46df7123998ec0c9344
renovate[bot],https://api.github.com/repos/appium/appium/pulls/18246,https://api.github.com/repos/appium/appium/issues/18246,closed,2023-02-24,2023-02-25,2023-02-25,96898c87d52444185988ff0ccbac1e109104d7bb
renovate[bot],https://api.github.com/repos/appium/appium/pulls/18245,https://api.github.com/repos/appium/appium/issues/18245,closed,2023-02-24,2023-02-24,2023-02-24,bfc313496877b1b45feb297893a496876ea9992e
renovate[bot],https://api.github.com/repos/appium/appium/pulls/18244,https://api.github.com/repos/appium/appium/issues/18244,closed,2023-02-24,2023-02-24,2023-02-24,dbaf8d4cae937389c44b3e8c6bf3265ae6668b84
JJVenable,https://api.github.com/repos/appium/appium/pulls/18243,https://api.github.com/repos/appium/appium/issues/18243,closed,2023-02-23,2023-02-27,,be05e42a876af7206f6a5e9ce4c01dcaadf5991f
renovate[bot],https://api.github.com/repos/appium/appium/pulls/18242,https://api.github.com/repos/appium/appium/issues/18242,closed,2023-02-23,2023-02-23,2023-02-23,eb73be8303c517dbaa965ae99bac3381522d939a
renovate[bot],https://api.github.com/repos/appium/appium/pulls/18241,https://api.github.com/repos/appium/appium/issues/18241,closed,2023-02-23,2023-02-23,2023-02-23,998514fccee0b1a7381b810280cbc30558c3c282
renovate[bot],https://api.github.com/repos/appium/appium/pulls/18240,https://api.github.com/repos/appium/appium/issues/18240,closed,2023-02-23,2023-02-23,2023-02-23,49f157d63e3bdbd205527a5dc8f997df68540546
renovate[bot],https://api.github.com/repos/appium/appium/pulls/18239,https://api.github.com/repos/appium/appium/issues/18239,closed,2023-02-23,2023-02-23,2023-02-23,43b115bb3da9cfc888cc517e3842b0db178d67f5
boneskull,https://api.github.com/repos/appium/appium/pulls/18237,https://api.github.com/repos/appium/appium/issues/18237,closed,2023-02-22,2023-02-28,2023-02-27,feebf72eb46a992cf150e615b684f0d15195cd9b
KazuCocoa,https://api.github.com/repos/appium/appium/pulls/18236,https://api.github.com/repos/appium/appium/issues/18236,closed,2023-02-22,2023-02-22,2023-02-22,8dc47ae9227f59b5d0340a84149f96657a1aa80b
renovate[bot],https://api.github.com/repos/appium/appium/pulls/18235,https://api.github.com/repos/appium/appium/issues/18235,closed,2023-02-22,2023-02-22,2023-02-22,91831cf82da943726d04e9f38a3b63c9304fb20e
renovate[bot],https://api.github.com/repos/appium/appium/pulls/18234,https://api.github.com/repos/appium/appium/issues/18234,closed,2023-02-22,2023-02-22,2023-02-22,4b10322b80e0032dd4585ac7766edd1ddf798139
renovate[bot],https://api.github.com/repos/appium/appium/pulls/18232,https://api.github.com/repos/appium/appium/issues/18232,closed,2023-02-22,2023-02-22,2023-02-22,2602016eb38c73d2d9a40f94e95277faf2444305
renovate[bot],https://api.github.com/repos/appium/appium/pulls/18231,https://api.github.com/repos/appium/appium/issues/18231,closed,2023-02-22,2023-02-22,2023-02-22,1cb01a5e85e7aee54ce1edc751e104138852d59a
renovate[bot],https://api.github.com/repos/appium/appium/pulls/18228,https://api.github.com/repos/appium/appium/issues/18228,closed,2023-02-20,2023-03-03,2023-03-03,85e4bd892548343db7d4f7ed82b275dd296c748e
renovate[bot],https://api.github.com/repos/appium/appium/pulls/18227,https://api.github.com/repos/appium/appium/issues/18227,closed,2023-02-20,2023-02-20,2023-02-20,a9476a67ff7aa9ce8a66e3cd7885fbfab34fb9d0
renovate[bot],https://api.github.com/repos/appium/appium/pulls/18224,https://api.github.com/repos/appium/appium/issues/18224,closed,2023-02-19,2023-02-19,2023-02-19,24ad9f87419c5245c90142ea41ec9d850ca04f36
renovate[bot],https://api.github.com/repos/appium/appium/pulls/18223,https://api.github.com/repos/appium/appium/issues/18223,closed,2023-02-19,2023-02-19,2023-02-19,639d4756271ced40c51e187a4988237bd9f9a139
KazuCocoa,https://api.github.com/repos/appium/appium/pulls/18222,https://api.github.com/repos/appium/appium/issues/18222,closed,2023-02-19,2023-02-21,2023-02-21,e78448dc65f3a9aa82c82c79a48ee670a9519219
renovate[bot],https://api.github.com/repos/appium/appium/pulls/18221,https://api.github.com/repos/appium/appium/issues/18221,closed,2023-02-18,2023-02-18,2023-02-18,2fa6bf1e11e66ba8256d0641e345359bd108bc7d
renovate[bot],https://api.github.com/repos/appium/appium/pulls/18220,https://api.github.com/repos/appium/appium/issues/18220,closed,2023-02-18,2023-02-18,2023-02-18,d3dc9ce733a48a5dbf46838f61d8dd8362d81b31
boneskull,https://api.github.com/repos/appium/appium/pulls/18219,https://api.github.com/repos/appium/appium/issues/18219,closed,2023-02-17,2023-02-28,2023-02-20,3b82c9f1a1c7f559215effeca11386c56892fb05
renovate[bot],https://api.github.com/repos/appium/appium/pulls/18218,https://api.github.com/repos/appium/appium/issues/18218,closed,2023-02-17,2023-02-17,2023-02-17,08a6f3a308c7ee162e992629888557b31e50a26e
renovate[bot],https://api.github.com/repos/appium/appium/pulls/18217,https://api.github.com/repos/appium/appium/issues/18217,closed,2023-02-17,2023-02-17,2023-02-17,d54901a9c3982dd5595ffd54010e5029b60c4754
renovate[bot],https://api.github.com/repos/appium/appium/pulls/18216,https://api.github.com/repos/appium/appium/issues/18216,closed,2023-02-17,2023-02-17,2023-02-17,70d65b7d6230dd415f26aaba6d097a3cbe876b47
renovate[bot],https://api.github.com/repos/appium/appium/pulls/18215,https://api.github.com/repos/appium/appium/issues/18215,closed,2023-02-17,2023-02-17,2023-02-17,33442bd61b71795460ee0e919c9cd426fb6251e2
boneskull,https://api.github.com/repos/appium/appium/pulls/18213,https://api.github.com/repos/appium/appium/issues/18213,closed,2023-02-16,2023-02-21,2023-02-17,893bd888cf4e7b43e07c83e8ce71d71a30a8428e
boneskull,https://api.github.com/repos/appium/appium/pulls/18210,https://api.github.com/repos/appium/appium/issues/18210,closed,2023-02-16,2023-02-28,2023-02-17,24fb515a52349058a8c9b69eafa531876880dffd
renovate[bot],https://api.github.com/repos/appium/appium/pulls/18209,https://api.github.com/repos/appium/appium/issues/18209,closed,2023-02-16,2023-02-16,2023-02-16,4cf8dbc0d34769e3167bceed65facabe71b9cbde
boneskull,https://api.github.com/repos/appium/appium/pulls/18208,https://api.github.com/repos/appium/appium/issues/18208,closed,2023-02-15,2023-02-22,2023-02-22,56cf504a2b3bf46d6ba75f86f5e83b0db4642e9b
boneskull,https://api.github.com/repos/appium/appium/pulls/18203,https://api.github.com/repos/appium/appium/issues/18203,closed,2023-02-14,2023-02-16,2023-02-16,943dce5eec4c047073ef9dfcb97da9ccd6be9459
boneskull,https://api.github.com/repos/appium/appium/pulls/18202,https://api.github.com/repos/appium/appium/issues/18202,closed,2023-02-14,2023-02-20,2023-02-20,34e0b709825d43f5d43e0ff7cf4044e5d2d8b64a
renovate[bot],https://api.github.com/repos/appium/appium/pulls/18199,https://api.github.com/repos/appium/appium/issues/18199,closed,2023-02-14,2023-02-14,2023-02-14,2bbf42ff6b8b3c9ac1ccc9f585e8d474b7603d0a
renovate[bot],https://api.github.com/repos/appium/appium/pulls/18198,https://api.github.com/repos/appium/appium/issues/18198,closed,2023-02-14,2023-02-14,2023-02-14,1f65161e564ce7c1487b267fc3681a19f1d27e30
renovate[bot],https://api.github.com/repos/appium/appium/pulls/18197,https://api.github.com/repos/appium/appium/issues/18197,closed,2023-02-14,2023-02-14,2023-02-14,355bf8e5da0f120eedf1b80e5cc61b19667d09d6
jlipps,https://api.github.com/repos/appium/appium/pulls/18195,https://api.github.com/repos/appium/appium/issues/18195,closed,2023-02-13,2023-02-14,2023-02-14,11e7ad0cd403ab1dc100f581cdf93772e3449db3
boneskull,https://api.github.com/repos/appium/appium/pulls/18194,https://api.github.com/repos/appium/appium/issues/18194,closed,2023-02-13,2023-02-15,2023-02-15,90c0d36f2a90ba465fb327948370f8028f6ee93e
boneskull,https://api.github.com/repos/appium/appium/pulls/18193,https://api.github.com/repos/appium/appium/issues/18193,closed,2023-02-13,2023-02-14,2023-02-14,988c0888730add97ee504d34d752c847f01ae814
boneskull,https://api.github.com/repos/appium/appium/pulls/18192,https://api.github.com/repos/appium/appium/issues/18192,closed,2023-02-13,2023-02-28,2023-02-13,c69b602d1bca45070c96486c8302d2933e736aa2
renovate[bot],https://api.github.com/repos/appium/appium/pulls/18190,https://api.github.com/repos/appium/appium/issues/18190,closed,2023-02-13,2023-02-14,2023-02-14,0ca5e7e21b2cbdb91bbf98900c08f1e730d814e0
renovate[bot],https://api.github.com/repos/appium/appium/pulls/18188,https://api.github.com/repos/appium/appium/issues/18188,closed,2023-02-12,2023-02-12,2023-02-12,a4c58cc5618a9c83de4c044bf8bc59f1ddb80122
renovate[bot],https://api.github.com/repos/appium/appium/pulls/18186,https://api.github.com/repos/appium/appium/issues/18186,closed,2023-02-11,2023-02-13,,796f6e1901d10e3830683af78304cb5ad4b438f1
renovate[bot],https://api.github.com/repos/appium/appium/pulls/18185,https://api.github.com/repos/appium/appium/issues/18185,closed,2023-02-11,2023-02-11,2023-02-11,64098c5f1a25408ab1ca18139c1bd0dec98bfac8
renovate[bot],https://api.github.com/repos/appium/appium/pulls/18184,https://api.github.com/repos/appium/appium/issues/18184,closed,2023-02-11,2023-02-11,2023-02-11,b4416c5c0f40200b36909a1fbb492d8c4a212108
boneskull,https://api.github.com/repos/appium/appium/pulls/18182,https://api.github.com/repos/appium/appium/issues/18182,closed,2023-02-10,2023-02-13,2023-02-13,4cf13c5bfa7d58961ac8a8e367437d8302845d33
boneskull,https://api.github.com/repos/appium/appium/pulls/18181,https://api.github.com/repos/appium/appium/issues/18181,closed,2023-02-10,2023-02-14,2023-02-14,7c2c642ce7bb4ad42c3cad9b8a443f0b2ce8638e
renovate[bot],https://api.github.com/repos/appium/appium/pulls/18180,https://api.github.com/repos/appium/appium/issues/18180,closed,2023-02-10,2023-02-10,2023-02-10,547b8a45c4b5629720b0f4bdb0485a861aecbebf
renovate[bot],https://api.github.com/repos/appium/appium/pulls/18179,https://api.github.com/repos/appium/appium/issues/18179,closed,2023-02-10,2023-02-10,2023-02-10,1bf841736b4f09260beddf8001166a12f1f058e6
boneskull,https://api.github.com/repos/appium/appium/pulls/18177,https://api.github.com/repos/appium/appium/issues/18177,closed,2023-02-09,2023-02-09,2023-02-09,ab366f3a1f9109f7bd75ae5ac32b862d5e6dd1bf
boneskull,https://api.github.com/repos/appium/appium/pulls/18175,https://api.github.com/repos/appium/appium/issues/18175,closed,2023-02-08,2023-02-28,2023-02-09,393f9ef32a2f2e5d8ff1f13092c2035704844215
renovate[bot],https://api.github.com/repos/appium/appium/pulls/18173,https://api.github.com/repos/appium/appium/issues/18173,closed,2023-02-08,2023-02-09,2023-02-09,be222d0ab9f5c300b978cd2532334e43e1f3421a
renovate[bot],https://api.github.com/repos/appium/appium/pulls/18172,https://api.github.com/repos/appium/appium/issues/18172,closed,2023-02-08,2023-02-08,2023-02-08,742abf25035fe5ea5aa280c1ed09ffec5d4f97cf
renovate[bot],https://api.github.com/repos/appium/appium/pulls/18171,https://api.github.com/repos/appium/appium/issues/18171,closed,2023-02-08,2023-02-08,2023-02-08,c2289ad607e1af0aa1182a5b5ab707c5dbf12922
renovate[bot],https://api.github.com/repos/appium/appium/pulls/18170,https://api.github.com/repos/appium/appium/issues/18170,closed,2023-02-08,2023-02-08,2023-02-08,d31d3c6e73fc58333dd7bcf1e0d4ea81397f12e2
boneskull,https://api.github.com/repos/appium/appium/pulls/18169,https://api.github.com/repos/appium/appium/issues/18169,closed,2023-02-07,2023-02-28,2023-02-08,d8286ab7f1a23264cc970fa54fd01e0845943250
boneskull,https://api.github.com/repos/appium/appium/pulls/18168,https://api.github.com/repos/appium/appium/issues/18168,closed,2023-02-07,2023-02-28,2023-02-08,f5ec354e3da6679886528d545de33a207448ff84
jlipps,https://api.github.com/repos/appium/appium/pulls/18167,https://api.github.com/repos/appium/appium/issues/18167,closed,2023-02-07,2023-02-08,2023-02-08,e4dfa52ddb1ee6afedcf1ce36ebcad0d3c90e3a2
boneskull,https://api.github.com/repos/appium/appium/pulls/18166,https://api.github.com/repos/appium/appium/issues/18166,closed,2023-02-07,2023-02-28,2023-02-07,2b3e576393e2dd6a33172632f1e009853e83a8e2
renovate[bot],https://api.github.com/repos/appium/appium/pulls/18163,https://api.github.com/repos/appium/appium/issues/18163,closed,2023-02-07,2023-02-07,2023-02-07,775c990f9d4176e78936a071968a788e19048519
renovate[bot],https://api.github.com/repos/appium/appium/pulls/18162,https://api.github.com/repos/appium/appium/issues/18162,closed,2023-02-07,2023-02-07,2023-02-07,92d0a946ea536db308d23c3838132f75584d1986
boneskull,https://api.github.com/repos/appium/appium/pulls/18158,https://api.github.com/repos/appium/appium/issues/18158,closed,2023-02-06,2023-02-28,2023-02-07,65c6ca528b23bc5059cded36672bff45d68f54c4
boneskull,https://api.github.com/repos/appium/appium/pulls/18157,https://api.github.com/repos/appium/appium/issues/18157,closed,2023-02-06,2023-02-28,2023-02-06,c9a82926a8ca7ea9bf6143f8f067e876d348460d
boneskull,https://api.github.com/repos/appium/appium/pulls/18156,https://api.github.com/repos/appium/appium/issues/18156,closed,2023-02-06,2023-02-28,2023-02-06,5326cb1840d6dab74f3206787434422de6583c49
boneskull,https://api.github.com/repos/appium/appium/pulls/18155,https://api.github.com/repos/appium/appium/issues/18155,closed,2023-02-06,2023-02-28,2023-02-06,cd72da3b3f4540c2631f343c8687bd41e4a1f5ed
boneskull,https://api.github.com/repos/appium/appium/pulls/18154,https://api.github.com/repos/appium/appium/issues/18154,closed,2023-02-06,2023-02-28,2023-02-06,258860f3775037a0d4927f4f0c52136a4e0a9169
boneskull,https://api.github.com/repos/appium/appium/pulls/18153,https://api.github.com/repos/appium/appium/issues/18153,closed,2023-02-06,2023-02-28,2023-02-06,71e91107f96c22197815dc3c0e8f14e0c1edfcdc
renovate[bot],https://api.github.com/repos/appium/appium/pulls/18151,https://api.github.com/repos/appium/appium/issues/18151,closed,2023-02-06,2023-02-06,2023-02-06,3b4d9dde6080569f05057bdb1bb600c2a0cf8eb6
renovate[bot],https://api.github.com/repos/appium/appium/pulls/18150,https://api.github.com/repos/appium/appium/issues/18150,closed,2023-02-06,2023-02-06,2023-02-06,37803b1e37024c9e993b74fd1ba524ce156e9e7f
renovate[bot],https://api.github.com/repos/appium/appium/pulls/18149,https://api.github.com/repos/appium/appium/issues/18149,closed,2023-02-05,2023-02-05,2023-02-05,9bc1fbdf3d881fbdc32be1e1466d6ec367959340
renovate[bot],https://api.github.com/repos/appium/appium/pulls/18146,https://api.github.com/repos/appium/appium/issues/18146,closed,2023-02-04,2023-02-04,2023-02-04,8129a228a9a76c4b9d94402b8d6fa106777d7bbf
renovate[bot],https://api.github.com/repos/appium/appium/pulls/18145,https://api.github.com/repos/appium/appium/issues/18145,closed,2023-02-04,2023-02-05,2023-02-05,9bf320c87ccf574f933a8247a851b4f848c39fa1
renovate[bot],https://api.github.com/repos/appium/appium/pulls/18144,https://api.github.com/repos/appium/appium/issues/18144,closed,2023-02-04,2023-02-05,2023-02-05,172bdae436efa75c5928972322d260184c225dd6
renovate[bot],https://api.github.com/repos/appium/appium/pulls/18143,https://api.github.com/repos/appium/appium/issues/18143,closed,2023-02-04,2023-02-04,2023-02-04,9ce32639187fcd7195216ccf7393caba1b1ef48c
renovate[bot],https://api.github.com/repos/appium/appium/pulls/18142,https://api.github.com/repos/appium/appium/issues/18142,closed,2023-02-04,2023-02-04,2023-02-04,c342bb0eedbf30185cee0e1653fa44b990c3d059
renovate[bot],https://api.github.com/repos/appium/appium/pulls/18141,https://api.github.com/repos/appium/appium/issues/18141,closed,2023-02-03,2023-02-03,2023-02-03,e92911f5ca35bc2a5b8d6de56c704880ab781943
renovate[bot],https://api.github.com/repos/appium/appium/pulls/18139,https://api.github.com/repos/appium/appium/issues/18139,closed,2023-02-03,2023-02-03,2023-02-03,706efcf9cf8d42d16266bee6c3626ba403acf59e
renovate[bot],https://api.github.com/repos/appium/appium/pulls/18138,https://api.github.com/repos/appium/appium/issues/18138,closed,2023-02-03,2023-02-03,2023-02-03,bcda967fec91285f6dd8acfeb9e5f2916ce57742
boneskull,https://api.github.com/repos/appium/appium/pulls/18137,https://api.github.com/repos/appium/appium/issues/18137,closed,2023-02-03,2023-02-28,2023-02-03,abfeb21be6de56d1fb5ddc8d1943a3c7910ba76c
boneskull,https://api.github.com/repos/appium/appium/pulls/18133,https://api.github.com/repos/appium/appium/issues/18133,closed,2023-02-01,2023-02-28,2023-02-02,55b42688558f520753e7a420fce565529b78c47b
renovate[bot],https://api.github.com/repos/appium/appium/pulls/18131,https://api.github.com/repos/appium/appium/issues/18131,closed,2023-02-01,2023-02-16,,2d3e01d427d7ba45cdc708d6c584ec8255dd7257
renovate[bot],https://api.github.com/repos/appium/appium/pulls/18130,https://api.github.com/repos/appium/appium/issues/18130,closed,2023-01-31,2023-01-31,2023-01-31,16d73357da3c498a456fa4a8e076ecf167150adf
renovate[bot],https://api.github.com/repos/appium/appium/pulls/18129,https://api.github.com/repos/appium/appium/issues/18129,closed,2023-01-31,2023-01-31,2023-01-31,27c8e0cc2eb3ca257226ab0e25987b54a0f64466
boneskull,https://api.github.com/repos/appium/appium/pulls/18127,https://api.github.com/repos/appium/appium/issues/18127,closed,2023-01-30,2023-02-28,2023-01-31,ed8af17334fd302dd4dd95498ba17dcdb046a066
renovate[bot],https://api.github.com/repos/appium/appium/pulls/18125,https://api.github.com/repos/appium/appium/issues/18125,closed,2023-01-30,2023-01-30,2023-01-30,cfb529772cff3a2b7e9ff36e12444b603906a769
renovate[bot],https://api.github.com/repos/appium/appium/pulls/18122,https://api.github.com/repos/appium/appium/issues/18122,closed,2023-01-30,2023-02-08,2023-02-07,0d7390faa4df51f67eed74d8539c34a8a67f7ed0
renovate[bot],https://api.github.com/repos/appium/appium/pulls/18121,https://api.github.com/repos/appium/appium/issues/18121,closed,2023-01-30,2023-01-30,2023-01-30,44bc6e4646e5c312d664cc6ad20cb89e8f162d3f
KazuCocoa,https://api.github.com/repos/appium/appium/pulls/18120,https://api.github.com/repos/appium/appium/issues/18120,closed,2023-01-29,2023-01-30,2023-01-30,29ed21702c4cdc313d710f63a551e5e9375ae593
renovate[bot],https://api.github.com/repos/appium/appium/pulls/18118,https://api.github.com/repos/appium/appium/issues/18118,closed,2023-01-29,2023-01-29,2023-01-29,2dc8eb6856ff7e2d2bdd4686fa6a6e8b82839e98
renovate[bot],https://api.github.com/repos/appium/appium/pulls/18117,https://api.github.com/repos/appium/appium/issues/18117,closed,2023-01-29,2023-01-29,2023-01-29,76a6ec0e67e8e386e185ec59305bad750a367214
KazuCocoa,https://api.github.com/repos/appium/appium/pulls/18116,https://api.github.com/repos/appium/appium/issues/18116,closed,2023-01-28,2023-01-28,2023-01-28,6efcdd8605db426159efa946debc6548d6cf6811
boneskull,https://api.github.com/repos/appium/appium/pulls/18114,https://api.github.com/repos/appium/appium/issues/18114,closed,2023-01-27,2023-02-28,2023-01-27,6c26b971246de09ce07b85a34122273f4fad3125
boneskull,https://api.github.com/repos/appium/appium/pulls/18112,https://api.github.com/repos/appium/appium/issues/18112,closed,2023-01-27,2023-02-28,2023-02-03,db4a1d6489397b079ab99dcf00b7b1cd521079d4
jlipps,https://api.github.com/repos/appium/appium/pulls/18109,https://api.github.com/repos/appium/appium/issues/18109,closed,2023-01-25,2023-01-26,2023-01-26,388df9d30bfe5ab71fd4f8cfcd37e223d68ebb96
alaahong,https://api.github.com/repos/appium/appium/pulls/18108,https://api.github.com/repos/appium/appium/issues/18108,closed,2023-01-25,2023-01-26,2023-01-26,d43de6fdc62821187b65cdad3a167243197ae719
renovate[bot],https://api.github.com/repos/appium/appium/pulls/18106,https://api.github.com/repos/appium/appium/issues/18106,closed,2023-01-25,2023-02-16,,7ba2fe8d1a1fc2e4c7badafb937d0a801489ced8
KazuCocoa,https://api.github.com/repos/appium/appium/pulls/18105,https://api.github.com/repos/appium/appium/issues/18105,closed,2023-01-25,2023-01-25,2023-01-25,0f952133987a5da176442eff22d5981ed8959fbe
jlipps,https://api.github.com/repos/appium/appium/pulls/18104,https://api.github.com/repos/appium/appium/issues/18104,closed,2023-01-24,2023-01-25,2023-01-25,1cd2a7df9948c5b4f0eac3d6d090276dd64cb83b
renovate[bot],https://api.github.com/repos/appium/appium/pulls/18103,https://api.github.com/repos/appium/appium/issues/18103,closed,2023-01-24,2023-01-24,2023-01-24,644f300cd87edbf3788eb82c4c88f6b773e653b0
boneskull,https://api.github.com/repos/appium/appium/pulls/18101,https://api.github.com/repos/appium/appium/issues/18101,closed,2023-01-23,2023-02-28,2023-01-24,4734673ac961ff0f4bcb9f80c5366a7cb20d9f49
boneskull,https://api.github.com/repos/appium/appium/pulls/18100,https://api.github.com/repos/appium/appium/issues/18100,closed,2023-01-23,2023-01-24,2023-01-24,c8ff39a02e907b456fc19d1307de076118cc81da
renovate[bot],https://api.github.com/repos/appium/appium/pulls/18095,https://api.github.com/repos/appium/appium/issues/18095,closed,2023-01-21,2023-08-22,2023-08-22,b608db91a8ef0e3cad43ce3e14b625bf9234d383
renovate[bot],https://api.github.com/repos/appium/appium/pulls/18094,https://api.github.com/repos/appium/appium/issues/18094,closed,2023-01-21,2023-01-21,2023-01-21,254f82402e74d4ee13795c19135f910800813fe2
boneskull,https://api.github.com/repos/appium/appium/pulls/18093,https://api.github.com/repos/appium/appium/issues/18093,closed,2023-01-20,2023-02-28,2023-01-23,c9f247ad03f9df448f7bc8b80f32915d99523f55
boneskull,https://api.github.com/repos/appium/appium/pulls/18092,https://api.github.com/repos/appium/appium/issues/18092,closed,2023-01-20,2023-02-28,2023-01-20,96eb4d7b3f6a631b9e9b8cd79b9814f93d2bbabe
boneskull,https://api.github.com/repos/appium/appium/pulls/18091,https://api.github.com/repos/appium/appium/issues/18091,closed,2023-01-20,2023-02-28,2023-01-20,12245ae98c3cf428137164b36e4244957d18451f
renovate[bot],https://api.github.com/repos/appium/appium/pulls/18090,https://api.github.com/repos/appium/appium/issues/18090,closed,2023-01-20,2023-01-24,2023-01-24,444b9886a2ef76f16a477ed2e1f6d3eadd542da3
renovate[bot],https://api.github.com/repos/appium/appium/pulls/18089,https://api.github.com/repos/appium/appium/issues/18089,closed,2023-01-20,2023-01-20,2023-01-20,854c5ec9467a14e9ed7c5b18538413250a615716
renovate[bot],https://api.github.com/repos/appium/appium/pulls/18088,https://api.github.com/repos/appium/appium/issues/18088,closed,2023-01-20,2023-01-21,2023-01-21,6c4ba8caa508840640f05eea1ab41ecb290312aa
renovate[bot],https://api.github.com/repos/appium/appium/pulls/18087,https://api.github.com/repos/appium/appium/issues/18087,closed,2023-01-20,2023-01-20,2023-01-20,6726f6ddb55695df97aec7fa3bfcfe7f67513891
boneskull,https://api.github.com/repos/appium/appium/pulls/18086,https://api.github.com/repos/appium/appium/issues/18086,closed,2023-01-19,2023-02-28,2023-01-23,1e0d32b6fdcda4395917a23fb05c38b3c52b2296
jlipps,https://api.github.com/repos/appium/appium/pulls/18083,https://api.github.com/repos/appium/appium/issues/18083,closed,2023-01-18,2023-01-20,2023-01-20,11015b8871c63c32991b8efd072395e39e96d073
renovate[bot],https://api.github.com/repos/appium/appium/pulls/18078,https://api.github.com/repos/appium/appium/issues/18078,closed,2023-01-18,2023-01-24,2023-01-24,c5451e4d8280483dabca6e0bc62736689406d3df
boneskull,https://api.github.com/repos/appium/appium/pulls/18076,https://api.github.com/repos/appium/appium/issues/18076,closed,2023-01-17,2023-02-28,2023-01-19,108c1abae0edf268b7ffdaf7307dbc3747feead2
boneskull,https://api.github.com/repos/appium/appium/pulls/18075,https://api.github.com/repos/appium/appium/issues/18075,closed,2023-01-17,2023-02-28,2023-01-20,a96d952a06d5151bc8977fa6ed05093a6a70cf81
boneskull,https://api.github.com/repos/appium/appium/pulls/18074,https://api.github.com/repos/appium/appium/issues/18074,closed,2023-01-17,2023-01-17,2023-01-17,18772f4f0d04d4c27135b6a66732bd9518568bdf
renovate[bot],https://api.github.com/repos/appium/appium/pulls/18072,https://api.github.com/repos/appium/appium/issues/18072,closed,2023-01-17,2023-01-17,2023-01-17,f76a5a71c96cddac5ad8b8f12d2c03270a28e330
renovate[bot],https://api.github.com/repos/appium/appium/pulls/18071,https://api.github.com/repos/appium/appium/issues/18071,closed,2023-01-17,2023-01-17,2023-01-17,8b15e2ca3a26b7fff6be6b6654fb7397e874aac7
renovate[bot],https://api.github.com/repos/appium/appium/pulls/18067,https://api.github.com/repos/appium/appium/issues/18067,closed,2023-01-16,2023-01-16,2023-01-16,d7b35ab28b8afd0f93f775a223373956a57ee881
renovate[bot],https://api.github.com/repos/appium/appium/pulls/18065,https://api.github.com/repos/appium/appium/issues/18065,closed,2023-01-15,2023-01-15,2023-01-15,54fdcea08a47835493c2ab9ffaa4561ccdfc48b7
renovate[bot],https://api.github.com/repos/appium/appium/pulls/18064,https://api.github.com/repos/appium/appium/issues/18064,closed,2023-01-15,2023-01-15,2023-01-15,64fd8ce94018b0bb7ccb2baade8d525703f41c45
renovate[bot],https://api.github.com/repos/appium/appium/pulls/18063,https://api.github.com/repos/appium/appium/issues/18063,closed,2023-01-15,2023-01-15,2023-01-15,34081b44c88a4b2d820eed864c1e9ab36c217d2c
renovate[bot],https://api.github.com/repos/appium/appium/pulls/18062,https://api.github.com/repos/appium/appium/issues/18062,closed,2023-01-15,2023-01-15,2023-01-15,12afa8934a304f35b538fda2e13f9d1e88da2735
renovate[bot],https://api.github.com/repos/appium/appium/pulls/18061,https://api.github.com/repos/appium/appium/issues/18061,closed,2023-01-14,2023-01-14,2023-01-14,3b213d40e72ccec850f5efb48777b0aee2918cc4
renovate[bot],https://api.github.com/repos/appium/appium/pulls/18060,https://api.github.com/repos/appium/appium/issues/18060,closed,2023-01-14,2023-01-14,2023-01-14,8466cf6fcbfdcb08a6375882a83c719049d4dc05
pacozaa,https://api.github.com/repos/appium/appium/pulls/18059,https://api.github.com/repos/appium/appium/issues/18059,closed,2023-01-14,2023-06-29,,5f3670dc5745b94da3385e1f6771b444498ac172
boneskull,https://api.github.com/repos/appium/appium/pulls/18058,https://api.github.com/repos/appium/appium/issues/18058,closed,2023-01-13,2023-01-17,2023-01-17,af844ba49e70e2ca6af8dc33ddad3606174ad24d
pacozaa,https://api.github.com/repos/appium/appium/pulls/18055,https://api.github.com/repos/appium/appium/issues/18055,closed,2023-01-13,2023-01-14,,2f601ea44a3cb167ad7fbd7c4291b85a61a8371c
renovate[bot],https://api.github.com/repos/appium/appium/pulls/18053,https://api.github.com/repos/appium/appium/issues/18053,closed,2023-01-13,2023-04-10,,bf5ea23fd87695aaf9bb6c4ac86f16b1371d4e1c
renovate[bot],https://api.github.com/repos/appium/appium/pulls/18052,https://api.github.com/repos/appium/appium/issues/18052,closed,2023-01-13,2023-01-14,2023-01-14,5c2168fb09d300e9d80254a4eb498ff0c65f8b52
renovate[bot],https://api.github.com/repos/appium/appium/pulls/18051,https://api.github.com/repos/appium/appium/issues/18051,closed,2023-01-13,2023-01-13,2023-01-13,8c86e355d27d8d9233f0f3bb28ef524f83a3c2e0
jlipps,https://api.github.com/repos/appium/appium/pulls/18050,https://api.github.com/repos/appium/appium/issues/18050,closed,2023-01-12,2023-01-13,2023-01-13,ad1dce5545acb61ce79e489783a95f2caebd753c
boneskull,https://api.github.com/repos/appium/appium/pulls/18049,https://api.github.com/repos/appium/appium/issues/18049,closed,2023-01-12,2023-02-28,2023-01-13,4f65cb38655c52148d7abfcbeef82540a4504c7b
renovate[bot],https://api.github.com/repos/appium/appium/pulls/18046,https://api.github.com/repos/appium/appium/issues/18046,closed,2023-01-12,2023-01-12,2023-01-12,bc3f1373fde310fb4b196c603ff3d10c4489e32e
renovate[bot],https://api.github.com/repos/appium/appium/pulls/18044,https://api.github.com/repos/appium/appium/issues/18044,closed,2023-01-12,2023-01-12,2023-01-12,4156b7bf6b1d218d21706d4f7903c2ef22797b3c
jlipps,https://api.github.com/repos/appium/appium/pulls/18042,https://api.github.com/repos/appium/appium/issues/18042,closed,2023-01-11,2023-01-11,2023-01-11,f04e1171d04df3e91776da9a5934addac0c134fc
eltociear,https://api.github.com/repos/appium/appium/pulls/18041,https://api.github.com/repos/appium/appium/issues/18041,closed,2023-01-11,2023-01-11,2023-01-11,6f846f76c90d6344ae6a1be59e140e0ca460d3d4
renovate[bot],https://api.github.com/repos/appium/appium/pulls/18039,https://api.github.com/repos/appium/appium/issues/18039,closed,2023-01-11,2023-01-12,2023-01-12,2bbac72667df41f96d135041c7596fa88aeabd0c
boneskull,https://api.github.com/repos/appium/appium/pulls/18038,https://api.github.com/repos/appium/appium/issues/18038,closed,2023-01-11,2023-02-28,2023-01-11,696c94f1abf1da15fb9e3a4d60b95cd2d69d9e7c
jlipps,https://api.github.com/repos/appium/appium/pulls/18037,https://api.github.com/repos/appium/appium/issues/18037,closed,2023-01-10,2023-01-12,2023-01-12,7055a0b28193f677b21541ddada3c4a314f90f5b
boneskull,https://api.github.com/repos/appium/appium/pulls/18035,https://api.github.com/repos/appium/appium/issues/18035,closed,2023-01-10,2023-02-28,2023-01-10,c5bbb950ed00500744ab917818d268f282a9f8fb
renovate[bot],https://api.github.com/repos/appium/appium/pulls/18033,https://api.github.com/repos/appium/appium/issues/18033,closed,2023-01-10,2023-01-10,2023-01-10,a22c97dbf98c6cd8ae1664ee7f92a41a9b8b1780
boneskull,https://api.github.com/repos/appium/appium/pulls/18029,https://api.github.com/repos/appium/appium/issues/18029,closed,2023-01-10,2023-02-28,2023-01-10,697b4427e4e60821943e8c05292e8f6eb43aa22f
renovate[bot],https://api.github.com/repos/appium/appium/pulls/18025,https://api.github.com/repos/appium/appium/issues/18025,closed,2023-01-08,2023-01-08,2023-01-08,57b0ee5dbb22f6e26d3bffad0762929acc23e227
renovate[bot],https://api.github.com/repos/appium/appium/pulls/18024,https://api.github.com/repos/appium/appium/issues/18024,closed,2023-01-08,2023-01-08,2023-01-08,31a3cee0bc136bf8f4ad69fa6621c88d31594a6a
renovate[bot],https://api.github.com/repos/appium/appium/pulls/18023,https://api.github.com/repos/appium/appium/issues/18023,closed,2023-01-08,2023-01-08,2023-01-08,b28a1134f0315e8e9a7643831723e1b16cb892c2
renovate[bot],https://api.github.com/repos/appium/appium/pulls/18021,https://api.github.com/repos/appium/appium/issues/18021,closed,2023-01-06,2023-01-07,2023-01-07,da230ca243f8fbcfcaf36acea017d620a6d36dac
renovate[bot],https://api.github.com/repos/appium/appium/pulls/18020,https://api.github.com/repos/appium/appium/issues/18020,closed,2023-01-06,2023-01-06,2023-01-06,d8323b3d3cf6a54ae17b8bdbd9776aded694f518
renovate[bot],https://api.github.com/repos/appium/appium/pulls/18019,https://api.github.com/repos/appium/appium/issues/18019,closed,2023-01-06,2023-01-06,2023-01-06,5d1090555f4caf9184920f714359ba13113f31b9
boneskull,https://api.github.com/repos/appium/appium/pulls/18016,https://api.github.com/repos/appium/appium/issues/18016,closed,2023-01-05,2023-02-28,2023-01-06,edde4882f0633c032a077861599c337132092daf
mykola-mokhnach,https://api.github.com/repos/appium/appium/pulls/18015,https://api.github.com/repos/appium/appium/issues/18015,closed,2023-01-05,2023-01-06,2023-01-06,ed07ae30468c481aade8457c1dfbd1a57360049d
renovate[bot],https://api.github.com/repos/appium/appium/pulls/18012,https://api.github.com/repos/appium/appium/issues/18012,closed,2023-01-05,2023-01-05,2023-01-05,4b5ab4da7be925d0592c18e8f46a9ce30fbddf8e
renovate[bot],https://api.github.com/repos/appium/appium/pulls/18010,https://api.github.com/repos/appium/appium/issues/18010,closed,2023-01-04,2023-01-04,2023-01-04,79105b59e2a7043a5e4f40a22918fda424201e0b
renovate[bot],https://api.github.com/repos/appium/appium/pulls/18009,https://api.github.com/repos/appium/appium/issues/18009,closed,2023-01-04,2023-01-04,2023-01-04,783989b56c80ebc0eebf693c168754130627b55f
boneskull,https://api.github.com/repos/appium/appium/pulls/18007,https://api.github.com/repos/appium/appium/issues/18007,closed,2023-01-04,2023-02-28,2023-01-10,df31cddbe7844b7cac5907ef21df57caf67e7a32
renovate[bot],https://api.github.com/repos/appium/appium/pulls/18004,https://api.github.com/repos/appium/appium/issues/18004,closed,2023-01-03,2023-01-03,2023-01-03,949719811a00853ba998f3c715e4243f6a6877f8
renovate[bot],https://api.github.com/repos/appium/appium/pulls/18003,https://api.github.com/repos/appium/appium/issues/18003,closed,2023-01-03,2023-01-03,2023-01-03,47ec6af18509ce73b210b9ee6b172d12e661d067
renovate[bot],https://api.github.com/repos/appium/appium/pulls/18002,https://api.github.com/repos/appium/appium/issues/18002,closed,2023-01-02,2023-01-10,2023-01-10,fb4f0408dcbb0c48479002285a3d4aada7ac93c2
KazuCocoa,https://api.github.com/repos/appium/appium/pulls/18001,https://api.github.com/repos/appium/appium/issues/18001,closed,2023-01-02,2023-01-03,2023-01-02,e9042b85d9b34059037b87234697070b23ae65c8
mykola-mokhnach,https://api.github.com/repos/appium/appium/pulls/18000,https://api.github.com/repos/appium/appium/issues/18000,closed,2023-01-01,2023-01-04,2023-01-04,49eddb436824e5b1705ed294b2a0b30e561ba599
KazuCocoa,https://api.github.com/repos/appium/appium/pulls/17999,https://api.github.com/repos/appium/appium/issues/17999,closed,2023-01-01,2023-01-04,2023-01-04,b4670e13f9b5f94f65aeb3fa3d46a736d0ccc8f7
renovate[bot],https://api.github.com/repos/appium/appium/pulls/17998,https://api.github.com/repos/appium/appium/issues/17998,closed,2022-12-31,2022-12-31,2022-12-31,7bb4e07d6883dea4c9954967d320fcc1987ca3af
renovate[bot],https://api.github.com/repos/appium/appium/pulls/17997,https://api.github.com/repos/appium/appium/issues/17997,closed,2022-12-31,2022-12-31,2022-12-31,098ee1932d58806519a2a5bf82133933f8356c69
renovate[bot],https://api.github.com/repos/appium/appium/pulls/17996,https://api.github.com/repos/appium/appium/issues/17996,closed,2022-12-31,2022-12-31,2022-12-31,7c59380e6b97691ff16a8d98a912d67b7972593a
renovate[bot],https://api.github.com/repos/appium/appium/pulls/17995,https://api.github.com/repos/appium/appium/issues/17995,closed,2022-12-30,2022-12-30,2022-12-30,b763880779abaea900ac2c129dfb009b0e8ed0a9
renovate[bot],https://api.github.com/repos/appium/appium/pulls/17994,https://api.github.com/repos/appium/appium/issues/17994,closed,2022-12-30,2022-12-30,2022-12-30,a3fad3ed28822b1dfaae72cbfb8d7906ec35e158
renovate[bot],https://api.github.com/repos/appium/appium/pulls/17993,https://api.github.com/repos/appium/appium/issues/17993,closed,2022-12-30,2022-12-30,2022-12-30,6055f162d8781da99cbdff6859ca8af5a9538040
boneskull,https://api.github.com/repos/appium/appium/pulls/17992,https://api.github.com/repos/appium/appium/issues/17992,closed,2022-12-30,2023-02-28,2023-01-04,f036f0a6126b2731680abae4c7925645bf4512b5
renovate[bot],https://api.github.com/repos/appium/appium/pulls/17988,https://api.github.com/repos/appium/appium/issues/17988,closed,2022-12-29,2022-12-29,2022-12-29,5291ca672b3b47c5270e9fd85de3e4ed76a650e0
boneskull,https://api.github.com/repos/appium/appium/pulls/17986,https://api.github.com/repos/appium/appium/issues/17986,closed,2022-12-28,2023-01-10,2022-12-30,650142532d7224aeb85e954743820099eb782699
jlipps,https://api.github.com/repos/appium/appium/pulls/17985,https://api.github.com/repos/appium/appium/issues/17985,closed,2022-12-27,2023-01-10,2023-01-10,d8588e107c107d5b75c27604cbd9c1c36bba20fb
renovate[bot],https://api.github.com/repos/appium/appium/pulls/17982,https://api.github.com/repos/appium/appium/issues/17982,closed,2022-12-27,2022-12-27,2022-12-27,d2cf2ed4e36bb3db915b8662de7d587b8133a2c2
renovate[bot],https://api.github.com/repos/appium/appium/pulls/17981,https://api.github.com/repos/appium/appium/issues/17981,closed,2022-12-27,2022-12-27,2022-12-27,3f3b1529ed6559c78dcca901d337132b384849e0
renovate[bot],https://api.github.com/repos/appium/appium/pulls/17978,https://api.github.com/repos/appium/appium/issues/17978,closed,2022-12-26,2022-12-26,2022-12-26,8c8bfe824dbe062e24cfe9fc6e1afa2f68cc6e4c
renovate[bot],https://api.github.com/repos/appium/appium/pulls/17977,https://api.github.com/repos/appium/appium/issues/17977,closed,2022-12-25,2022-12-25,2022-12-25,2bb4f32329938e15062e42b585dd760cca5ae17b
renovate[bot],https://api.github.com/repos/appium/appium/pulls/17976,https://api.github.com/repos/appium/appium/issues/17976,closed,2022-12-24,2022-12-24,2022-12-24,ac2c73596810919dcd1c6d294e8c9496eb91e0b9
renovate[bot],https://api.github.com/repos/appium/appium/pulls/17975,https://api.github.com/repos/appium/appium/issues/17975,closed,2022-12-23,2022-12-23,2022-12-23,29bf77cf5a623c7417d9c996814498f76cead2a3
KazuCocoa,https://api.github.com/repos/appium/appium/pulls/17974,https://api.github.com/repos/appium/appium/issues/17974,closed,2022-12-23,2022-12-27,2022-12-27,0b5f7a4085d59daaf08f065bb764b89bf3309bc7
renovate[bot],https://api.github.com/repos/appium/appium/pulls/17972,https://api.github.com/repos/appium/appium/issues/17972,closed,2022-12-22,2022-12-22,2022-12-22,28c6204b751ead304cce21d534c91381fa39d79d
boneskull,https://api.github.com/repos/appium/appium/pulls/17971,https://api.github.com/repos/appium/appium/issues/17971,closed,2022-12-22,2023-02-28,2023-01-03,fe7b7b6d215e596251550c77475c2fe73b7a705e
KazuCocoa,https://api.github.com/repos/appium/appium/pulls/17969,https://api.github.com/repos/appium/appium/issues/17969,closed,2022-12-21,2022-12-22,2022-12-22,e0dc5b6299521926d8e27bfa5d876bd2ecd90150
jlipps,https://api.github.com/repos/appium/appium/pulls/17968,https://api.github.com/repos/appium/appium/issues/17968,closed,2022-12-21,2022-12-21,2022-12-21,aab415685ec5d5578cc8faae563f5cc5c0e4bb75
jlipps,https://api.github.com/repos/appium/appium/pulls/17966,https://api.github.com/repos/appium/appium/issues/17966,closed,2022-12-20,2022-12-28,2022-12-28,23224cf002b7dd9e4e5d8426b4bbe1cb28f62605
jlipps,https://api.github.com/repos/appium/appium/pulls/17965,https://api.github.com/repos/appium/appium/issues/17965,closed,2022-12-20,2022-12-21,2022-12-21,d13d292c4b4c9ecdd8c57e57ad47b7b5be22e565
Dor-bl,https://api.github.com/repos/appium/appium/pulls/17964,https://api.github.com/repos/appium/appium/issues/17964,closed,2022-12-20,2023-01-02,2023-01-02,9ee40374f5957e1ad2eb1f5679cfdcce6b1b2677
pacozaa,https://api.github.com/repos/appium/appium/pulls/17962,https://api.github.com/repos/appium/appium/issues/17962,closed,2022-12-19,2023-01-07,2023-01-07,8f7171c42adf1c6c894d02fdf02b4c22031ce6cf
renovate[bot],https://api.github.com/repos/appium/appium/pulls/17959,https://api.github.com/repos/appium/appium/issues/17959,closed,2022-12-18,2022-12-18,2022-12-18,5565febc9d6d53c070791c4bc42c28a849992509
renovate[bot],https://api.github.com/repos/appium/appium/pulls/17958,https://api.github.com/repos/appium/appium/issues/17958,closed,2022-12-18,2022-12-18,2022-12-18,49a0fe164bddd8fcf9becb51f48c0048f6b1e9ee
mykola-mokhnach,https://api.github.com/repos/appium/appium/pulls/17957,https://api.github.com/repos/appium/appium/issues/17957,closed,2022-12-17,2022-12-20,,9cabde1b740b10f11b64ed96e8b28166771d767c
renovate[bot],https://api.github.com/repos/appium/appium/pulls/17956,https://api.github.com/repos/appium/appium/issues/17956,closed,2022-12-17,2022-12-17,2022-12-17,94911eb59f4df7a89ab2b192d012810a9a0d1499
renovate[bot],https://api.github.com/repos/appium/appium/pulls/17955,https://api.github.com/repos/appium/appium/issues/17955,closed,2022-12-17,2022-12-17,2022-12-17,1b4a41bce9ed332cb4be64f69dcdafeca9b0ecef
boneskull,https://api.github.com/repos/appium/appium/pulls/17954,https://api.github.com/repos/appium/appium/issues/17954,closed,2022-12-16,2023-02-28,2022-12-19,df250cc1e024f4971abe7e756594f7feee32cba6
boneskull,https://api.github.com/repos/appium/appium/pulls/17953,https://api.github.com/repos/appium/appium/issues/17953,closed,2022-12-16,2023-12-05,,6b9408da6d2142b03ec08146d65e0464a2d0aa73
renovate[bot],https://api.github.com/repos/appium/appium/pulls/17951,https://api.github.com/repos/appium/appium/issues/17951,closed,2022-12-16,2022-12-16,2022-12-16,f81e2e92eff25c33d36f767209f423227d288218
renovate[bot],https://api.github.com/repos/appium/appium/pulls/17950,https://api.github.com/repos/appium/appium/issues/17950,closed,2022-12-16,2022-12-16,2022-12-16,5d0d4f5a44dff362430159f97f8569a9be7e378d
boneskull,https://api.github.com/repos/appium/appium/pulls/17949,https://api.github.com/repos/appium/appium/issues/17949,closed,2022-12-16,2023-02-28,2022-12-16,2df077b08c7a7471b7468b37436a8345a14f1bab
boneskull,https://api.github.com/repos/appium/appium/pulls/17948,https://api.github.com/repos/appium/appium/issues/17948,closed,2022-12-15,2023-02-28,2022-12-16,20667be9a21e71963ecb7e25e1b8d51864bce011
boneskull,https://api.github.com/repos/appium/appium/pulls/17947,https://api.github.com/repos/appium/appium/issues/17947,closed,2022-12-15,2023-02-28,2022-12-16,feeaac4713191de0649b0a33f7d5b04cc8f084cd
boneskull,https://api.github.com/repos/appium/appium/pulls/17945,https://api.github.com/repos/appium/appium/issues/17945,closed,2022-12-15,2023-02-28,2022-12-15,45b6aed22ded68ae7250f16f992a0c792ca8a43d
boneskull,https://api.github.com/repos/appium/appium/pulls/17944,https://api.github.com/repos/appium/appium/issues/17944,closed,2022-12-15,2023-02-28,2022-12-15,ad06a0612f9f9b6bfd368cf9622c872641ebf895
boneskull,https://api.github.com/repos/appium/appium/pulls/17943,https://api.github.com/repos/appium/appium/issues/17943,closed,2022-12-15,2023-02-28,2022-12-16,9842e231c54dbe8bda2df55602d1d3a60d60409f
renovate[bot],https://api.github.com/repos/appium/appium/pulls/17942,https://api.github.com/repos/appium/appium/issues/17942,closed,2022-12-15,2022-12-15,2022-12-15,2cb1af4357e0e867c28c7045825140d45fa02393
renovate[bot],https://api.github.com/repos/appium/appium/pulls/17941,https://api.github.com/repos/appium/appium/issues/17941,closed,2022-12-15,2022-12-15,2022-12-15,ad7e2648c18e5646e15a685520195b3c014b515d
jlipps,https://api.github.com/repos/appium/appium/pulls/17939,https://api.github.com/repos/appium/appium/issues/17939,closed,2022-12-14,2023-01-12,2022-12-14,fe67e4cb2fca977dd9994f1cfbba4a0edc61ef83
boneskull,https://api.github.com/repos/appium/appium/pulls/17938,https://api.github.com/repos/appium/appium/issues/17938,closed,2022-12-14,2023-02-28,2022-12-14,9fea6980e5141cfd98c8174cfa3cca7cb55b58ed
jlipps,https://api.github.com/repos/appium/appium/pulls/17936,https://api.github.com/repos/appium/appium/issues/17936,closed,2022-12-14,2022-12-16,2022-12-16,0e195caafefe911586ee2f8be4ae33d402b2ba40
renovate[bot],https://api.github.com/repos/appium/appium/pulls/17935,https://api.github.com/repos/appium/appium/issues/17935,closed,2022-12-14,2022-12-14,2022-12-14,37f71c327a7c1a6d882b5198af6fedc9e8d51496
renovate[bot],https://api.github.com/repos/appium/appium/pulls/17932,https://api.github.com/repos/appium/appium/issues/17932,closed,2022-12-14,2022-12-14,2022-12-14,172fcb9aff0afe5295650566c4fb92d0894bf879
renovate[bot],https://api.github.com/repos/appium/appium/pulls/17931,https://api.github.com/repos/appium/appium/issues/17931,closed,2022-12-14,2022-12-14,2022-12-14,3993decde492d5c072d8e972aaa36577092dd5c7
jlipps,https://api.github.com/repos/appium/appium/pulls/17929,https://api.github.com/repos/appium/appium/issues/17929,closed,2022-12-13,2022-12-13,2022-12-13,28876c19f3544ca4dc4efb7c5ed48b9c72fab7fa
KazuCocoa,https://api.github.com/repos/appium/appium/pulls/17928,https://api.github.com/repos/appium/appium/issues/17928,closed,2022-12-13,2022-12-16,2022-12-16,316ecca8b1f8e52806867a15ba8524a504751460
renovate[bot],https://api.github.com/repos/appium/appium/pulls/17924,https://api.github.com/repos/appium/appium/issues/17924,closed,2022-12-13,2022-12-13,2022-12-13,43e0d522db917709b502a324a1d8177bbdf9e031
renovate[bot],https://api.github.com/repos/appium/appium/pulls/17923,https://api.github.com/repos/appium/appium/issues/17923,closed,2022-12-13,2022-12-13,2022-12-13,cf614b84b6b5c28d7cb1678befbb3ab16cbc55fe
pacozaa,https://api.github.com/repos/appium/appium/pulls/17922,https://api.github.com/repos/appium/appium/issues/17922,closed,2022-12-13,2022-12-16,2022-12-15,26c84c9361e833f3dcd0d1102618c7535441069a
renovate[bot],https://api.github.com/repos/appium/appium/pulls/17916,https://api.github.com/repos/appium/appium/issues/17916,closed,2022-12-12,2022-12-12,2022-12-12,c787bd6fb5fb18a37cc9a4a5be1b2aa65eaa114a
renovate[bot],https://api.github.com/repos/appium/appium/pulls/17915,https://api.github.com/repos/appium/appium/issues/17915,closed,2022-12-12,2022-12-12,2022-12-12,664b2b0e186bcc961a42a9675902ee8039e351be
renovate[bot],https://api.github.com/repos/appium/appium/pulls/17911,https://api.github.com/repos/appium/appium/issues/17911,closed,2022-12-11,2022-12-11,2022-12-11,0c8756b3ceba5ca4f21af6bb9fdc5c5031073fe4
renovate[bot],https://api.github.com/repos/appium/appium/pulls/17910,https://api.github.com/repos/appium/appium/issues/17910,closed,2022-12-11,2022-12-11,2022-12-11,7fbb4a9162c66faf33e8340446944e6039c28ba1
boneskull,https://api.github.com/repos/appium/appium/pulls/17909,https://api.github.com/repos/appium/appium/issues/17909,closed,2022-12-09,2022-12-09,,12a152172e3f67b6e6284bfae9838b278bcb1465
boneskull,https://api.github.com/repos/appium/appium/pulls/17908,https://api.github.com/repos/appium/appium/issues/17908,closed,2022-12-09,2023-02-28,2022-12-13,3de553ad3a58313c14c12880d099d59ba03cd559
renovate[bot],https://api.github.com/repos/appium/appium/pulls/17903,https://api.github.com/repos/appium/appium/issues/17903,closed,2022-12-09,2022-12-09,2022-12-09,1029d68b7dd46501ece2f7888427b0bfa2b5d01c
renovate[bot],https://api.github.com/repos/appium/appium/pulls/17902,https://api.github.com/repos/appium/appium/issues/17902,closed,2022-12-09,2022-12-09,2022-12-09,3e290ed119aba82e41b8889531eef6f56e21f065
boneskull,https://api.github.com/repos/appium/appium/pulls/17900,https://api.github.com/repos/appium/appium/issues/17900,closed,2022-12-09,2023-02-28,2022-12-09,3b705e4fd03ca44749b0dcef2c0facd148caece4
boneskull,https://api.github.com/repos/appium/appium/pulls/17899,https://api.github.com/repos/appium/appium/issues/17899,closed,2022-12-09,2023-02-28,2022-12-09,0c7fb7adebc700e68b875264b5c2042453345879
jlipps,https://api.github.com/repos/appium/appium/pulls/17897,https://api.github.com/repos/appium/appium/issues/17897,closed,2022-12-08,2022-12-13,2022-12-13,8f4c09c8a77ac7dbb496aaad1fc23daf0f9fbdf7
renovate[bot],https://api.github.com/repos/appium/appium/pulls/17894,https://api.github.com/repos/appium/appium/issues/17894,closed,2022-12-08,2022-12-08,2022-12-08,9537cd3e3d4d3d8d49eee3ec952d3b5f0612160c
boneskull,https://api.github.com/repos/appium/appium/pulls/17891,https://api.github.com/repos/appium/appium/issues/17891,closed,2022-12-07,2023-02-28,2022-12-14,fee1c98ee914de49186973eb5755890360745094
renovate[bot],https://api.github.com/repos/appium/appium/pulls/17887,https://api.github.com/repos/appium/appium/issues/17887,closed,2022-12-07,2022-12-07,2022-12-07,37ec2938d6ce42cf12a4217e5273f1e55a290553
boneskull,https://api.github.com/repos/appium/appium/pulls/17886,https://api.github.com/repos/appium/appium/issues/17886,closed,2022-12-06,2023-02-28,2022-12-07,d31aaf9916bc22fb91807af30298f7d463f5975c
renovate[bot],https://api.github.com/repos/appium/appium/pulls/17884,https://api.github.com/repos/appium/appium/issues/17884,closed,2022-12-06,2022-12-07,2022-12-07,d160e3959e583038150aab4a03643ca30766fba8
renovate[bot],https://api.github.com/repos/appium/appium/pulls/17882,https://api.github.com/repos/appium/appium/issues/17882,closed,2022-12-06,2022-12-06,2022-12-06,07d6ef6b8cc1608da8860f601a80ec0f6a7a7598
renovate[bot],https://api.github.com/repos/appium/appium/pulls/17881,https://api.github.com/repos/appium/appium/issues/17881,closed,2022-12-06,2022-12-06,2022-12-06,223c784439b7568c09c3b919abe78aa6e242682c
boneskull,https://api.github.com/repos/appium/appium/pulls/17879,https://api.github.com/repos/appium/appium/issues/17879,closed,2022-12-05,2022-12-05,2022-12-05,406acc185eb77f0a0a8b592ad0603076326e08fc
jlipps,https://api.github.com/repos/appium/appium/pulls/17878,https://api.github.com/repos/appium/appium/issues/17878,closed,2022-12-05,2022-12-08,2022-12-08,5d60c45cce83f664d0cbac256936d5ed0e43aec6
renovate[bot],https://api.github.com/repos/appium/appium/pulls/17876,https://api.github.com/repos/appium/appium/issues/17876,closed,2022-12-05,2022-12-05,2022-12-05,3e99ae185b84107fd6c4ac2b0b584eb6b570ff83
renovate[bot],https://api.github.com/repos/appium/appium/pulls/17874,https://api.github.com/repos/appium/appium/issues/17874,closed,2022-12-04,2022-12-05,,a64e608f12c30b460fcfb53652b5906a4ebd1e10
renovate[bot],https://api.github.com/repos/appium/appium/pulls/17873,https://api.github.com/repos/appium/appium/issues/17873,closed,2022-12-04,2022-12-05,2022-12-05,af8560b6253a861ec8705c376e7cba739f2c7328
renovate[bot],https://api.github.com/repos/appium/appium/pulls/17872,https://api.github.com/repos/appium/appium/issues/17872,closed,2022-12-04,2022-12-04,2022-12-04,91f881410c9fb27eccf127ee18ae89425ca8485a
renovate[bot],https://api.github.com/repos/appium/appium/pulls/17871,https://api.github.com/repos/appium/appium/issues/17871,closed,2022-12-04,2022-12-04,2022-12-04,3bf93582912198b67ce940aeb26b09d35612a2d0
renovate[bot],https://api.github.com/repos/appium/appium/pulls/17870,https://api.github.com/repos/appium/appium/issues/17870,closed,2022-12-04,2022-12-04,2022-12-04,cf34e4c17ac8867a3614124016817dc0060c99b0
renovate[bot],https://api.github.com/repos/appium/appium/pulls/17869,https://api.github.com/repos/appium/appium/issues/17869,closed,2022-12-04,2022-12-04,2022-12-04,2f53e9a34a8a9f4f86eb425dfcd105c2a91bb031
renovate[bot],https://api.github.com/repos/appium/appium/pulls/17868,https://api.github.com/repos/appium/appium/issues/17868,closed,2022-12-03,2022-12-03,2022-12-03,91e60fdbbdfaea30683791ed39273dcc5ec33ce3
renovate[bot],https://api.github.com/repos/appium/appium/pulls/17867,https://api.github.com/repos/appium/appium/issues/17867,closed,2022-12-03,2022-12-03,2022-12-03,8a285cdeceb044d88f657ccd4d5e6939bb15f4eb
renovate[bot],https://api.github.com/repos/appium/appium/pulls/17866,https://api.github.com/repos/appium/appium/issues/17866,closed,2022-12-03,2022-12-03,2022-12-03,d888093057259cb528f23677094dab2440831572
renovate[bot],https://api.github.com/repos/appium/appium/pulls/17865,https://api.github.com/repos/appium/appium/issues/17865,closed,2022-12-03,2022-12-03,2022-12-03,f6aad9cd9b616375cb10ba02a8cd1d4734caa346
boneskull,https://api.github.com/repos/appium/appium/pulls/17864,https://api.github.com/repos/appium/appium/issues/17864,closed,2022-12-02,2023-02-28,2022-12-05,88defdf0fe7ae81b69575595d0fabb4f7e5d27cb
boneskull,https://api.github.com/repos/appium/appium/pulls/17863,https://api.github.com/repos/appium/appium/issues/17863,closed,2022-12-02,2022-12-02,2022-12-02,8886b8ef2393ee4df551e6c1779fd39a6f05974a
boneskull,https://api.github.com/repos/appium/appium/pulls/17857,https://api.github.com/repos/appium/appium/issues/17857,closed,2022-12-02,2023-02-28,2022-12-02,78a4b3488e1d7f4c12b352c97736c3bbc1295d45
renovate[bot],https://api.github.com/repos/appium/appium/pulls/17855,https://api.github.com/repos/appium/appium/issues/17855,closed,2022-12-01,2022-12-01,2022-12-01,f62db4b26d94475d9cdfa3e6fcfc107f3be73b65
boneskull,https://api.github.com/repos/appium/appium/pulls/17854,https://api.github.com/repos/appium/appium/issues/17854,closed,2022-11-30,2022-12-01,2022-12-01,a46d86a4cce2e9a1b8f10facd8638a091ba85a78
boneskull,https://api.github.com/repos/appium/appium/pulls/17853,https://api.github.com/repos/appium/appium/issues/17853,closed,2022-11-30,2022-11-30,2022-11-30,673a4cf9652a6db9234c2bf060dbae579a38dd04
renovate[bot],https://api.github.com/repos/appium/appium/pulls/17852,https://api.github.com/repos/appium/appium/issues/17852,closed,2022-11-30,2022-12-05,2022-12-05,062090ed916a0fa5201b2e8ee4d60a3068bd8bab
renovate[bot],https://api.github.com/repos/appium/appium/pulls/17851,https://api.github.com/repos/appium/appium/issues/17851,closed,2022-11-30,2022-11-30,,cc71ae8dc8690caf77ffafcb572cb386a488fd9b
renovate[bot],https://api.github.com/repos/appium/appium/pulls/17850,https://api.github.com/repos/appium/appium/issues/17850,closed,2022-11-30,2022-11-30,2022-11-30,394d1c3e93ac376c0a04469ffe2a5f7d014cd038
renovate[bot],https://api.github.com/repos/appium/appium/pulls/17848,https://api.github.com/repos/appium/appium/issues/17848,closed,2022-11-30,2022-12-07,2022-12-07,8db012255594acf55cc88ab7fd20827a68ba7496
renovate[bot],https://api.github.com/repos/appium/appium/pulls/17847,https://api.github.com/repos/appium/appium/issues/17847,closed,2022-11-30,2022-11-30,2022-11-30,3e815d2a358720fec3b072d92f125dad47be5ca0
boneskull,https://api.github.com/repos/appium/appium/pulls/17846,https://api.github.com/repos/appium/appium/issues/17846,closed,2022-11-30,2022-11-30,2022-11-30,6cfab29a77f66b636cda2950af849af822f1ccee
boneskull,https://api.github.com/repos/appium/appium/pulls/17845,https://api.github.com/repos/appium/appium/issues/17845,closed,2022-11-29,2023-02-28,2022-12-06,44283b4c4ee78148c66e2e90244a410a271bbc8c
boneskull,https://api.github.com/repos/appium/appium/pulls/17843,https://api.github.com/repos/appium/appium/issues/17843,closed,2022-11-29,2023-02-28,2022-12-02,19b0684d76f5dbd338abe5c36c89e50dd1bc3f6a
boneskull,https://api.github.com/repos/appium/appium/pulls/17842,https://api.github.com/repos/appium/appium/issues/17842,closed,2022-11-29,2023-02-28,2022-11-29,3b1156eb22808f5f3614fafaa4a3f248600548ae
KazuCocoa,https://api.github.com/repos/appium/appium/pulls/17840,https://api.github.com/repos/appium/appium/issues/17840,closed,2022-11-29,2022-11-29,2022-11-29,c4124a5ebf72b80fafa9cbce6e0a4dadb1aaf7f5
renovate[bot],https://api.github.com/repos/appium/appium/pulls/17835,https://api.github.com/repos/appium/appium/issues/17835,closed,2022-11-29,2022-11-29,2022-11-29,ebcc1d21509ed63fa0c225daf39ccc10bf67c3ad
renovate[bot],https://api.github.com/repos/appium/appium/pulls/17834,https://api.github.com/repos/appium/appium/issues/17834,closed,2022-11-29,2022-11-29,2022-11-29,32557f4bca5acc2f89cfd3a70f369cebeb94c588
boneskull,https://api.github.com/repos/appium/appium/pulls/17833,https://api.github.com/repos/appium/appium/issues/17833,closed,2022-11-29,2022-11-29,2022-11-29,b59af041d3844ab060f525be02a3ccebb3808a4a
renovate[bot],https://api.github.com/repos/appium/appium/pulls/17832,https://api.github.com/repos/appium/appium/issues/17832,closed,2022-11-28,2022-11-28,2022-11-28,33aef07d245627e67823a3b344cdf612e4452551
renovate[bot],https://api.github.com/repos/appium/appium/pulls/17831,https://api.github.com/repos/appium/appium/issues/17831,closed,2022-11-28,2022-11-28,2022-11-28,02ad17bce626c7c308b835804209818a9e9a0880
KazuCocoa,https://api.github.com/repos/appium/appium/pulls/17829,https://api.github.com/repos/appium/appium/issues/17829,closed,2022-11-26,2022-11-28,2022-11-28,0cbcf3c7c6e5f71b2e00e21ae32cb3168335b6a3
renovate[bot],https://api.github.com/repos/appium/appium/pulls/17827,https://api.github.com/repos/appium/appium/issues/17827,closed,2022-11-25,2022-11-25,2022-11-25,b0d6adc85511c2acd4fe342c9bfaf839b13daeeb
renovate[bot],https://api.github.com/repos/appium/appium/pulls/17824,https://api.github.com/repos/appium/appium/issues/17824,closed,2022-11-24,2022-11-24,2022-11-24,edb325131b809edae3e73db8d43322dda915b201
renovate[bot],https://api.github.com/repos/appium/appium/pulls/17823,https://api.github.com/repos/appium/appium/issues/17823,closed,2022-11-24,2022-11-24,2022-11-24,8c5d154b955483fc140d5c9596e8b94c0428bf97
KazuCocoa,https://api.github.com/repos/appium/appium/pulls/17822,https://api.github.com/repos/appium/appium/issues/17822,closed,2022-11-24,2022-11-27,2022-11-27,166eec216d18d4aaafa73dafe8db337c56abbb31
renovate[bot],https://api.github.com/repos/appium/appium/pulls/17817,https://api.github.com/repos/appium/appium/issues/17817,closed,2022-11-23,2022-11-23,2022-11-23,b80b88bd9cf2d6325ea6104449170b8339bf23e0
renovate[bot],https://api.github.com/repos/appium/appium/pulls/17816,https://api.github.com/repos/appium/appium/issues/17816,closed,2022-11-23,2022-11-23,2022-11-23,9519833f0ee3861cf7059faaa68ceb8f0cdbf0fe
renovate[bot],https://api.github.com/repos/appium/appium/pulls/17815,https://api.github.com/repos/appium/appium/issues/17815,closed,2022-11-23,2022-11-23,2022-11-23,2d5281165bec48d532f47523883ea31877091d1c
renovate[bot],https://api.github.com/repos/appium/appium/pulls/17813,https://api.github.com/repos/appium/appium/issues/17813,closed,2022-11-22,2022-11-23,2022-11-23,e054f58c5056369d3e311f4102444db68be1dc57
renovate[bot],https://api.github.com/repos/appium/appium/pulls/17812,https://api.github.com/repos/appium/appium/issues/17812,closed,2022-11-22,2022-11-23,2022-11-23,0ca2bdecf23965c5d454f47289983f4d52568eaa
boneskull,https://api.github.com/repos/appium/appium/pulls/17811,https://api.github.com/repos/appium/appium/issues/17811,closed,2022-11-21,2023-02-28,2022-12-02,3eba685e259f40d9c31f397e4fcf3401ee041ea1
garg3133,https://api.github.com/repos/appium/appium/pulls/17808,https://api.github.com/repos/appium/appium/issues/17808,closed,2022-11-21,2023-01-10,,32a6f4cfb3cd5e444461353bd802c50452330e96
renovate[bot],https://api.github.com/repos/appium/appium/pulls/17805,https://api.github.com/repos/appium/appium/issues/17805,closed,2022-11-20,2022-11-22,2022-11-22,852f133052c1d0f693e23d96de9281ff7538fc5d
alaahong,https://api.github.com/repos/appium/appium/pulls/17804,https://api.github.com/repos/appium/appium/issues/17804,closed,2022-11-20,2022-11-20,2022-11-20,364357249ebd4881a5ced6ee4d7e68112d811e0d
KazuCocoa,https://api.github.com/repos/appium/appium/pulls/17803,https://api.github.com/repos/appium/appium/issues/17803,closed,2022-11-19,2022-11-30,2022-11-30,08fc7a05772adad068038d2c3307e256675b94a8
KazuCocoa,https://api.github.com/repos/appium/appium/pulls/17799,https://api.github.com/repos/appium/appium/issues/17799,closed,2022-11-19,2022-11-21,2022-11-21,70d4601b18730083c00b72b0341137627226ab32
renovate[bot],https://api.github.com/repos/appium/appium/pulls/17795,https://api.github.com/repos/appium/appium/issues/17795,closed,2022-11-18,2022-11-20,2022-11-20,70a9c144fc0bd80c4459223d5c8170a4d541db6c
renovate[bot],https://api.github.com/repos/appium/appium/pulls/17793,https://api.github.com/repos/appium/appium/issues/17793,closed,2022-11-18,2022-11-21,2022-11-21,5a794ce1b61e433e568964551c805aa9c82af3ca
renovate[bot],https://api.github.com/repos/appium/appium/pulls/17792,https://api.github.com/repos/appium/appium/issues/17792,closed,2022-11-18,2022-11-21,2022-11-21,7fd2428816d48ce7d0c80264f107d5e67127e119
boneskull,https://api.github.com/repos/appium/appium/pulls/17790,https://api.github.com/repos/appium/appium/issues/17790,closed,2022-11-17,2023-02-28,2022-11-29,96e30ad5372af1a7659f546b45d23c6d9cda9490
garg3133,https://api.github.com/repos/appium/appium/pulls/17789,https://api.github.com/repos/appium/appium/issues/17789,closed,2022-11-17,2022-11-18,2022-11-17,4b504bca48b0ec28a9522e41cd2198acadad9d30
boneskull,https://api.github.com/repos/appium/appium/pulls/17787,https://api.github.com/repos/appium/appium/issues/17787,closed,2022-11-17,2022-11-19,2022-11-19,65c8ed1adc4addf7789f8b4b65b0697bc995de22
KazuCocoa,https://api.github.com/repos/appium/appium/pulls/17786,https://api.github.com/repos/appium/appium/issues/17786,closed,2022-11-17,2022-11-18,2022-11-18,e2132fdae3976df53a71b1e195b441dcbf0dbf82
mykola-mokhnach,https://api.github.com/repos/appium/appium/pulls/17781,https://api.github.com/repos/appium/appium/issues/17781,closed,2022-11-16,2022-11-20,2022-11-20,91901153a12a5d1e589e15f4ec2415a125ddc159
boneskull,https://api.github.com/repos/appium/appium/pulls/17778,https://api.github.com/repos/appium/appium/issues/17778,closed,2022-11-15,2023-02-28,2022-12-02,f3f63f52aba04ae30fcef01d17b56ad667e8648b
boneskull,https://api.github.com/repos/appium/appium/pulls/17777,https://api.github.com/repos/appium/appium/issues/17777,closed,2022-11-15,2023-02-28,2022-11-22,3772c90448fbddc7d00a25e36d3cc727d7761805
renovate[bot],https://api.github.com/repos/appium/appium/pulls/17772,https://api.github.com/repos/appium/appium/issues/17772,closed,2022-11-14,2022-11-17,,8c1407bb2ab2face1f1e649a4c7cff028f3c931e
alaahong,https://api.github.com/repos/appium/appium/pulls/17771,https://api.github.com/repos/appium/appium/issues/17771,closed,2022-11-13,2022-11-13,2022-11-13,997fe5b10fbac67dc630ffeff0ffba1ca879a690
KazuCocoa,https://api.github.com/repos/appium/appium/pulls/17770,https://api.github.com/repos/appium/appium/issues/17770,closed,2022-11-13,2022-11-17,2022-11-17,6082118de0bf7350df411abd690f20f12196f98f
renovate[bot],https://api.github.com/repos/appium/appium/pulls/17769,https://api.github.com/repos/appium/appium/issues/17769,closed,2022-11-12,2022-11-22,2022-11-22,2a445addffb5c972c7dcac50a1bf25601efa003d
renovate[bot],https://api.github.com/repos/appium/appium/pulls/17763,https://api.github.com/repos/appium/appium/issues/17763,closed,2022-11-10,2022-11-17,,fabfd50e01fd3adcbcd2dcd2a7fe5a451d8c9775
KazuCocoa,https://api.github.com/repos/appium/appium/pulls/17762,https://api.github.com/repos/appium/appium/issues/17762,closed,2022-11-10,2022-11-10,2022-11-10,35fefe3aa68a50e509dbd5fafb6ac8b110d8fb28
Dor-bl,https://api.github.com/repos/appium/appium/pulls/17760,https://api.github.com/repos/appium/appium/issues/17760,closed,2022-11-09,2022-11-14,2022-11-14,8f2a9084f62e698c6e36eed52903a9f6b6182d54
boneskull,https://api.github.com/repos/appium/appium/pulls/17759,https://api.github.com/repos/appium/appium/issues/17759,closed,2022-11-09,2023-02-28,2022-11-17,c1bcad994b5302f3fc05ad3b8470028d7efafd84
boneskull,https://api.github.com/repos/appium/appium/pulls/17758,https://api.github.com/repos/appium/appium/issues/17758,closed,2022-11-09,2022-11-09,2022-11-09,57904cca5716631250b997f8c4057fdc85df7f07
boneskull,https://api.github.com/repos/appium/appium/pulls/17757,https://api.github.com/repos/appium/appium/issues/17757,closed,2022-11-09,2022-11-17,2022-11-17,9d3c9a2c2f848e062079c3713e86ed7f00d9b3ca
mykola-mokhnach,https://api.github.com/repos/appium/appium/pulls/17756,https://api.github.com/repos/appium/appium/issues/17756,closed,2022-11-09,2022-11-12,2022-11-12,bce024a72128b2d791da67f5838ef4527522b403
KazuCocoa,https://api.github.com/repos/appium/appium/pulls/17751,https://api.github.com/repos/appium/appium/issues/17751,closed,2022-11-09,2022-11-11,2022-11-11,b93c7cf15644aa7da30604e1d6382b3cafb841f5
boneskull,https://api.github.com/repos/appium/appium/pulls/17747,https://api.github.com/repos/appium/appium/issues/17747,closed,2022-11-09,2023-02-28,2022-11-29,6d514c54b365197eacc37d01324a78eb508002c5
jlipps,https://api.github.com/repos/appium/appium/pulls/17745,https://api.github.com/repos/appium/appium/issues/17745,closed,2022-11-08,2022-11-09,2022-11-09,22046a15df9565f5bbaeb7d7c1ff65b74f232400
renovate[bot],https://api.github.com/repos/appium/appium/pulls/17744,https://api.github.com/repos/appium/appium/issues/17744,closed,2022-11-08,2022-11-08,2022-11-08,01bcbd9f0da309b90cd3b760c30d885cb03e6728
renovate[bot],https://api.github.com/repos/appium/appium/pulls/17742,https://api.github.com/repos/appium/appium/issues/17742,closed,2022-11-08,2022-11-08,2022-11-08,d5bf721cfaddfbc0fc8a993f95aaa4637ba10c3c
renovate[bot],https://api.github.com/repos/appium/appium/pulls/17741,https://api.github.com/repos/appium/appium/issues/17741,closed,2022-11-08,2022-11-08,2022-11-08,6dd508e5dad20d14dc685c6928a3f0fd4aad0276
jlipps,https://api.github.com/repos/appium/appium/pulls/17740,https://api.github.com/repos/appium/appium/issues/17740,closed,2022-11-07,2022-11-07,2022-11-07,8b5cb67fd79d1e6bd9f3ff469ddf16cee2628501
renovate[bot],https://api.github.com/repos/appium/appium/pulls/17739,https://api.github.com/repos/appium/appium/issues/17739,closed,2022-11-07,2022-11-07,2022-11-07,334093bfacdf45f277eff604e62d6244fad4c5dd
renovate[bot],https://api.github.com/repos/appium/appium/pulls/17736,https://api.github.com/repos/appium/appium/issues/17736,closed,2022-11-06,2022-11-06,2022-11-06,e70e6727964e2fb5f46f6085e59d38cfd21b9839
renovate[bot],https://api.github.com/repos/appium/appium/pulls/17735,https://api.github.com/repos/appium/appium/issues/17735,closed,2022-11-06,2022-11-06,2022-11-06,b3e8b470895e09d8933ad5c10dbbe17c3ad34941
renovate[bot],https://api.github.com/repos/appium/appium/pulls/17733,https://api.github.com/repos/appium/appium/issues/17733,closed,2022-11-06,2022-11-06,2022-11-06,f5da9f31a31b62d32b076857891cb027887fdbaf
renovate[bot],https://api.github.com/repos/appium/appium/pulls/17731,https://api.github.com/repos/appium/appium/issues/17731,closed,2022-11-05,2022-11-05,2022-11-05,a33e6b0438dc3044c0beee246a1d8a3abacea779
renovate[bot],https://api.github.com/repos/appium/appium/pulls/17730,https://api.github.com/repos/appium/appium/issues/17730,closed,2022-11-05,2022-11-05,2022-11-05,6e3bfb8847db8fc906c09ba01a5dc11636ba3ab1
renovate[bot],https://api.github.com/repos/appium/appium/pulls/17729,https://api.github.com/repos/appium/appium/issues/17729,closed,2022-11-05,2022-11-05,2022-11-05,fc1bec327f4a2aa4fb6dd6cc97f0c10874128183
jlipps,https://api.github.com/repos/appium/appium/pulls/17727,https://api.github.com/repos/appium/appium/issues/17727,closed,2022-11-04,2022-11-08,2022-11-08,75dbf872ed57c3e00d7fda8e32cb545d67956a4f
jlipps,https://api.github.com/repos/appium/appium/pulls/17725,https://api.github.com/repos/appium/appium/issues/17725,closed,2022-11-04,2022-11-07,2022-11-07,59b0f1d561acf215139333fcea5851dec6881ce4
KazuCocoa,https://api.github.com/repos/appium/appium/pulls/17722,https://api.github.com/repos/appium/appium/issues/17722,closed,2022-11-04,2022-11-13,2022-11-04,881d225605edfd34a4145b35b4ccef7b8382e1a1
renovate[bot],https://api.github.com/repos/appium/appium/pulls/17720,https://api.github.com/repos/appium/appium/issues/17720,closed,2022-11-04,2022-11-17,,05937f27bd80ec575bec35c9336523496cf16b68
renovate[bot],https://api.github.com/repos/appium/appium/pulls/17719,https://api.github.com/repos/appium/appium/issues/17719,closed,2022-11-04,2022-11-04,2022-11-04,a95b2e0fe6fc646ad5e1fb3479b448ad3a66c880
boneskull,https://api.github.com/repos/appium/appium/pulls/17718,https://api.github.com/repos/appium/appium/issues/17718,closed,2022-11-04,2022-11-04,,12ad685091852c0a03d63243bfcfec91bd12b3f8
renovate[bot],https://api.github.com/repos/appium/appium/pulls/17717,https://api.github.com/repos/appium/appium/issues/17717,closed,2022-11-03,2022-12-02,2022-12-02,2a42ccd1105e29eb1626a9969ebe1021470a1f80
renovate[bot],https://api.github.com/repos/appium/appium/pulls/17716,https://api.github.com/repos/appium/appium/issues/17716,closed,2022-11-03,2022-11-03,2022-11-03,ea1b6a3334ee5330abd456a7d4467fc92d94270d
renovate[bot],https://api.github.com/repos/appium/appium/pulls/17715,https://api.github.com/repos/appium/appium/issues/17715,closed,2022-11-03,2022-11-03,2022-11-03,0d7c936b11499deb482fc41b0c760d56ad30e1fb
gurtt,https://api.github.com/repos/appium/appium/pulls/17714,https://api.github.com/repos/appium/appium/issues/17714,closed,2022-11-03,2022-11-03,2022-11-03,7c70550c81c8253acc4d91f6146c0ceb52e6e419
boneskull,https://api.github.com/repos/appium/appium/pulls/17711,https://api.github.com/repos/appium/appium/issues/17711,closed,2022-11-02,2023-02-28,2022-11-03,ed4408df2214b1b1ba2fe6c32b2cf810eadd5232
boneskull,https://api.github.com/repos/appium/appium/pulls/17710,https://api.github.com/repos/appium/appium/issues/17710,closed,2022-11-02,2023-02-28,2022-11-02,a10fbad9fca0d4340cb8c5f6c7038171a7c94e22
jlipps,https://api.github.com/repos/appium/appium/pulls/17709,https://api.github.com/repos/appium/appium/issues/17709,closed,2022-11-02,2022-11-03,2022-11-03,ece4c6189998ddfb93992f398d6f1df3905aea67
boneskull,https://api.github.com/repos/appium/appium/pulls/17708,https://api.github.com/repos/appium/appium/issues/17708,closed,2022-11-02,2023-02-28,2022-11-03,b3b642778aae6138f246c4fa9ecb32b017c25f7a
renovate[bot],https://api.github.com/repos/appium/appium/pulls/17705,https://api.github.com/repos/appium/appium/issues/17705,closed,2022-11-02,2022-12-02,2022-12-02,b297bb8891788517660fd4692193b99f5ae628b5
renovate[bot],https://api.github.com/repos/appium/appium/pulls/17704,https://api.github.com/repos/appium/appium/issues/17704,closed,2022-11-02,2022-11-03,,1210afab0d4f8823ce433ea6c7d7f532054ca17e
KazuCocoa,https://api.github.com/repos/appium/appium/pulls/17703,https://api.github.com/repos/appium/appium/issues/17703,closed,2022-11-02,2022-11-02,2022-11-02,127aa34fa385abf2c6b48ead48201296244a3410
renovate[bot],https://api.github.com/repos/appium/appium/pulls/17702,https://api.github.com/repos/appium/appium/issues/17702,closed,2022-11-02,2022-11-03,,3a00c5f9cce9b387b2f8718e10c0e165d16681dd
renovate[bot],https://api.github.com/repos/appium/appium/pulls/17701,https://api.github.com/repos/appium/appium/issues/17701,closed,2022-11-02,2022-11-03,2022-11-02,4dd2a46338a0fb26421c39418c5e20282a400eb3
renovate[bot],https://api.github.com/repos/appium/appium/pulls/17700,https://api.github.com/repos/appium/appium/issues/17700,closed,2022-11-02,2022-11-03,2022-11-03,792e70be834330ee6480db3e1b79fbfec6f3f658
renovate[bot],https://api.github.com/repos/appium/appium/pulls/17699,https://api.github.com/repos/appium/appium/issues/17699,closed,2022-11-02,2022-11-02,2022-11-02,8e9692fae764f664885f9b2accd2014a583886bd
boneskull,https://api.github.com/repos/appium/appium/pulls/17698,https://api.github.com/repos/appium/appium/issues/17698,closed,2022-11-01,2022-11-02,2022-11-01,4fd887cf9905db15efed792875e63bc36b7578d9
boneskull,https://api.github.com/repos/appium/appium/pulls/17697,https://api.github.com/repos/appium/appium/issues/17697,closed,2022-11-01,2023-02-28,2022-11-01,b6825633c7283e2c5ccab31b0320a25253b17fdd
boneskull,https://api.github.com/repos/appium/appium/pulls/17696,https://api.github.com/repos/appium/appium/issues/17696,closed,2022-11-01,2023-02-28,2022-11-01,9a7cb33b1642501204b3eb9053e109e8132da15d
boneskull,https://api.github.com/repos/appium/appium/pulls/17695,https://api.github.com/repos/appium/appium/issues/17695,closed,2022-11-01,2023-02-28,2022-11-01,7554f8ab94f13939825213f2e4191980136842c8
boneskull,https://api.github.com/repos/appium/appium/pulls/17694,https://api.github.com/repos/appium/appium/issues/17694,closed,2022-11-01,2023-02-28,2022-11-01,d72010ad8ba27feb600533aaeded82684cd309a7
jlipps,https://api.github.com/repos/appium/appium/pulls/17692,https://api.github.com/repos/appium/appium/issues/17692,closed,2022-11-01,2022-11-02,2022-11-02,be55f0903cbe5e9df11b480f80ef82108149e336
boneskull,https://api.github.com/repos/appium/appium/pulls/17691,https://api.github.com/repos/appium/appium/issues/17691,closed,2022-11-01,2022-11-01,2022-11-01,7945d77e6c322f0fba63140f3297ffee3a0000d9
boneskull,https://api.github.com/repos/appium/appium/pulls/17687,https://api.github.com/repos/appium/appium/issues/17687,closed,2022-10-31,2023-02-28,2022-10-31,9e190cc95b59396b294850dec9213f9499cf867a
renovate[bot],https://api.github.com/repos/appium/appium/pulls/17686,https://api.github.com/repos/appium/appium/issues/17686,closed,2022-10-31,2022-10-31,2022-10-31,00553c86fffacffea0002a4f9598503a19a61e34
renovate[bot],https://api.github.com/repos/appium/appium/pulls/17685,https://api.github.com/repos/appium/appium/issues/17685,closed,2022-10-31,2022-10-31,,4cd05dbd7aabeb4aa393d69baea38bd2d1631786
renovate[bot],https://api.github.com/repos/appium/appium/pulls/17684,https://api.github.com/repos/appium/appium/issues/17684,closed,2022-10-31,2022-10-31,2022-10-31,f0aebea4bdcde5ff078de3e471fbd2a2e70e818b
renovate[bot],https://api.github.com/repos/appium/appium/pulls/17682,https://api.github.com/repos/appium/appium/issues/17682,closed,2022-10-30,2022-10-30,2022-10-30,dd0304ef84456075f52c11b1c67cabc1e5d0497b
renovate[bot],https://api.github.com/repos/appium/appium/pulls/17680,https://api.github.com/repos/appium/appium/issues/17680,closed,2022-10-29,2022-10-29,2022-10-29,1342e139920c58b3f24089397e8372a9b03fba95
renovate[bot],https://api.github.com/repos/appium/appium/pulls/17678,https://api.github.com/repos/appium/appium/issues/17678,closed,2022-10-29,2022-10-29,2022-10-29,82fd2613dd73c7086d5ced56535c9daa92619f31
renovate[bot],https://api.github.com/repos/appium/appium/pulls/17672,https://api.github.com/repos/appium/appium/issues/17672,closed,2022-10-28,2022-10-28,2022-10-28,2c10285a8fbdaabf1df0ba1482afef4d128a90e9
renovate[bot],https://api.github.com/repos/appium/appium/pulls/17669,https://api.github.com/repos/appium/appium/issues/17669,closed,2022-10-27,2022-10-27,2022-10-27,3671178d00d964f4af6ff93aecfc482244d00958
renovate[bot],https://api.github.com/repos/appium/appium/pulls/17668,https://api.github.com/repos/appium/appium/issues/17668,closed,2022-10-27,2022-10-27,2022-10-27,8ceff40b3ca8e078a2e31f58f910eb7a23f04ebb
mykola-mokhnach,https://api.github.com/repos/appium/appium/pulls/17666,https://api.github.com/repos/appium/appium/issues/17666,closed,2022-10-27,2022-10-27,2022-10-27,32a2616c3600e0ba91a29981d9af27fb4fede833
boneskull,https://api.github.com/repos/appium/appium/pulls/17665,https://api.github.com/repos/appium/appium/issues/17665,closed,2022-10-27,2023-02-28,2022-10-31,298c06aede373b98fa8c4819ad1c557ce6fe4e98
boneskull,https://api.github.com/repos/appium/appium/pulls/17664,https://api.github.com/repos/appium/appium/issues/17664,closed,2022-10-26,2023-02-28,2022-10-31,93f939982f75ff62359beb0f9cd0c9f8e34a9fde
boneskull,https://api.github.com/repos/appium/appium/pulls/17663,https://api.github.com/repos/appium/appium/issues/17663,closed,2022-10-26,2023-02-28,2022-10-31,97522a7170845adbd4662ce14431e1fc1d9f4955
KazuCocoa,https://api.github.com/repos/appium/appium/pulls/17661,https://api.github.com/repos/appium/appium/issues/17661,closed,2022-10-26,2022-10-27,2022-10-27,3ac8cb2c2f206f94fec3f5d8c10488fabf0089ef
renovate[bot],https://api.github.com/repos/appium/appium/pulls/17660,https://api.github.com/repos/appium/appium/issues/17660,closed,2022-10-26,2022-10-26,2022-10-26,85ef66a16bc134cb2b292b42541325517fa22b82
boneskull,https://api.github.com/repos/appium/appium/pulls/17659,https://api.github.com/repos/appium/appium/issues/17659,closed,2022-10-26,2023-02-28,2022-10-31,62c330505c6904094a16b94f7008e2b5e2d9fa2b
kopax-polyconseil,https://api.github.com/repos/appium/appium/pulls/17657,https://api.github.com/repos/appium/appium/issues/17657,closed,2022-10-25,2022-10-26,,75c12c198c95c46403062a2414fd2df229947b31
renovate[bot],https://api.github.com/repos/appium/appium/pulls/17654,https://api.github.com/repos/appium/appium/issues/17654,closed,2022-10-25,2023-12-27,2022-10-31,aa415bc646da3c12a5bf5252e65c925c5fe8477f
renovate[bot],https://api.github.com/repos/appium/appium/pulls/17653,https://api.github.com/repos/appium/appium/issues/17653,closed,2022-10-25,2022-10-25,2022-10-25,089bfcce09df90c626af8970845241189b82ce23
jlipps,https://api.github.com/repos/appium/appium/pulls/17652,https://api.github.com/repos/appium/appium/issues/17652,closed,2022-10-24,2023-01-13,,25546d7e648cb50e8c396db3980e5950f7f0663f
kopax-polyconseil,https://api.github.com/repos/appium/appium/pulls/17648,https://api.github.com/repos/appium/appium/issues/17648,closed,2022-10-24,2022-10-25,,
renovate[bot],https://api.github.com/repos/appium/appium/pulls/17647,https://api.github.com/repos/appium/appium/issues/17647,closed,2022-10-24,2022-10-24,2022-10-24,8abcb6be8d3912b7f90ac3733a06f186e8654dac
Dor-bl,https://api.github.com/repos/appium/appium/pulls/17645,https://api.github.com/repos/appium/appium/issues/17645,closed,2022-10-22,2022-10-27,2022-10-26,94ee0a4127e28e1d39a10d48e0dda5cfbc2bcd90
renovate[bot],https://api.github.com/repos/appium/appium/pulls/17644,https://api.github.com/repos/appium/appium/issues/17644,closed,2022-10-22,2022-10-22,2022-10-22,720f18145dc0adbbca9e6c311c237cc1e77ff2c4
KazuCocoa,https://api.github.com/repos/appium/appium/pulls/17643,https://api.github.com/repos/appium/appium/issues/17643,closed,2022-10-22,2022-10-25,2022-10-25,52a931a8c221f9fd228feacb0620967cd5b29ea1
renovate[bot],https://api.github.com/repos/appium/appium/pulls/17642,https://api.github.com/repos/appium/appium/issues/17642,closed,2022-10-22,2022-10-22,2022-10-22,79e063b4cfaa5138450ad90411a5a64a628cf2e6
boneskull,https://api.github.com/repos/appium/appium/pulls/17640,https://api.github.com/repos/appium/appium/issues/17640,closed,2022-10-21,2023-02-28,2022-10-24,0bd4e40b38a976f4af0bd91bdf7a9e21e9c207c7
renovate[bot],https://api.github.com/repos/appium/appium/pulls/17636,https://api.github.com/repos/appium/appium/issues/17636,closed,2022-10-20,2022-10-20,2022-10-20,1d451bf74ac2afd09ae91f2b517f0f0e77cdb9a4
renovate[bot],https://api.github.com/repos/appium/appium/pulls/17634,https://api.github.com/repos/appium/appium/issues/17634,closed,2022-10-20,2022-10-20,2022-10-20,611608ecffe36e6b98102b4ae54e02717449b99a
JavaGirish,https://api.github.com/repos/appium/appium/pulls/17633,https://api.github.com/repos/appium/appium/issues/17633,closed,2022-10-20,2022-10-20,2022-10-20,e261b3c53d409a44a925d09e42c93d1b92b03ede
KazuCocoa,https://api.github.com/repos/appium/appium/pulls/17631,https://api.github.com/repos/appium/appium/issues/17631,closed,2022-10-19,2022-11-23,2022-11-23,b761bfdd86e0fdda4051439334e4387f9e40957b
renovate[bot],https://api.github.com/repos/appium/appium/pulls/17630,https://api.github.com/repos/appium/appium/issues/17630,closed,2022-10-19,2022-10-19,2022-10-19,13f4dfca43bb3e161167201e7db4d8c1a034f0c7
renovate[bot],https://api.github.com/repos/appium/appium/pulls/17629,https://api.github.com/repos/appium/appium/issues/17629,closed,2022-10-19,2022-10-19,2022-10-19,5d0fe8afe55412daaefcf202d9dc82c131a77f78
KazuCocoa,https://api.github.com/repos/appium/appium/pulls/17628,https://api.github.com/repos/appium/appium/issues/17628,closed,2022-10-19,2022-10-20,2022-10-20,4842ecc3294ef5d4c629ec0934d27d32c24ea9b2
KazuCocoa,https://api.github.com/repos/appium/appium/pulls/17626,https://api.github.com/repos/appium/appium/issues/17626,closed,2022-10-18,2022-11-28,2022-11-02,c61fe7df69d167f5bf12b2fc39053184e520c2d1
KazuCocoa,https://api.github.com/repos/appium/appium/pulls/17625,https://api.github.com/repos/appium/appium/issues/17625,closed,2022-10-18,2022-10-19,2022-10-19,22d5b2fd9e0b1f65d5cb78b4dcd45b095537cae1
boneskull,https://api.github.com/repos/appium/appium/pulls/17622,https://api.github.com/repos/appium/appium/issues/17622,closed,2022-10-17,2022-10-18,2022-10-18,3f047cc56f5510fe364705bcbb843995dd0b87a7
JavaGirish,https://api.github.com/repos/appium/appium/pulls/17619,https://api.github.com/repos/appium/appium/issues/17619,closed,2022-10-16,2022-10-20,,5a1de6c4f6896ed31e5c432f3cc56785a8259a29
renovate[bot],https://api.github.com/repos/appium/appium/pulls/17618,https://api.github.com/repos/appium/appium/issues/17618,closed,2022-10-16,2022-10-16,2022-10-16,ff8d63c70aa45ab768e096198afb61f7ee7174a7
renovate[bot],https://api.github.com/repos/appium/appium/pulls/17617,https://api.github.com/repos/appium/appium/issues/17617,closed,2022-10-16,2022-10-16,2022-10-16,78e6a20ea715fb596a844c91a86b83b39048f5b7
renovate[bot],https://api.github.com/repos/appium/appium/pulls/17616,https://api.github.com/repos/appium/appium/issues/17616,closed,2022-10-15,2022-12-02,2022-12-02,68778ca5c5f92ae973fb7055d84030630b31e1e9
renovate[bot],https://api.github.com/repos/appium/appium/pulls/17615,https://api.github.com/repos/appium/appium/issues/17615,closed,2022-10-15,2022-10-15,2022-10-15,55d50f614ff5b21a33659b3c6067c7c0eac62998
boneskull,https://api.github.com/repos/appium/appium/pulls/17613,https://api.github.com/repos/appium/appium/issues/17613,closed,2022-10-14,2023-02-28,2022-10-17,bf8f6cda26688f1af25cf0a2c2f20e7238373264
boneskull,https://api.github.com/repos/appium/appium/pulls/17612,https://api.github.com/repos/appium/appium/issues/17612,closed,2022-10-14,2023-02-28,2022-10-14,51d6d69ff13a0cc23d612257926c02892685dcee
KazuCocoa,https://api.github.com/repos/appium/appium/pulls/17609,https://api.github.com/repos/appium/appium/issues/17609,closed,2022-10-14,2022-10-24,2022-10-18,81504a11a2d50450687155ca0898b78836a85f97
renovate[bot],https://api.github.com/repos/appium/appium/pulls/17608,https://api.github.com/repos/appium/appium/issues/17608,closed,2022-10-14,2022-10-14,2022-10-14,8c092b1172f93bb99699c0e33682d2ca46486a09
renovate[bot],https://api.github.com/repos/appium/appium/pulls/17607,https://api.github.com/repos/appium/appium/issues/17607,closed,2022-10-14,2022-10-14,2022-10-14,b7bd6b426a1ed4dba8a45e5149ccf6c92beb6c0f
Dor-bl,https://api.github.com/repos/appium/appium/pulls/17606,https://api.github.com/repos/appium/appium/issues/17606,closed,2022-10-14,2022-10-24,2022-10-14,8c6f8fff4455eee832d6eba2a31ca5273cbdb6a6
renovate[bot],https://api.github.com/repos/appium/appium/pulls/17604,https://api.github.com/repos/appium/appium/issues/17604,closed,2022-10-13,2022-10-14,2022-10-14,55f4bdca0e6ed47b8f4454b312ffb3137600d673
renovate[bot],https://api.github.com/repos/appium/appium/pulls/17593,https://api.github.com/repos/appium/appium/issues/17593,closed,2022-10-11,2022-10-11,2022-10-11,ed8b65ce7295e5b0f71fcc7146ffcec8752cd1e2
renovate[bot],https://api.github.com/repos/appium/appium/pulls/17592,https://api.github.com/repos/appium/appium/issues/17592,closed,2022-10-11,2022-10-11,2022-10-11,b18ba50f8e53f533dba90438b8eb094480364e6d
renovate[bot],https://api.github.com/repos/appium/appium/pulls/17591,https://api.github.com/repos/appium/appium/issues/17591,closed,2022-10-11,2022-10-16,2022-10-16,c0e0db78a86182561d4becde358db37b45c27ff4
mykola-mokhnach,https://api.github.com/repos/appium/appium/pulls/17590,https://api.github.com/repos/appium/appium/issues/17590,closed,2022-10-10,2022-10-12,2022-10-11,1547c7535efa99b95755f8224b1fb9fb0021339a
renovate[bot],https://api.github.com/repos/appium/appium/pulls/17588,https://api.github.com/repos/appium/appium/issues/17588,closed,2022-10-10,2022-10-10,2022-10-10,24a0efd69515420c4b7c1b17b47f5695ebc5d50a
renovate[bot],https://api.github.com/repos/appium/appium/pulls/17585,https://api.github.com/repos/appium/appium/issues/17585,closed,2022-10-09,2022-10-09,2022-10-09,2a452cec4bae94e8f84f9a793f3e50c524e7bed3
renovate[bot],https://api.github.com/repos/appium/appium/pulls/17584,https://api.github.com/repos/appium/appium/issues/17584,closed,2022-10-08,2022-10-08,2022-10-08,8c7acd52a5d0970b60964a39101dffb43fed0de3
renovate[bot],https://api.github.com/repos/appium/appium/pulls/17579,https://api.github.com/repos/appium/appium/issues/17579,closed,2022-10-07,2022-10-07,2022-10-07,5bca642efa9ea134ed273a2bfbd6835e2a0ea116
mykola-mokhnach,https://api.github.com/repos/appium/appium/pulls/17578,https://api.github.com/repos/appium/appium/issues/17578,closed,2022-10-07,2022-10-07,2022-10-07,6c451e1f7dafd3b8895f163d64d4aa4c66f5e1f1
mykola-mokhnach,https://api.github.com/repos/appium/appium/pulls/17575,https://api.github.com/repos/appium/appium/issues/17575,closed,2022-10-06,2022-10-07,,b2da4077abcc6de6bed526919c055e3d6887df24
renovate[bot],https://api.github.com/repos/appium/appium/pulls/17568,https://api.github.com/repos/appium/appium/issues/17568,closed,2022-10-06,2022-11-01,2022-11-01,b7b9453a5c8774bf2d047ea4e5b8749fff4e5db8
renovate[bot],https://api.github.com/repos/appium/appium/pulls/17567,https://api.github.com/repos/appium/appium/issues/17567,closed,2022-10-06,2022-10-06,2022-10-06,c46060cae732fd8cf9f415bc9a985ae0d1bd9faa
boneskull,https://api.github.com/repos/appium/appium/pulls/17564,https://api.github.com/repos/appium/appium/issues/17564,closed,2022-10-05,2022-10-06,2022-10-06,cc04e6595b865f57366369a2f57761a1621c3e44
renovate[bot],https://api.github.com/repos/appium/appium/pulls/17561,https://api.github.com/repos/appium/appium/issues/17561,closed,2022-10-05,2022-10-05,2022-10-05,4829984e2eba813a8e9d36ce61ba372c939cfff0
renovate[bot],https://api.github.com/repos/appium/appium/pulls/17560,https://api.github.com/repos/appium/appium/issues/17560,closed,2022-10-05,2022-10-11,2022-10-11,c7072027d68747ccfc204bc8196f303aca5e395b
boneskull,https://api.github.com/repos/appium/appium/pulls/17559,https://api.github.com/repos/appium/appium/issues/17559,closed,2022-10-04,2023-02-28,2022-10-06,9ce09845c87f467189a6cd9a469b41a926217ffb
renovate[bot],https://api.github.com/repos/appium/appium/pulls/17555,https://api.github.com/repos/appium/appium/issues/17555,closed,2022-10-04,2022-10-04,2022-10-04,46644bc2d19909405995ef4d1dbeb68f34642bf7
renovate[bot],https://api.github.com/repos/appium/appium/pulls/17553,https://api.github.com/repos/appium/appium/issues/17553,closed,2022-10-04,2022-10-04,2022-10-04,2752df1aae04e4347e75fe34cde973dae8c448af
renovate[bot],https://api.github.com/repos/appium/appium/pulls/17552,https://api.github.com/repos/appium/appium/issues/17552,closed,2022-10-04,2022-10-04,2022-10-04,daaf86220b28f731a6075733489e048f2aea46ef
renovate[bot],https://api.github.com/repos/appium/appium/pulls/17544,https://api.github.com/repos/appium/appium/issues/17544,closed,2022-10-03,2022-10-03,2022-10-03,4a7cab26fad60e14fa292c9a06afaf6e4bcdb83a
renovate[bot],https://api.github.com/repos/appium/appium/pulls/17543,https://api.github.com/repos/appium/appium/issues/17543,closed,2022-10-03,2022-10-03,2022-10-03,07c8660a50088c46f0a767f917db4530d4971826
renovate[bot],https://api.github.com/repos/appium/appium/pulls/17541,https://api.github.com/repos/appium/appium/issues/17541,closed,2022-10-01,2022-10-01,2022-10-01,04231eb833eebd502bf79d69bd5a7cd84da9d6a4
renovate[bot],https://api.github.com/repos/appium/appium/pulls/17540,https://api.github.com/repos/appium/appium/issues/17540,closed,2022-10-01,2022-10-01,2022-10-01,160238e92995bd37c13442312937f6ce72cff8cc
renovate[bot],https://api.github.com/repos/appium/appium/pulls/17537,https://api.github.com/repos/appium/appium/issues/17537,closed,2022-09-29,2022-09-29,2022-09-29,bda6746d7b80b4e881bac0feec1348eb78ae9f5e
renovate[bot],https://api.github.com/repos/appium/appium/pulls/17535,https://api.github.com/repos/appium/appium/issues/17535,closed,2022-09-28,2022-10-05,2022-10-05,e7c3536c1543e86ef6f980cc6d85c46422b54b92
renovate[bot],https://api.github.com/repos/appium/appium/pulls/17533,https://api.github.com/repos/appium/appium/issues/17533,closed,2022-09-28,2022-09-28,2022-09-28,a77e5398f620e33b78efbaf58c678362fbbe9cd1
renovate[bot],https://api.github.com/repos/appium/appium/pulls/17532,https://api.github.com/repos/appium/appium/issues/17532,closed,2022-09-28,2022-09-28,2022-09-28,08fc54b536ba7bfaeb274822e4ea69c430a2cdc5
renovate[bot],https://api.github.com/repos/appium/appium/pulls/17531,https://api.github.com/repos/appium/appium/issues/17531,closed,2022-09-27,2022-09-27,2022-09-27,7a1ee2b173ead7717fd2f40826921bc21ed45891
mykola-mokhnach,https://api.github.com/repos/appium/appium/pulls/17523,https://api.github.com/repos/appium/appium/issues/17523,closed,2022-09-25,2022-09-27,2022-09-25,882958575bfaa19a13a0ed46c8565de3e4535b72
renovate[bot],https://api.github.com/repos/appium/appium/pulls/17522,https://api.github.com/repos/appium/appium/issues/17522,closed,2022-09-24,2022-09-26,2022-09-26,75f030b35f0e3ecaf69c835eb37037232db41409
renovate[bot],https://api.github.com/repos/appium/appium/pulls/17521,https://api.github.com/repos/appium/appium/issues/17521,closed,2022-09-24,2022-09-24,2022-09-24,2eab139f186e14bb3159965fcc3eddc2458b811b
renovate[bot],https://api.github.com/repos/appium/appium/pulls/17520,https://api.github.com/repos/appium/appium/issues/17520,closed,2022-09-24,2022-09-24,2022-09-24,0eb92e493b0bf0e9bfd1b6609e686c584032742f
renovate[bot],https://api.github.com/repos/appium/appium/pulls/17519,https://api.github.com/repos/appium/appium/issues/17519,closed,2022-09-24,2022-09-24,2022-09-24,d945b0f2fecb2aaf33df6a014c515e88f67f1c6c
renovate[bot],https://api.github.com/repos/appium/appium/pulls/17515,https://api.github.com/repos/appium/appium/issues/17515,closed,2022-09-23,2022-09-23,2022-09-23,e5d2422990a1b529768131fd60017381d4b3f1cd
renovate[bot],https://api.github.com/repos/appium/appium/pulls/17513,https://api.github.com/repos/appium/appium/issues/17513,closed,2022-09-22,2022-09-22,2022-09-22,31b6b2fe7d17115d2c2b351277a61b1b010c397a
btimbermont,https://api.github.com/repos/appium/appium/pulls/17512,https://api.github.com/repos/appium/appium/issues/17512,closed,2022-09-22,2022-09-22,2022-09-22,ef757421e17b8fb253179c6c0c0c622ae4c02adf
renovate[bot],https://api.github.com/repos/appium/appium/pulls/17509,https://api.github.com/repos/appium/appium/issues/17509,closed,2022-09-21,2022-10-05,2022-10-05,45e653151d2da54ab41d839817e73b8f828ea333
renovate[bot],https://api.github.com/repos/appium/appium/pulls/17504,https://api.github.com/repos/appium/appium/issues/17504,closed,2022-09-17,2022-09-17,2022-09-17,2101da38431078d87e4db1b777d18dd7612e7af1
renovate[bot],https://api.github.com/repos/appium/appium/pulls/17500,https://api.github.com/repos/appium/appium/issues/17500,closed,2022-09-16,2022-09-16,2022-09-16,595545ac58cfa66a871d5fe9df01b1661f2af23c
renovate[bot],https://api.github.com/repos/appium/appium/pulls/17499,https://api.github.com/repos/appium/appium/issues/17499,closed,2022-09-16,2022-09-16,2022-09-16,096f0ab2fe084f02fa4f91bea06df2ea3852ff9f
boneskull,https://api.github.com/repos/appium/appium/pulls/17496,https://api.github.com/repos/appium/appium/issues/17496,closed,2022-09-15,2023-02-28,2022-09-19,b2b2225aee64c42e4dbeb6204abd7c63d6786964
renovate[bot],https://api.github.com/repos/appium/appium/pulls/17491,https://api.github.com/repos/appium/appium/issues/17491,closed,2022-09-15,2022-09-15,2022-09-15,2605714a0cccd68f20b306793e9af8aa3e59e484
renovate[bot],https://api.github.com/repos/appium/appium/pulls/17490,https://api.github.com/repos/appium/appium/issues/17490,closed,2022-09-15,2022-09-15,2022-09-15,9dc66a24510ca53c5181010492d6a3f3e38baa20
renovate[bot],https://api.github.com/repos/appium/appium/pulls/17486,https://api.github.com/repos/appium/appium/issues/17486,closed,2022-09-14,2022-09-14,2022-09-14,5f53988aebd71f3f0a466201e08f2fc4f1ef7b26
renovate[bot],https://api.github.com/repos/appium/appium/pulls/17485,https://api.github.com/repos/appium/appium/issues/17485,closed,2022-09-14,2022-09-14,2022-09-14,df61246461006a71ac4206f57097b1cbfd986dbf
jlipps,https://api.github.com/repos/appium/appium/pulls/17482,https://api.github.com/repos/appium/appium/issues/17482,closed,2022-09-13,2022-09-14,2022-09-14,abd52e341023d50306425437b8ce4a413392aa9e
mikesalvia,https://api.github.com/repos/appium/appium/pulls/17481,https://api.github.com/repos/appium/appium/issues/17481,closed,2022-09-13,2022-10-24,2022-10-24,fe4c6d68a078cefa6bcdc9258e3f25b311bfe521
triager,https://api.github.com/repos/appium/appium/pulls/17476,https://api.github.com/repos/appium/appium/issues/17476,closed,2022-09-13,2022-09-13,2022-09-13,7d014473cacdde3f632b596b5d56c74b23007759
KazuCocoa,https://api.github.com/repos/appium/appium/pulls/17475,https://api.github.com/repos/appium/appium/issues/17475,closed,2022-09-13,2022-09-13,2022-09-13,d5da27af250c666e7db7d2c03bb5b40ec5a331b6
Dor-bl,https://api.github.com/repos/appium/appium/pulls/17474,https://api.github.com/repos/appium/appium/issues/17474,closed,2022-09-12,2022-09-13,2022-09-13,6e41beedaed9fbc19560d6c387715652d9ce129e
mikesalvia,https://api.github.com/repos/appium/appium/pulls/17473,https://api.github.com/repos/appium/appium/issues/17473,closed,2022-09-12,2022-09-14,,581fe1917d0cef973889856cff1cf74bb6e9bdd9
renovate[bot],https://api.github.com/repos/appium/appium/pulls/17470,https://api.github.com/repos/appium/appium/issues/17470,closed,2022-09-12,2022-09-12,2022-09-12,a5607c65937b2bc020bed4b33ea4095aabbb2373
renovate[bot],https://api.github.com/repos/appium/appium/pulls/17469,https://api.github.com/repos/appium/appium/issues/17469,closed,2022-09-12,2022-09-12,2022-09-12,87da292f9a60047d47fdacb075d2027303405077
boneskull,https://api.github.com/repos/appium/appium/pulls/17466,https://api.github.com/repos/appium/appium/issues/17466,closed,2022-09-09,2022-09-15,,5c0e5132eee9001fef5cc49324e8657365832b96
alaahong,https://api.github.com/repos/appium/appium/pulls/17465,https://api.github.com/repos/appium/appium/issues/17465,closed,2022-09-09,2022-09-09,2022-09-09,72b115817c8ecec7164ca3dc1298e68a7d29997f
mykola-mokhnach,https://api.github.com/repos/appium/appium/pulls/17464,https://api.github.com/repos/appium/appium/issues/17464,closed,2022-09-09,2022-09-09,2022-09-09,cd6fbd58065b007bc888669ebb4f7da04c022ac2
renovate[bot],https://api.github.com/repos/appium/appium/pulls/17463,https://api.github.com/repos/appium/appium/issues/17463,closed,2022-09-09,2022-09-09,2022-09-09,2b91cfc9c5f43fa8170cc5b92cdda148ecaa18eb
jlipps,https://api.github.com/repos/appium/appium/pulls/17462,https://api.github.com/repos/appium/appium/issues/17462,closed,2022-09-08,2022-09-12,2022-09-12,6f738d6eadf881bfc874fa2c255ea35d66f5f4a2
renovate[bot],https://api.github.com/repos/appium/appium/pulls/17461,https://api.github.com/repos/appium/appium/issues/17461,closed,2022-09-08,2022-09-09,2022-09-09,3fda104947d37c095aa76b9955167ad323228811
renovate[bot],https://api.github.com/repos/appium/appium/pulls/17460,https://api.github.com/repos/appium/appium/issues/17460,closed,2022-09-08,2022-09-08,2022-09-08,18c408dc72e443c9522ff72558a2b57384c42e56
jlipps,https://api.github.com/repos/appium/appium/pulls/17459,https://api.github.com/repos/appium/appium/issues/17459,closed,2022-09-07,2022-09-08,2022-09-08,507c56a63e0e6989ef359d2c1412d8ee80bfdbd5
mykola-mokhnach,https://api.github.com/repos/appium/appium/pulls/17457,https://api.github.com/repos/appium/appium/issues/17457,closed,2022-09-07,2022-09-09,2022-09-09,6267ae33d5290e96834b6e81de6224041df3e8bf
renovate[bot],https://api.github.com/repos/appium/appium/pulls/17454,https://api.github.com/repos/appium/appium/issues/17454,closed,2022-09-07,2022-11-02,2022-11-02,5d3e4782afcc70ffb7ea99241b1581f7ec9ccc7a
boneskull,https://api.github.com/repos/appium/appium/pulls/17452,https://api.github.com/repos/appium/appium/issues/17452,closed,2022-09-06,2022-09-26,2022-09-26,08f0bc8839e774bd94da70c1e3df28b1d03d0911
renovate[bot],https://api.github.com/repos/appium/appium/pulls/17450,https://api.github.com/repos/appium/appium/issues/17450,closed,2022-09-06,2022-09-06,2022-09-06,bfef2db5177fbb993063ce020ae0cccd14c07a07
renovate[bot],https://api.github.com/repos/appium/appium/pulls/17449,https://api.github.com/repos/appium/appium/issues/17449,closed,2022-09-06,2022-09-06,2022-09-06,4c0181fb813776d9fec75a8669a1371e8885548b
triager,https://api.github.com/repos/appium/appium/pulls/17443,https://api.github.com/repos/appium/appium/issues/17443,closed,2022-09-01,2022-09-01,2022-09-01,61f7dc898cb89fb66166af14e03f149556801d43
KazuCocoa,https://api.github.com/repos/appium/appium/pulls/17442,https://api.github.com/repos/appium/appium/issues/17442,closed,2022-09-01,2022-09-01,2022-09-01,a5d8ba7f8bcc998e509c6bab20c1b8d059d23d25
renovate[bot],https://api.github.com/repos/appium/appium/pulls/17439,https://api.github.com/repos/appium/appium/issues/17439,closed,2022-09-01,2022-09-01,2022-09-01,49d6a81973a5415a64456232f9cab437403a8385
renovate[bot],https://api.github.com/repos/appium/appium/pulls/17437,https://api.github.com/repos/appium/appium/issues/17437,closed,2022-09-01,2022-09-01,2022-09-01,ce44fc0fcf64ff47f6326e7d5afafb4412304520
renovate[bot],https://api.github.com/repos/appium/appium/pulls/17435,https://api.github.com/repos/appium/appium/issues/17435,closed,2022-08-31,2022-09-26,2022-09-26,86ac5f7a2bf294b66b9ab3667eaeb96e7680fbf5
renovate[bot],https://api.github.com/repos/appium/appium/pulls/17431,https://api.github.com/repos/appium/appium/issues/17431,closed,2022-08-29,2022-08-29,2022-08-29,3764149753963f8a05b1224397cd1d9bdd0841cb
renovate[bot],https://api.github.com/repos/appium/appium/pulls/17430,https://api.github.com/repos/appium/appium/issues/17430,closed,2022-08-29,2022-08-29,2022-08-29,21b7aa9b93a5a531e6d0a028255f0dd56c50ef2d
renovate[bot],https://api.github.com/repos/appium/appium/pulls/17428,https://api.github.com/repos/appium/appium/issues/17428,closed,2022-08-28,2022-08-28,2022-08-28,e916a58d9325d135966bad38bac3a0d0bff4ffba
mykola-mokhnach,https://api.github.com/repos/appium/appium/pulls/17427,https://api.github.com/repos/appium/appium/issues/17427,closed,2022-08-27,2022-08-30,2022-08-30,5ab78297e172bc6a5751c636f81b3b202fbe2743
renovate[bot],https://api.github.com/repos/appium/appium/pulls/17426,https://api.github.com/repos/appium/appium/issues/17426,closed,2022-08-27,2022-08-27,2022-08-27,d48283cdcae9b5f45bd4b9d443241562660991ce
KazuCocoa,https://api.github.com/repos/appium/appium/pulls/17424,https://api.github.com/repos/appium/appium/issues/17424,closed,2022-08-26,2022-08-28,2022-08-28,b67d72e4f383b51afbaa61f62966e4de307043e1
renovate[bot],https://api.github.com/repos/appium/appium/pulls/17421,https://api.github.com/repos/appium/appium/issues/17421,closed,2022-08-26,2023-02-14,,62dcbb9e0c086af9fc245855359ec55d9e2bee30
renovate[bot],https://api.github.com/repos/appium/appium/pulls/17420,https://api.github.com/repos/appium/appium/issues/17420,closed,2022-08-26,2022-08-27,2022-08-27,4090b56931225f4a9e1234102b97a30417b24478
boneskull,https://api.github.com/repos/appium/appium/pulls/17418,https://api.github.com/repos/appium/appium/issues/17418,closed,2022-08-25,2023-02-28,2022-10-18,125a68fe47ea6f5a936fe8d2e8b6cd5303bfb875
jlipps,https://api.github.com/repos/appium/appium/pulls/17417,https://api.github.com/repos/appium/appium/issues/17417,closed,2022-08-25,2022-12-02,,7394094fb3b39c7c10e7f61a12111a8faacc0394
renovate[bot],https://api.github.com/repos/appium/appium/pulls/17416,https://api.github.com/repos/appium/appium/issues/17416,closed,2022-08-25,2022-08-25,2022-08-25,b2ad5a49db8e6a96c53ba8395ce0af5d029a182c
Dileep17,https://api.github.com/repos/appium/appium/pulls/17412,https://api.github.com/repos/appium/appium/issues/17412,closed,2022-08-24,2022-08-24,2022-08-24,337241b8f65b0ef319f21bba79436c86cb5fb28f
renovate[bot],https://api.github.com/repos/appium/appium/pulls/17410,https://api.github.com/repos/appium/appium/issues/17410,closed,2022-08-24,2022-08-24,2022-08-24,f0608a5d01ee5e607eb1ef1fd57f9c40d96bd677
renovate[bot],https://api.github.com/repos/appium/appium/pulls/17409,https://api.github.com/repos/appium/appium/issues/17409,closed,2022-08-24,2022-08-24,2022-08-24,04c44260ac4caf0e74a13b9a0ec666a99de8af9b
boneskull,https://api.github.com/repos/appium/appium/pulls/17408,https://api.github.com/repos/appium/appium/issues/17408,closed,2022-08-23,2023-02-28,2022-08-24,89cf01fda3e97adb5ef861c415406160df080020
boneskull,https://api.github.com/repos/appium/appium/pulls/17407,https://api.github.com/repos/appium/appium/issues/17407,closed,2022-08-23,2022-08-24,2022-08-24,0c62fc00e4d5a16352dcb944a354053d961888e4
boneskull,https://api.github.com/repos/appium/appium/pulls/17406,https://api.github.com/repos/appium/appium/issues/17406,closed,2022-08-23,2023-02-28,2022-08-23,0c70d27679dad5f015d726ce6463df71ce60c2e8
renovate[bot],https://api.github.com/repos/appium/appium/pulls/17402,https://api.github.com/repos/appium/appium/issues/17402,closed,2022-08-23,2022-08-24,2022-08-24,9bf9cc70faa9a43e328763ae67ae43c23d0625a0
renovate[bot],https://api.github.com/repos/appium/appium/pulls/17401,https://api.github.com/repos/appium/appium/issues/17401,closed,2022-08-23,2022-08-23,2022-08-23,58d359d9444af885bcb19ed408c16bf615d5c5d1
mykola-mokhnach,https://api.github.com/repos/appium/appium/pulls/17400,https://api.github.com/repos/appium/appium/issues/17400,closed,2022-08-23,2022-08-25,,7ce0b9cc1c7a4546c5c63b36020aa874db9cd188
boneskull,https://api.github.com/repos/appium/appium/pulls/17399,https://api.github.com/repos/appium/appium/issues/17399,closed,2022-08-22,2022-08-25,2022-08-23,92f4677b94d060594bac462067620a3823e2d9a6
boneskull,https://api.github.com/repos/appium/appium/pulls/17397,https://api.github.com/repos/appium/appium/issues/17397,closed,2022-08-22,2023-02-28,2022-08-23,44422a1e58eb35565a0d0034bfd8e188ab5849ff
boneskull,https://api.github.com/repos/appium/appium/pulls/17396,https://api.github.com/repos/appium/appium/issues/17396,closed,2022-08-22,2022-08-23,2022-08-23,721f7807c47a0657a0c19e2095a43a16711cde8d
renovate[bot],https://api.github.com/repos/appium/appium/pulls/17394,https://api.github.com/repos/appium/appium/issues/17394,closed,2022-08-22,2022-08-22,2022-08-22,cf4f5330224bcc3106b67314b8ac81bb0a05e4fe
renovate[bot],https://api.github.com/repos/appium/appium/pulls/17393,https://api.github.com/repos/appium/appium/issues/17393,closed,2022-08-22,2022-08-22,2022-08-22,0eb56a055e68036fa6ce628d9f9be21bf4b9f57d
renovate[bot],https://api.github.com/repos/appium/appium/pulls/17390,https://api.github.com/repos/appium/appium/issues/17390,closed,2022-08-20,2022-08-20,2022-08-20,94dd88fc987ff119b5579956d9d11943f3eb8b9b
renovate[bot],https://api.github.com/repos/appium/appium/pulls/17389,https://api.github.com/repos/appium/appium/issues/17389,closed,2022-08-20,2022-08-20,2022-08-20,17a803da27754cdf174d995a46709e1b7a70e7f2
boneskull,https://api.github.com/repos/appium/appium/pulls/17387,https://api.github.com/repos/appium/appium/issues/17387,closed,2022-08-19,2022-08-23,2022-08-23,dd3554d554ac49a0ef49d17fe649944ae5f7ed21
boneskull,https://api.github.com/repos/appium/appium/pulls/17386,https://api.github.com/repos/appium/appium/issues/17386,closed,2022-08-19,2022-08-23,2022-08-23,12cdbb7fdd7b280a5d0f32d690fb49c9744aa73d
renovate[bot],https://api.github.com/repos/appium/appium/pulls/17384,https://api.github.com/repos/appium/appium/issues/17384,closed,2022-08-19,2022-08-19,2022-08-19,3470ec51010943f79e110ef3caf8c1b5412085ed
boneskull,https://api.github.com/repos/appium/appium/pulls/17377,https://api.github.com/repos/appium/appium/issues/17377,closed,2022-08-17,2022-12-02,,69750887b076dcfa4be9f7b3f771c6e84af5da21
renovate[bot],https://api.github.com/repos/appium/appium/pulls/17374,https://api.github.com/repos/appium/appium/issues/17374,closed,2022-08-17,2022-08-23,,1509e8f39606b770ede7e27289f2ab47a2094c6d
renovate[bot],https://api.github.com/repos/appium/appium/pulls/17373,https://api.github.com/repos/appium/appium/issues/17373,closed,2022-08-17,2022-08-17,2022-08-17,0668bc45dcd279201d711efd058bbe31534f15d3
renovate[bot],https://api.github.com/repos/appium/appium/pulls/17369,https://api.github.com/repos/appium/appium/issues/17369,closed,2022-08-16,2022-08-17,2022-08-17,a815e3be9d61f9a902975af8c827c0d178169309
renovate[bot],https://api.github.com/repos/appium/appium/pulls/17368,https://api.github.com/repos/appium/appium/issues/17368,closed,2022-08-16,2022-08-16,2022-08-16,afc15599c0948682465ff2988b1050696da56bb9
renovate[bot],https://api.github.com/repos/appium/appium/pulls/17366,https://api.github.com/repos/appium/appium/issues/17366,closed,2022-08-14,2022-08-14,2022-08-14,75a91543663db0bcd3bf6112e4625cc3e4e9b0f9
boneskull,https://api.github.com/repos/appium/appium/pulls/17363,https://api.github.com/repos/appium/appium/issues/17363,closed,2022-08-12,2022-08-16,2022-08-16,b5947991cff4f78fd4e0de4155d10f47f75a19f9
renovate[bot],https://api.github.com/repos/appium/appium/pulls/17361,https://api.github.com/repos/appium/appium/issues/17361,closed,2022-08-12,2022-08-12,2022-08-12,8eea316484cddc9f4ab860c9720d63c9a8e6d0e5
renovate[bot],https://api.github.com/repos/appium/appium/pulls/17360,https://api.github.com/repos/appium/appium/issues/17360,closed,2022-08-12,2022-08-12,2022-08-12,ef9b99feeeaca41fd37aeb0663e14caaa66c81b3
boneskull,https://api.github.com/repos/appium/appium/pulls/17356,https://api.github.com/repos/appium/appium/issues/17356,closed,2022-08-11,2023-02-28,2022-08-17,f5bc702c9a20f8c5cb57823463143910155ade95
renovate[bot],https://api.github.com/repos/appium/appium/pulls/17354,https://api.github.com/repos/appium/appium/issues/17354,closed,2022-08-11,2022-08-11,2022-08-11,7dbf3c212767eec6f3edc30d962d1e264d353942
renovate[bot],https://api.github.com/repos/appium/appium/pulls/17353,https://api.github.com/repos/appium/appium/issues/17353,closed,2022-08-11,2022-08-11,2022-08-11,d3c4d40b44f5f3d0d279ba95696e8f54090b2468
boneskull,https://api.github.com/repos/appium/appium/pulls/17352,https://api.github.com/repos/appium/appium/issues/17352,closed,2022-08-10,2023-02-28,2022-08-10,cfdf898e04e94032e3dd48b595caa4b6f0828289
boneskull,https://api.github.com/repos/appium/appium/pulls/17351,https://api.github.com/repos/appium/appium/issues/17351,closed,2022-08-10,2023-02-28,2022-08-10,159703744f18566bf3a46e0a2c5b9ac0073e5458
boneskull,https://api.github.com/repos/appium/appium/pulls/17350,https://api.github.com/repos/appium/appium/issues/17350,closed,2022-08-10,2023-02-28,2022-10-06,2fa8b2d0c11b5c1ad328f4ac46030105be715fbe
jlipps,https://api.github.com/repos/appium/appium/pulls/17349,https://api.github.com/repos/appium/appium/issues/17349,closed,2022-08-10,2022-08-23,2022-08-23,f3a393aed89237a5a3357012746b719d2c569d9d
boneskull,https://api.github.com/repos/appium/appium/pulls/17345,https://api.github.com/repos/appium/appium/issues/17345,closed,2022-08-09,2023-02-28,2022-08-09,888aac85ffcf9974023ad1173ae89ebf0f27d09a
renovate[bot],https://api.github.com/repos/appium/appium/pulls/17342,https://api.github.com/repos/appium/appium/issues/17342,closed,2022-08-09,2022-09-26,2022-09-26,9ea95a27a3c5b37347b43d7cf11f14b7478f5357
boneskull,https://api.github.com/repos/appium/appium/pulls/17339,https://api.github.com/repos/appium/appium/issues/17339,closed,2022-08-08,2022-08-09,2022-08-09,8d6ffe0932fd2aab0dbdf64e483bb906ad626e17
boneskull,https://api.github.com/repos/appium/appium/pulls/17337,https://api.github.com/repos/appium/appium/issues/17337,closed,2022-08-08,2023-02-28,2022-08-09,ee0a579ddce99c3117a7e9c145c995364b086873
boneskull,https://api.github.com/repos/appium/appium/pulls/17336,https://api.github.com/repos/appium/appium/issues/17336,closed,2022-08-08,2023-02-28,2022-08-10,887cb449e61be585c084af2f6422d2e02be5028b
renovate[bot],https://api.github.com/repos/appium/appium/pulls/17328,https://api.github.com/repos/appium/appium/issues/17328,closed,2022-08-08,2022-08-08,2022-08-08,ce7b4520a4b0c52d6c010f104458de650c462b00
mykola-mokhnach,https://api.github.com/repos/appium/appium/pulls/17325,https://api.github.com/repos/appium/appium/issues/17325,closed,2022-08-07,2022-08-20,2022-08-20,39d5cee1b71f611e810900d3faed8e0fed6e1ce0
boneskull,https://api.github.com/repos/appium/appium/pulls/17323,https://api.github.com/repos/appium/appium/issues/17323,closed,2022-08-05,2022-08-08,2022-08-08,d4b983328af21d1e5c27a91e438e7934eb152ab1
jlipps,https://api.github.com/repos/appium/appium/pulls/17321,https://api.github.com/repos/appium/appium/issues/17321,closed,2022-08-04,2022-08-10,2022-08-10,337ec3e7ba216dd6f8cdc88143ecaa4c75f5d266
boneskull,https://api.github.com/repos/appium/appium/pulls/17319,https://api.github.com/repos/appium/appium/issues/17319,closed,2022-08-04,2022-08-04,2022-08-04,dc4835f293f371c36873801a0060bb22eead2cc0
jlipps,https://api.github.com/repos/appium/appium/pulls/17318,https://api.github.com/repos/appium/appium/issues/17318,closed,2022-08-04,2022-08-10,2022-08-10,7ae4b5cb6a1ca603ec30dd204ddfec1aaaa60c00
alaahong,https://api.github.com/repos/appium/appium/pulls/17315,https://api.github.com/repos/appium/appium/issues/17315,closed,2022-08-04,2022-08-04,2022-08-04,b5ea03ae85be5f40b4100f4a090b1ea255230014
alaahong,https://api.github.com/repos/appium/appium/pulls/17314,https://api.github.com/repos/appium/appium/issues/17314,closed,2022-08-04,2022-10-18,2022-10-18,c0d569b05bd5ebe6ee84e7c76273da88a56dc2e8
jlipps,https://api.github.com/repos/appium/appium/pulls/17312,https://api.github.com/repos/appium/appium/issues/17312,closed,2022-08-03,2022-08-03,2022-08-03,3c6633eaa1c019ef71fcffe168d5870ac412fd59
jlipps,https://api.github.com/repos/appium/appium/pulls/17311,https://api.github.com/repos/appium/appium/issues/17311,closed,2022-08-03,2022-08-03,2022-08-03,bf53db9fac9951460c9e19d912e637c3cca7523a
renovate[bot],https://api.github.com/repos/appium/appium/pulls/17309,https://api.github.com/repos/appium/appium/issues/17309,closed,2022-08-03,2022-08-03,2022-08-03,a2385f08d5c0bc99509a35e9e8e677287040908c
boneskull,https://api.github.com/repos/appium/appium/pulls/17307,https://api.github.com/repos/appium/appium/issues/17307,closed,2022-08-02,2022-08-03,2022-08-03,46553022397f2303413f90f927d9b23a6e17e529
jlipps,https://api.github.com/repos/appium/appium/pulls/17306,https://api.github.com/repos/appium/appium/issues/17306,closed,2022-08-02,2022-08-03,2022-08-03,50964e069079536b0e9f6d88d11533e643124e12
boneskull,https://api.github.com/repos/appium/appium/pulls/17305,https://api.github.com/repos/appium/appium/issues/17305,closed,2022-08-02,2023-02-28,2022-08-02,5efd62af085ec4553e8e6e50ab15c273bb564d80
renovate[bot],https://api.github.com/repos/appium/appium/pulls/17302,https://api.github.com/repos/appium/appium/issues/17302,closed,2022-08-02,2022-08-02,2022-08-02,05b981afa2e2a28e1a5476fe2391c4144ffa0e1a
boneskull,https://api.github.com/repos/appium/appium/pulls/17301,https://api.github.com/repos/appium/appium/issues/17301,closed,2022-08-01,2022-08-02,2022-08-02,27ac2fa125bbfbe2e2ad5a3e7bf31d518510aa2d
boneskull,https://api.github.com/repos/appium/appium/pulls/17299,https://api.github.com/repos/appium/appium/issues/17299,closed,2022-08-01,2022-08-02,2022-08-02,d8d2382327ba7b7db8a4d1cad987c0e60184c92d
boneskull,https://api.github.com/repos/appium/appium/pulls/17297,https://api.github.com/repos/appium/appium/issues/17297,closed,2022-08-01,2022-08-02,2022-08-01,b7e905eaf188f0f23f279620d8ce7dfba60f0b25
renovate[bot],https://api.github.com/repos/appium/appium/pulls/17292,https://api.github.com/repos/appium/appium/issues/17292,closed,2022-07-31,2022-07-31,2022-07-31,47de13c0d660b4cf18554fd9b1dda90f7cdd442f
renovate[bot],https://api.github.com/repos/appium/appium/pulls/17291,https://api.github.com/repos/appium/appium/issues/17291,closed,2022-07-31,2022-07-31,2022-07-31,edc9a5e7e7eca84609f6126fef6b77f774e331b5
renovate[bot],https://api.github.com/repos/appium/appium/pulls/17290,https://api.github.com/repos/appium/appium/issues/17290,closed,2022-07-30,2022-07-30,2022-07-30,6c366838594db803a85de01b03a9d3c5a22d505a
KazuCocoa,https://api.github.com/repos/appium/appium/pulls/17289,https://api.github.com/repos/appium/appium/issues/17289,closed,2022-07-30,2022-07-30,,56128828d99b13f38a965563ad02dd9623a039f5
boneskull,https://api.github.com/repos/appium/appium/pulls/17288,https://api.github.com/repos/appium/appium/issues/17288,closed,2022-07-30,2022-08-01,,2674141f719a5d347167a860db0552096bd134d5
boneskull,https://api.github.com/repos/appium/appium/pulls/17286,https://api.github.com/repos/appium/appium/issues/17286,closed,2022-07-29,2022-08-01,2022-08-01,5e047485eeca1516bda928a3a49d3ac53a8fefa3
renovate[bot],https://api.github.com/repos/appium/appium/pulls/17284,https://api.github.com/repos/appium/appium/issues/17284,closed,2022-07-29,2022-07-29,2022-07-29,6db31553dbc78ef1b6754948d7a4135dc4680b80
renovate[bot],https://api.github.com/repos/appium/appium/pulls/17283,https://api.github.com/repos/appium/appium/issues/17283,closed,2022-07-29,2022-07-29,2022-07-29,de273dd3704d0e72af57226820d84b6c4046c429
renovate[bot],https://api.github.com/repos/appium/appium/pulls/17277,https://api.github.com/repos/appium/appium/issues/17277,closed,2022-07-28,2022-07-28,2022-07-28,1848cc822928ec343c6727f3361c90265a15d7fd
renovate[bot],https://api.github.com/repos/appium/appium/pulls/17270,https://api.github.com/repos/appium/appium/issues/17270,closed,2022-07-27,2022-07-29,,dc9c369e569081c5c2adb9f3db3044d89dbf3ffb
triager,https://api.github.com/repos/appium/appium/pulls/17267,https://api.github.com/repos/appium/appium/issues/17267,closed,2022-07-26,2022-07-26,2022-07-26,850bd1c9494d198d8d4e969fa09f0d3658f3b566
KazuCocoa,https://api.github.com/repos/appium/appium/pulls/17264,https://api.github.com/repos/appium/appium/issues/17264,closed,2022-07-25,2022-07-26,2022-07-26,0d261b9a4156d4cda6e14e5af976711785bb9cf7
KazuCocoa,https://api.github.com/repos/appium/appium/pulls/17263,https://api.github.com/repos/appium/appium/issues/17263,closed,2022-07-25,2022-07-25,2022-07-25,07cc1675c5c3b4211687baf7664d6908849a0fe5
renovate[bot],https://api.github.com/repos/appium/appium/pulls/17256,https://api.github.com/repos/appium/appium/issues/17256,closed,2022-07-22,2022-07-22,2022-07-22,54908e1cae9dd06b0396a60e5f6d69481e964ad8
renovate[bot],https://api.github.com/repos/appium/appium/pulls/17255,https://api.github.com/repos/appium/appium/issues/17255,closed,2022-07-22,2022-07-22,2022-07-22,ae0ff136f60bda185a272055f71222a5180194d0
boneskull,https://api.github.com/repos/appium/appium/pulls/17252,https://api.github.com/repos/appium/appium/issues/17252,closed,2022-07-20,2022-12-07,,56ec5b61ff39bf97fae3bd0760633190a10add78
boneskull,https://api.github.com/repos/appium/appium/pulls/17251,https://api.github.com/repos/appium/appium/issues/17251,closed,2022-07-20,2022-08-02,2022-08-02,faff3ce3471abaea24d2cb4c3e3b75b1af5ac3a1
dependabot[bot],https://api.github.com/repos/appium/appium/pulls/17248,https://api.github.com/repos/appium/appium/issues/17248,closed,2022-07-20,2022-07-20,,63e5681d7b2335529b1a5d4a6655a5718a90c315
dependabot[bot],https://api.github.com/repos/appium/appium/pulls/17247,https://api.github.com/repos/appium/appium/issues/17247,closed,2022-07-20,2022-07-20,,38e3533bebe848d9ba97f723928bb2253edb6042
dependabot[bot],https://api.github.com/repos/appium/appium/pulls/17246,https://api.github.com/repos/appium/appium/issues/17246,closed,2022-07-20,2022-07-20,,421215a3d6b4af009b83f5b838aae6dd290f2282
dependabot[bot],https://api.github.com/repos/appium/appium/pulls/17245,https://api.github.com/repos/appium/appium/issues/17245,closed,2022-07-20,2022-07-20,,3062eaa93a59b161e12047f101237857ee526c6f
renovate[bot],https://api.github.com/repos/appium/appium/pulls/17244,https://api.github.com/repos/appium/appium/issues/17244,closed,2022-07-20,2022-07-20,2022-07-20,32b9e50b3cdb64b94315d5176fa4c0a34f8a795c
renovate[bot],https://api.github.com/repos/appium/appium/pulls/17243,https://api.github.com/repos/appium/appium/issues/17243,closed,2022-07-20,2022-07-20,2022-07-20,8b48e469523ddf861373167a8ed70f3c9dc88882
renovate[bot],https://api.github.com/repos/appium/appium/pulls/17242,https://api.github.com/repos/appium/appium/issues/17242,closed,2022-07-20,2022-07-29,,8dedb69d26ac828f79aaf67d5746c3a934a8c0b6
boneskull,https://api.github.com/repos/appium/appium/pulls/17240,https://api.github.com/repos/appium/appium/issues/17240,closed,2022-07-19,2023-02-15,,2e02a806a46eca98c65f3f6c1a113950d6019c5c
renovate[bot],https://api.github.com/repos/appium/appium/pulls/17239,https://api.github.com/repos/appium/appium/issues/17239,closed,2022-07-19,2022-07-29,,77827143e389b109debc78c6a98a6e7f7961d07e
renovate[bot],https://api.github.com/repos/appium/appium/pulls/17235,https://api.github.com/repos/appium/appium/issues/17235,closed,2022-07-19,2022-07-19,2022-07-19,c256e0026b0f1b79b02d8fe8030627ebd22bec1c
renovate[bot],https://api.github.com/repos/appium/appium/pulls/17234,https://api.github.com/repos/appium/appium/issues/17234,closed,2022-07-19,2022-07-19,2022-07-19,27ea22636414801b6b28f1ad089582310c83be72
boneskull,https://api.github.com/repos/appium/appium/pulls/17233,https://api.github.com/repos/appium/appium/issues/17233,closed,2022-07-18,2023-02-28,2022-07-20,018daac156c1904048210a4bd01828ce28d2563a
dependabot[bot],https://api.github.com/repos/appium/appium/pulls/17231,https://api.github.com/repos/appium/appium/issues/17231,closed,2022-07-18,2022-07-18,,649dbfe4bc4fea3537d9f533e7bc5073f4cfb26d
dependabot[bot],https://api.github.com/repos/appium/appium/pulls/17230,https://api.github.com/repos/appium/appium/issues/17230,closed,2022-07-18,2022-07-18,,ff975350ea65238b2bad4a3fa73c7c35d596886f
dependabot[bot],https://api.github.com/repos/appium/appium/pulls/17229,https://api.github.com/repos/appium/appium/issues/17229,closed,2022-07-18,2022-07-18,,c7699d49db39affc347872c166957ad9954558e1
dependabot[bot],https://api.github.com/repos/appium/appium/pulls/17228,https://api.github.com/repos/appium/appium/issues/17228,closed,2022-07-18,2022-07-18,,67beaafb32ddeb46d223113d96aab5a5bb7b4c3e
dependabot[bot],https://api.github.com/repos/appium/appium/pulls/17227,https://api.github.com/repos/appium/appium/issues/17227,closed,2022-07-18,2022-07-18,,0f90ceae923704e4a28e7c4a4a224c778e751ce7
dependabot[bot],https://api.github.com/repos/appium/appium/pulls/17226,https://api.github.com/repos/appium/appium/issues/17226,closed,2022-07-18,2022-07-18,,53b78b980c94a81a92c5dae2a4d4b566b8a15c2f
dependabot[bot],https://api.github.com/repos/appium/appium/pulls/17225,https://api.github.com/repos/appium/appium/issues/17225,closed,2022-07-18,2022-07-18,,62917875393f3b8128dd339ffa448fd94b75b068
dependabot[bot],https://api.github.com/repos/appium/appium/pulls/17224,https://api.github.com/repos/appium/appium/issues/17224,closed,2022-07-18,2022-07-18,,73290967e9c415f2c56b16f3db862c07e42ff08c
dependabot[bot],https://api.github.com/repos/appium/appium/pulls/17223,https://api.github.com/repos/appium/appium/issues/17223,closed,2022-07-18,2022-07-18,,347979df4a489774d842078635c4d5cf13e8b77f
renovate[bot],https://api.github.com/repos/appium/appium/pulls/17220,https://api.github.com/repos/appium/appium/issues/17220,closed,2022-07-18,2022-07-18,2022-07-18,f6ac91787d27d1a7e79ca577e63a61dc9c15e92e
mykola-mokhnach,https://api.github.com/repos/appium/appium/pulls/17219,https://api.github.com/repos/appium/appium/issues/17219,closed,2022-07-16,2022-07-17,2022-07-17,47867d248df8bf8ef5d3203c0f349d0036b37dfb
renovate[bot],https://api.github.com/repos/appium/appium/pulls/17218,https://api.github.com/repos/appium/appium/issues/17218,closed,2022-07-16,2022-07-16,2022-07-16,7e461650c9f4686e8e02a3bbee4b1a9e6d9b18ae
renovate[bot],https://api.github.com/repos/appium/appium/pulls/17217,https://api.github.com/repos/appium/appium/issues/17217,closed,2022-07-16,2022-07-16,2022-07-16,949076c7684080072e391162d09327cc727da0af
dependabot[bot],https://api.github.com/repos/appium/appium/pulls/17216,https://api.github.com/repos/appium/appium/issues/17216,closed,2022-07-16,2022-07-18,,443c9b4e70033ba7cd834b518a06d6246c185aed
renovate[bot],https://api.github.com/repos/appium/appium/pulls/17215,https://api.github.com/repos/appium/appium/issues/17215,closed,2022-07-16,2022-07-16,2022-07-16,b422d4bed5ffe2fafbea8986a8c7801ba28aaf91
renovate[bot],https://api.github.com/repos/appium/appium/pulls/17214,https://api.github.com/repos/appium/appium/issues/17214,closed,2022-07-16,2022-07-16,2022-07-16,3b0dcd4e23bacb9a57ea9638f57fab168d2f1766
dependabot[bot],https://api.github.com/repos/appium/appium/pulls/17211,https://api.github.com/repos/appium/appium/issues/17211,closed,2022-07-15,2022-07-16,,ff812a59e603ca7a33937354b0bee3875fced670
dependabot[bot],https://api.github.com/repos/appium/appium/pulls/17210,https://api.github.com/repos/appium/appium/issues/17210,closed,2022-07-15,2022-07-15,,36e3a8ac6166c22ce477f5edb133993ad218b7fb
renovate[bot],https://api.github.com/repos/appium/appium/pulls/17209,https://api.github.com/repos/appium/appium/issues/17209,closed,2022-07-15,2022-07-15,2022-07-15,1fe5ec7f69b9ef87ef98a98073bcecf31ca8d062
renovate[bot],https://api.github.com/repos/appium/appium/pulls/17208,https://api.github.com/repos/appium/appium/issues/17208,closed,2022-07-15,2022-07-15,2022-07-15,3608f0633d2fbfdcb76a272d12e10110a1fe94ed
boneskull,https://api.github.com/repos/appium/appium/pulls/17206,https://api.github.com/repos/appium/appium/issues/17206,closed,2022-07-14,2023-06-29,,e825da30978b8ba907a21545737891ee394c950b
jlipps,https://api.github.com/repos/appium/appium/pulls/17204,https://api.github.com/repos/appium/appium/issues/17204,closed,2022-07-14,2022-07-14,2022-07-14,b55405cac01af42c81e626028f875c20bef882c8
dependabot[bot],https://api.github.com/repos/appium/appium/pulls/17202,https://api.github.com/repos/appium/appium/issues/17202,closed,2022-07-14,2022-07-18,,11b221f91206f201fa01ccd6a9224cc748537a6c
dependabot[bot],https://api.github.com/repos/appium/appium/pulls/17201,https://api.github.com/repos/appium/appium/issues/17201,closed,2022-07-14,2022-07-16,,cfee62537ede360d4f70f1e283ae41b572564727
renovate[bot],https://api.github.com/repos/appium/appium/pulls/17199,https://api.github.com/repos/appium/appium/issues/17199,closed,2022-07-14,2022-07-14,2022-07-14,f503227fbcf851ee453265bde6bd6d0b8475382a
renovate[bot],https://api.github.com/repos/appium/appium/pulls/17192,https://api.github.com/repos/appium/appium/issues/17192,closed,2022-07-13,2022-07-13,2022-07-13,efcbfe81d60f9cf96fab23017121dfcb8bff6cee
renovate[bot],https://api.github.com/repos/appium/appium/pulls/17191,https://api.github.com/repos/appium/appium/issues/17191,closed,2022-07-13,2022-07-13,2022-07-13,a5700904bce63995d996798fd7e0456aeb2a5b92
renovate[bot],https://api.github.com/repos/appium/appium/pulls/17190,https://api.github.com/repos/appium/appium/issues/17190,closed,2022-07-12,2022-07-12,2022-07-12,d0ca5d5e7d981d2d5153023eca629a976d0f25fb
dependabot[bot],https://api.github.com/repos/appium/appium/pulls/17188,https://api.github.com/repos/appium/appium/issues/17188,closed,2022-07-11,2022-07-13,,c7d1a14d7480e6497aa40667cff624cca6ab24c6
dependabot[bot],https://api.github.com/repos/appium/appium/pulls/17187,https://api.github.com/repos/appium/appium/issues/17187,closed,2022-07-11,2022-07-13,,affabe190681e42bf0d22e605a559d0392028be5
dependabot[bot],https://api.github.com/repos/appium/appium/pulls/17186,https://api.github.com/repos/appium/appium/issues/17186,closed,2022-07-11,2022-07-13,,3e24b5f2b2bf8116787cb6ad2ca79731ecc939a8
dependabot[bot],https://api.github.com/repos/appium/appium/pulls/17185,https://api.github.com/repos/appium/appium/issues/17185,closed,2022-07-11,2022-07-13,,f6a5885d370dc49992afe322971862f38a5c549e
dependabot[bot],https://api.github.com/repos/appium/appium/pulls/17184,https://api.github.com/repos/appium/appium/issues/17184,closed,2022-07-11,2022-07-13,,64086c0024927e22cbfeebc14e822d19f8d41a58
dependabot[bot],https://api.github.com/repos/appium/appium/pulls/17183,https://api.github.com/repos/appium/appium/issues/17183,closed,2022-07-11,2022-07-13,,0a618d8f4653db042a2f01de4755ef38050298eb
dependabot[bot],https://api.github.com/repos/appium/appium/pulls/17182,https://api.github.com/repos/appium/appium/issues/17182,closed,2022-07-11,2022-07-13,,47149eb4ee2f93e3bc9fae617ba82e4db39b9b09
dependabot[bot],https://api.github.com/repos/appium/appium/pulls/17181,https://api.github.com/repos/appium/appium/issues/17181,closed,2022-07-11,2022-07-13,,2e8cbd44b42cb638b36dd8aba2e11563ef845f49
dependabot[bot],https://api.github.com/repos/appium/appium/pulls/17180,https://api.github.com/repos/appium/appium/issues/17180,closed,2022-07-11,2022-07-13,,434002c100f56fb6954ac6f8767f44528843dd12
dependabot[bot],https://api.github.com/repos/appium/appium/pulls/17179,https://api.github.com/repos/appium/appium/issues/17179,closed,2022-07-11,2022-07-13,,b46458d380bebe4c4da14d0fbee90769fa87be33
renovate[bot],https://api.github.com/repos/appium/appium/pulls/17175,https://api.github.com/repos/appium/appium/issues/17175,closed,2022-07-11,2022-07-11,2022-07-11,45563d0ef9bce55356495bf34ad3e4a42724aa9a
mykola-mokhnach,https://api.github.com/repos/appium/appium/pulls/17172,https://api.github.com/repos/appium/appium/issues/17172,closed,2022-07-10,2022-07-13,2022-07-13,3d402716fa88113a49906d275bc21ff77987771f
boneskull,https://api.github.com/repos/appium/appium/pulls/17168,https://api.github.com/repos/appium/appium/issues/17168,closed,2022-07-08,2022-07-13,2022-07-13,dab37d7286ebc6fe987450b10618e01999c358d9
dependabot[bot],https://api.github.com/repos/appium/appium/pulls/17166,https://api.github.com/repos/appium/appium/issues/17166,closed,2022-07-08,2022-07-08,,21d70e70b91d72fad8c0d5c4711d08f343bc62be
dependabot[bot],https://api.github.com/repos/appium/appium/pulls/17165,https://api.github.com/repos/appium/appium/issues/17165,closed,2022-07-08,2022-07-08,,143d2d52c93ce6af0a54139f8ab257a97dc7133f
dependabot[bot],https://api.github.com/repos/appium/appium/pulls/17164,https://api.github.com/repos/appium/appium/issues/17164,closed,2022-07-08,2022-07-08,,c4822e2c8e840aa930afa1dff0fa901012c21d5d
dependabot[bot],https://api.github.com/repos/appium/appium/pulls/17163,https://api.github.com/repos/appium/appium/issues/17163,closed,2022-07-08,2022-07-08,,7616f57c75bf4e8246e9fac6aab0a01f91af3624
dependabot[bot],https://api.github.com/repos/appium/appium/pulls/17162,https://api.github.com/repos/appium/appium/issues/17162,closed,2022-07-08,2022-07-08,,b4c16d52f99519ebf64c4746941e865ce9737c3a
dependabot[bot],https://api.github.com/repos/appium/appium/pulls/17161,https://api.github.com/repos/appium/appium/issues/17161,closed,2022-07-08,2022-07-08,,b40eb9f306649692312f64848abd8cec52c49394
dependabot[bot],https://api.github.com/repos/appium/appium/pulls/17160,https://api.github.com/repos/appium/appium/issues/17160,closed,2022-07-08,2022-07-08,,0460b6747a62bfdd72e253356c893f85df76ee6c
dependabot[bot],https://api.github.com/repos/appium/appium/pulls/17159,https://api.github.com/repos/appium/appium/issues/17159,closed,2022-07-08,2022-07-08,,57dd4c507718cab32fc744c5597baab006b83114
dependabot[bot],https://api.github.com/repos/appium/appium/pulls/17158,https://api.github.com/repos/appium/appium/issues/17158,closed,2022-07-08,2022-07-08,,ceea6823bbe717dd86fa0220f19d9c736a893ce8
dependabot[bot],https://api.github.com/repos/appium/appium/pulls/17157,https://api.github.com/repos/appium/appium/issues/17157,closed,2022-07-08,2022-07-08,,816511db5aad73fd7d8883d4967012ab9e32eb98
mykola-mokhnach,https://api.github.com/repos/appium/appium/pulls/17156,https://api.github.com/repos/appium/appium/issues/17156,closed,2022-07-08,2022-07-08,2022-07-08,dbc4544b72d80c4b711aeb65bffa2b9b14a73622
renovate[bot],https://api.github.com/repos/appium/appium/pulls/17153,https://api.github.com/repos/appium/appium/issues/17153,closed,2022-07-08,2022-07-13,2022-07-13,c8b9dfcd911806409e2191e9495e5c1d8f414a2b
renovate[bot],https://api.github.com/repos/appium/appium/pulls/17151,https://api.github.com/repos/appium/appium/issues/17151,closed,2022-07-08,2022-10-18,2022-10-18,b2751a9eb342c5441136f767748b3b05155165aa
renovate[bot],https://api.github.com/repos/appium/appium/pulls/17150,https://api.github.com/repos/appium/appium/issues/17150,closed,2022-07-08,2022-07-08,2022-07-08,9e6a7af95be4acea8e6489d3442beea161d43218
mykola-mokhnach,https://api.github.com/repos/appium/appium/pulls/17146,https://api.github.com/repos/appium/appium/issues/17146,closed,2022-07-07,2022-07-08,2022-07-08,0db78ae8859d53dde2d97b91444793eb568d5b92
renovate[bot],https://api.github.com/repos/appium/appium/pulls/17145,https://api.github.com/repos/appium/appium/issues/17145,closed,2022-07-07,2022-07-07,2022-07-07,ca7f2291c8bc658716982b2a042d837d60caf77a
boneskull,https://api.github.com/repos/appium/appium/pulls/17144,https://api.github.com/repos/appium/appium/issues/17144,closed,2022-07-06,2022-10-18,,f4a621525cb094a2f24c8217bfd329e0804d6c9d
boneskull,https://api.github.com/repos/appium/appium/pulls/17143,https://api.github.com/repos/appium/appium/issues/17143,closed,2022-07-06,2022-07-08,2022-07-08,f384d5360d446b30211757d5d5552c534071e14e
renovate[bot],https://api.github.com/repos/appium/appium/pulls/17137,https://api.github.com/repos/appium/appium/issues/17137,closed,2022-07-06,2022-07-06,2022-07-06,523ebd55beb78f0da814c55f3c944b6efa7567c1
renovate[bot],https://api.github.com/repos/appium/appium/pulls/17132,https://api.github.com/repos/appium/appium/issues/17132,closed,2022-07-05,2022-07-05,2022-07-05,cb36cdd9570f528f4d4372905744cc5a7b17010d
hasaniJaya,https://api.github.com/repos/appium/appium/pulls/17131,https://api.github.com/repos/appium/appium/issues/17131,closed,2022-07-05,2022-12-04,,7c9bb1547341b4ed598d911c6a72a79b21566870
renovate[bot],https://api.github.com/repos/appium/appium/pulls/17127,https://api.github.com/repos/appium/appium/issues/17127,closed,2022-07-04,2022-07-04,2022-07-04,9a2e1e4d1ec081898769b2b40387152a39aff190
renovate[bot],https://api.github.com/repos/appium/appium/pulls/17122,https://api.github.com/repos/appium/appium/issues/17122,closed,2022-07-02,2022-07-13,2022-07-13,f82ba22f3177d435ad5ecb91d10aefe943327e08
renovate[bot],https://api.github.com/repos/appium/appium/pulls/17121,https://api.github.com/repos/appium/appium/issues/17121,closed,2022-07-02,2022-07-04,2022-07-04,1e41de4b3276bc8ba399a2cc91dc5fffb8b4cd96
renovate[bot],https://api.github.com/repos/appium/appium/pulls/17118,https://api.github.com/repos/appium/appium/issues/17118,closed,2022-07-01,2022-07-04,2022-07-04,10a1a3e73653ea36278424a4991a3c7cfc5fcb68
renovate[bot],https://api.github.com/repos/appium/appium/pulls/17117,https://api.github.com/repos/appium/appium/issues/17117,closed,2022-07-01,2022-07-01,2022-07-01,f8224f2780f8f340853bd6f5c55a6e6695904fb2
boneskull,https://api.github.com/repos/appium/appium/pulls/17116,https://api.github.com/repos/appium/appium/issues/17116,closed,2022-06-30,2022-06-30,2022-06-30,9ecccfbee5dc860e9f89dcab4c6e039a34784246
renovate[bot],https://api.github.com/repos/appium/appium/pulls/17115,https://api.github.com/repos/appium/appium/issues/17115,closed,2022-06-30,2022-07-13,,4de6468b653e4e6acdafdcd92d4cc1da66d43da2
renovate[bot],https://api.github.com/repos/appium/appium/pulls/17114,https://api.github.com/repos/appium/appium/issues/17114,closed,2022-06-30,2022-06-30,2022-06-30,f293784b209e1a7fe6c1c57d3d1761f594730be6
renovate[bot],https://api.github.com/repos/appium/appium/pulls/17113,https://api.github.com/repos/appium/appium/issues/17113,closed,2022-06-30,2022-06-30,2022-06-30,29867b6cacf417daf09a283bf390544d0507613b
renovate[bot],https://api.github.com/repos/appium/appium/pulls/17108,https://api.github.com/repos/appium/appium/issues/17108,closed,2022-06-29,2022-06-29,2022-06-29,79d6a1d9a040bc1b948953ca182f500523bb5d2c
renovate[bot],https://api.github.com/repos/appium/appium/pulls/17105,https://api.github.com/repos/appium/appium/issues/17105,closed,2022-06-28,2022-06-29,2022-06-29,464b112f4eb125375aa4b6eb583d5509fb7abf98
renovate[bot],https://api.github.com/repos/appium/appium/pulls/17104,https://api.github.com/repos/appium/appium/issues/17104,closed,2022-06-28,2022-06-28,2022-06-28,c4a1a46df3b7c687da23a7f7bafb6a8d3e10cfd1
renovate[bot],https://api.github.com/repos/appium/appium/pulls/17102,https://api.github.com/repos/appium/appium/issues/17102,closed,2022-06-27,2022-07-29,,6f9a9038826e97fd6bc6cec56d9811e66cd72fdf
renovate[bot],https://api.github.com/repos/appium/appium/pulls/17100,https://api.github.com/repos/appium/appium/issues/17100,closed,2022-06-27,2022-06-27,2022-06-27,863e0dbd4dd1bc30703045557120d3c34e95bd6b
renovate[bot],https://api.github.com/repos/appium/appium/pulls/17098,https://api.github.com/repos/appium/appium/issues/17098,closed,2022-06-26,2022-06-26,2022-06-26,2bf673b2a8d85ba0d7af42311546f50fd30ab07b
renovate[bot],https://api.github.com/repos/appium/appium/pulls/17097,https://api.github.com/repos/appium/appium/issues/17097,closed,2022-06-26,2022-06-26,2022-06-26,6c6c860f822b948f7995a0c390a2b249d4d4f1cd
renovate[bot],https://api.github.com/repos/appium/appium/pulls/17096,https://api.github.com/repos/appium/appium/issues/17096,closed,2022-06-25,2022-06-25,2022-06-25,4e93edf33b0ba78cb7814899b2d71a3fb6e2f225
renovate[bot],https://api.github.com/repos/appium/appium/pulls/17095,https://api.github.com/repos/appium/appium/issues/17095,closed,2022-06-25,2022-06-25,2022-06-25,7ee50742306c9be4e432b4975bcc99231e9f363b
renovate[bot],https://api.github.com/repos/appium/appium/pulls/17094,https://api.github.com/repos/appium/appium/issues/17094,closed,2022-06-25,2022-06-25,2022-06-25,e3fb79864d018a5ee0976d1a94f93e1dd807d8d6
renovate[bot],https://api.github.com/repos/appium/appium/pulls/17093,https://api.github.com/repos/appium/appium/issues/17093,closed,2022-06-25,2022-06-25,2022-06-25,a89e325aec4e364a89ea63f7b13faa5066d585ce
renovate[bot],https://api.github.com/repos/appium/appium/pulls/17092,https://api.github.com/repos/appium/appium/issues/17092,closed,2022-06-25,2022-06-25,2022-06-25,6d0edbd93cbcde570b121e887917af5494a6865c
renovate[bot],https://api.github.com/repos/appium/appium/pulls/17091,https://api.github.com/repos/appium/appium/issues/17091,closed,2022-06-24,2022-06-24,2022-06-24,157f025466b0cbeb9c28393418b631c23913fd60
renovate[bot],https://api.github.com/repos/appium/appium/pulls/17090,https://api.github.com/repos/appium/appium/issues/17090,closed,2022-06-24,2022-06-24,2022-06-24,12e63bc516e8c5e6f6ebeb3d42a0782baeda85fd
boneskull,https://api.github.com/repos/appium/appium/pulls/17083,https://api.github.com/repos/appium/appium/issues/17083,closed,2022-06-21,2022-07-13,2022-07-13,85c652690927ac7ae2a6cb4efe78c81fc1f952fd
mykola-mokhnach,https://api.github.com/repos/appium/appium/pulls/17078,https://api.github.com/repos/appium/appium/issues/17078,closed,2022-06-19,2022-06-21,2022-06-21,d2a3adc2e361d5f0cff11094e8884e3270f5c94c
alaahong,https://api.github.com/repos/appium/appium/pulls/17076,https://api.github.com/repos/appium/appium/issues/17076,closed,2022-06-18,2022-07-06,2022-07-06,a20d5523f57aa31454dbdc8590b239e212e2d90f
boneskull,https://api.github.com/repos/appium/appium/pulls/17071,https://api.github.com/repos/appium/appium/issues/17071,closed,2022-06-16,2022-06-16,2022-06-16,e113cc30f68e1c6ac85492ad8c792603b4fac1b7
renovate[bot],https://api.github.com/repos/appium/appium/pulls/17068,https://api.github.com/repos/appium/appium/issues/17068,closed,2022-06-16,2022-06-16,2022-06-16,0f5d3f8c1de99a9aa8af9b931d8a3ca56e263cb8
renovate[bot],https://api.github.com/repos/appium/appium/pulls/17067,https://api.github.com/repos/appium/appium/issues/17067,closed,2022-06-16,2022-06-16,2022-06-16,984313d2e756dc31b684067ebba24a395cb88a7f
renovate[bot],https://api.github.com/repos/appium/appium/pulls/17064,https://api.github.com/repos/appium/appium/issues/17064,closed,2022-06-15,2022-06-15,2022-06-15,69a9a15ac353dc0ecc7622c50c75cecd6ccc5c74
renovate[bot],https://api.github.com/repos/appium/appium/pulls/17063,https://api.github.com/repos/appium/appium/issues/17063,closed,2022-06-15,2022-06-15,2022-06-15,0bf6f96839c5a39e60d5473b33a50df71c796b36
alaahong,https://api.github.com/repos/appium/appium/pulls/17057,https://api.github.com/repos/appium/appium/issues/17057,closed,2022-06-11,2022-06-13,,75f29599ac994f1c4451f04cc46dcfb0a71d8426
renovate[bot],https://api.github.com/repos/appium/appium/pulls/17056,https://api.github.com/repos/appium/appium/issues/17056,closed,2022-06-11,2022-06-11,2022-06-11,ec5063b2f32b26ca074c465de3f65abea784daf9
boneskull,https://api.github.com/repos/appium/appium/pulls/17055,https://api.github.com/repos/appium/appium/issues/17055,closed,2022-06-10,2023-02-28,2022-06-13,965752f288ba5d74ab24f41d780c46cc8ff14984
boneskull,https://api.github.com/repos/appium/appium/pulls/17053,https://api.github.com/repos/appium/appium/issues/17053,closed,2022-06-10,2022-06-15,2022-06-13,1e42c2378cb762d5f327139c027e2071918b5c17
triager,https://api.github.com/repos/appium/appium/pulls/17052,https://api.github.com/repos/appium/appium/issues/17052,closed,2022-06-10,2022-06-11,2022-06-11,61bcc3d820410faf3a9046b50f5fa3a772ecc10e
renovate[bot],https://api.github.com/repos/appium/appium/pulls/17051,https://api.github.com/repos/appium/appium/issues/17051,closed,2022-06-10,2022-06-10,2022-06-10,3f50133789a9e9223924b4fca6b7c0c0a3175ed6
jlipps,https://api.github.com/repos/appium/appium/pulls/17050,https://api.github.com/repos/appium/appium/issues/17050,closed,2022-06-09,2022-06-16,2022-06-15,2ebf3a18bd73cd516188672c9b69f282694a62b8
renovate[bot],https://api.github.com/repos/appium/appium/pulls/17048,https://api.github.com/repos/appium/appium/issues/17048,closed,2022-06-09,2022-06-09,2022-06-09,6b8f78b70be944bcf8deb37a4a55e3ee3f171601
renovate[bot],https://api.github.com/repos/appium/appium/pulls/17047,https://api.github.com/repos/appium/appium/issues/17047,closed,2022-06-09,2022-06-09,2022-06-09,5b1664ce0bb0314c3b5681862cac105d3294d8a1
alaahong,https://api.github.com/repos/appium/appium/pulls/17046,https://api.github.com/repos/appium/appium/issues/17046,closed,2022-06-09,2022-06-10,2022-06-10,87d8c7e1308a359adad011cfebc27d9b6af5e175
boneskull,https://api.github.com/repos/appium/appium/pulls/17045,https://api.github.com/repos/appium/appium/issues/17045,closed,2022-06-08,2023-02-28,2022-06-13,dc3eecbd7ef2289f2c588bc113d482f03abe5304
renovate[bot],https://api.github.com/repos/appium/appium/pulls/17043,https://api.github.com/repos/appium/appium/issues/17043,closed,2022-06-07,2022-06-07,2022-06-07,e4682bb4673d4a4ed3d4ae33cd2033075d8be479
renovate[bot],https://api.github.com/repos/appium/appium/pulls/17040,https://api.github.com/repos/appium/appium/issues/17040,closed,2022-06-04,2022-06-04,2022-06-04,d00398fe91ba00068e9f5a8ab193251302b21e86
renovate[bot],https://api.github.com/repos/appium/appium/pulls/17039,https://api.github.com/repos/appium/appium/issues/17039,closed,2022-06-04,2022-06-04,2022-06-04,3109c4b680114cb6e9484ea61082c6a7e0ba434f
jlipps,https://api.github.com/repos/appium/appium/pulls/17038,https://api.github.com/repos/appium/appium/issues/17038,closed,2022-06-03,2022-06-04,2022-06-04,f3d31202e03fce301c2d2006dde163a50cdd9eda
jlipps,https://api.github.com/repos/appium/appium/pulls/17037,https://api.github.com/repos/appium/appium/issues/17037,closed,2022-06-03,2022-06-03,,78efb5984d002815020aec0e5cff84a0cdf339d8
Udegfu,https://api.github.com/repos/appium/appium/pulls/17035,https://api.github.com/repos/appium/appium/issues/17035,closed,2022-06-03,2022-06-03,,3864934d10a9592ee0c5bf14af88672c3044f4cd
renovate[bot],https://api.github.com/repos/appium/appium/pulls/17034,https://api.github.com/repos/appium/appium/issues/17034,closed,2022-06-03,2022-06-03,2022-06-03,dfd6b94e14a32a634839db80cc8b9207f5f05f78
jlipps,https://api.github.com/repos/appium/appium/pulls/17033,https://api.github.com/repos/appium/appium/issues/17033,closed,2022-06-02,2022-06-03,2022-06-03,eae3efd1d7d2bd515e8e2844e1e16324a91ae47d
jlipps,https://api.github.com/repos/appium/appium/pulls/17028,https://api.github.com/repos/appium/appium/issues/17028,closed,2022-06-01,2022-06-01,2022-06-01,916fede05fb06438f2483d77b6204de89e95907c
renovate[bot],https://api.github.com/repos/appium/appium/pulls/17027,https://api.github.com/repos/appium/appium/issues/17027,closed,2022-06-01,2022-06-13,2022-06-13,78d04192254a495eaedcb5016e6e923ff6a33291
renovate[bot],https://api.github.com/repos/appium/appium/pulls/17022,https://api.github.com/repos/appium/appium/issues/17022,closed,2022-06-01,2022-06-01,2022-06-01,54d8b4401279ac61b1e79a39525e583677401d6f
renovate[bot],https://api.github.com/repos/appium/appium/pulls/17021,https://api.github.com/repos/appium/appium/issues/17021,closed,2022-06-01,2022-06-01,2022-06-01,7b720dc6ab6c1bbcf0979d0d64a784b81d2daa50
renovate[bot],https://api.github.com/repos/appium/appium/pulls/17017,https://api.github.com/repos/appium/appium/issues/17017,closed,2022-05-31,2022-05-31,2022-05-31,8feb8bb4421fff326d469c3de8dc7ec391a3cb5a
renovate[bot],https://api.github.com/repos/appium/appium/pulls/17009,https://api.github.com/repos/appium/appium/issues/17009,closed,2022-05-30,2022-05-30,2022-05-30,8e3137c050546106fe8aac2e88a169bfe64cdd75
renovate[bot],https://api.github.com/repos/appium/appium/pulls/17008,https://api.github.com/repos/appium/appium/issues/17008,closed,2022-05-30,2022-05-31,2022-05-31,f5a2b601ffcd5470862baab48744f9b6a217644a
naveensrinivasan,https://api.github.com/repos/appium/appium/pulls/17002,https://api.github.com/repos/appium/appium/issues/17002,closed,2022-05-28,2022-06-01,2022-06-01,1724c690bdf99f8a89377f2139adff336c46b623
renovate[bot],https://api.github.com/repos/appium/appium/pulls/17000,https://api.github.com/repos/appium/appium/issues/17000,closed,2022-05-28,2022-06-30,,8bd396906c61a8d572a2a8031d6935f9363d82f0
renovate[bot],https://api.github.com/repos/appium/appium/pulls/16999,https://api.github.com/repos/appium/appium/issues/16999,closed,2022-05-28,2022-11-29,2022-11-29,8fd1893f034e09303c5bb384a1cadb1d8223b942
renovate[bot],https://api.github.com/repos/appium/appium/pulls/16998,https://api.github.com/repos/appium/appium/issues/16998,closed,2022-05-27,2022-06-16,,9cc38580d14ed77a21b41853fae6ab4bf9f9c86b
renovate[bot],https://api.github.com/repos/appium/appium/pulls/16997,https://api.github.com/repos/appium/appium/issues/16997,closed,2022-05-27,2022-05-27,2022-05-27,9f0b2364e4e43ab70445d353a56fa69cd76dca50
renovate[bot],https://api.github.com/repos/appium/appium/pulls/16995,https://api.github.com/repos/appium/appium/issues/16995,closed,2022-05-27,2022-05-27,2022-05-27,81ff2a30827206c7823e095a030ea61ee37ca6c4
renovate[bot],https://api.github.com/repos/appium/appium/pulls/16994,https://api.github.com/repos/appium/appium/issues/16994,closed,2022-05-27,2022-05-27,2022-05-27,f03b404a9afc5da744c32f0d7479f983b0ef86ce
boneskull,https://api.github.com/repos/appium/appium/pulls/16993,https://api.github.com/repos/appium/appium/issues/16993,closed,2022-05-26,2022-06-15,2022-05-31,ac8e0e0451515aa44f13ec53f583db77a52ba259
boneskull,https://api.github.com/repos/appium/appium/pulls/16992,https://api.github.com/repos/appium/appium/issues/16992,closed,2022-05-26,2023-06-29,,5e8b02c8b1810ec4e00c22416dd92e4ceae32be0
renovate[bot],https://api.github.com/repos/appium/appium/pulls/16986,https://api.github.com/repos/appium/appium/issues/16986,closed,2022-05-26,2022-05-26,2022-05-26,a33416dd52218fc39113b5dace46d058289a837f
renovate[bot],https://api.github.com/repos/appium/appium/pulls/16985,https://api.github.com/repos/appium/appium/issues/16985,closed,2022-05-26,2022-05-26,2022-05-26,e5e8f9b87470509779bc3d7e277c93033776fad5
boneskull,https://api.github.com/repos/appium/appium/pulls/16983,https://api.github.com/repos/appium/appium/issues/16983,closed,2022-05-25,2022-05-26,2022-05-26,681f54e847af7a39c788d2c329345269d5bf20a4
renovate[bot],https://api.github.com/repos/appium/appium/pulls/16980,https://api.github.com/repos/appium/appium/issues/16980,closed,2022-05-25,2022-05-25,2022-05-25,3316ba65ef2dc7eefa9584c4966c7996f21265dc
renovate[bot],https://api.github.com/repos/appium/appium/pulls/16979,https://api.github.com/repos/appium/appium/issues/16979,closed,2022-05-25,2022-05-25,2022-05-25,4d6c114fe8ae87ce32a96b2dc5200bf7717318f3
renovate[bot],https://api.github.com/repos/appium/appium/pulls/16978,https://api.github.com/repos/appium/appium/issues/16978,closed,2022-05-25,2022-05-25,2022-05-25,c5a51c24b261857ebdb225bb7d254bf2ca689a3a
renovate[bot],https://api.github.com/repos/appium/appium/pulls/16977,https://api.github.com/repos/appium/appium/issues/16977,closed,2022-05-25,2022-05-25,2022-05-25,cf7a133cc670a184dcde152076684e2e1e26f45a
renovate[bot],https://api.github.com/repos/appium/appium/pulls/16972,https://api.github.com/repos/appium/appium/issues/16972,closed,2022-05-22,2022-05-22,2022-05-22,75da9aa6a22db38843f17161dfccb3100e2837a3
renovate[bot],https://api.github.com/repos/appium/appium/pulls/16969,https://api.github.com/repos/appium/appium/issues/16969,closed,2022-05-20,2022-05-20,2022-05-20,92b17d6c2e43cb28bfc3f9d408652b01fea0e012
alaahong,https://api.github.com/repos/appium/appium/pulls/16968,https://api.github.com/repos/appium/appium/issues/16968,closed,2022-05-20,2022-05-23,2022-05-23,c459136d67c13ffd2c789665a3ea2905025ff3da
boneskull,https://api.github.com/repos/appium/appium/pulls/16966,https://api.github.com/repos/appium/appium/issues/16966,closed,2022-05-19,2022-06-15,2022-05-26,91962384c9f39d1605215dadf04917b6ffd5477f
neilnaveen,https://api.github.com/repos/appium/appium/pulls/16960,https://api.github.com/repos/appium/appium/issues/16960,closed,2022-05-18,2022-05-18,2022-05-18,7e2412499afd27b9d2486da34230c8019513e770
Yonas21,https://api.github.com/repos/appium/appium/pulls/16959,https://api.github.com/repos/appium/appium/issues/16959,closed,2022-05-17,2022-12-04,,96c5339956d89b25f87e48eef81a9f340666c6e6
renovate[bot],https://api.github.com/repos/appium/appium/pulls/16958,https://api.github.com/repos/appium/appium/issues/16958,closed,2022-05-17,2022-05-17,2022-05-17,45285429d6fcbd322998951c97e417863d94778a
renovate[bot],https://api.github.com/repos/appium/appium/pulls/16957,https://api.github.com/repos/appium/appium/issues/16957,closed,2022-05-17,2022-05-17,2022-05-17,db2a4fe60b7db90e142c158f8f811905a06d6868
boneskull,https://api.github.com/repos/appium/appium/pulls/16954,https://api.github.com/repos/appium/appium/issues/16954,closed,2022-05-16,2022-05-17,2022-05-17,3a9434871291a16f0660a75bf934ba5dc1bf394f
boneskull,https://api.github.com/repos/appium/appium/pulls/16953,https://api.github.com/repos/appium/appium/issues/16953,closed,2022-05-16,2022-05-20,2022-05-20,b1b363f09f1e8a0c5bb090aa40962efa2954e0df
renovate[bot],https://api.github.com/repos/appium/appium/pulls/16950,https://api.github.com/repos/appium/appium/issues/16950,closed,2022-05-16,2022-05-16,2022-05-16,48b465f0fe8fb92a69f708078bf11b8cfffa1ddd
python-zys,https://api.github.com/repos/appium/appium/pulls/16949,https://api.github.com/repos/appium/appium/issues/16949,closed,2022-05-16,2022-05-26,2022-05-22,0cf90e6cabfcd15ff36d5b868257e54d39c767c8
renovate[bot],https://api.github.com/repos/appium/appium/pulls/16947,https://api.github.com/repos/appium/appium/issues/16947,closed,2022-05-14,2022-05-16,2022-05-16,11975dafd97d585bbb2b4639e8e9e0db435cebb2
renovate[bot],https://api.github.com/repos/appium/appium/pulls/16945,https://api.github.com/repos/appium/appium/issues/16945,closed,2022-05-13,2022-05-16,2022-05-16,5a149d35fc7592a95a6a35924e5e2cb7555343ca
renovate[bot],https://api.github.com/repos/appium/appium/pulls/16944,https://api.github.com/repos/appium/appium/issues/16944,closed,2022-05-13,2022-05-13,2022-05-13,b359f29df5187f0b4e3200309e5f3fa02b061dea
boneskull,https://api.github.com/repos/appium/appium/pulls/16940,https://api.github.com/repos/appium/appium/issues/16940,closed,2022-05-12,2022-06-15,2022-05-12,2289b4527208c595b2758b9b14d86a2ab91ac15f
boneskull,https://api.github.com/repos/appium/appium/pulls/16938,https://api.github.com/repos/appium/appium/issues/16938,closed,2022-05-12,2022-06-15,2022-05-12,147d1d1d348837ebb584c7860c05f97f6a39e924
boneskull,https://api.github.com/repos/appium/appium/pulls/16937,https://api.github.com/repos/appium/appium/issues/16937,closed,2022-05-12,2022-06-15,2022-05-12,9f551e274febe81169f2dcecc571163dd473df1a
renovate[bot],https://api.github.com/repos/appium/appium/pulls/16936,https://api.github.com/repos/appium/appium/issues/16936,closed,2022-05-12,2022-05-16,2022-05-16,cffaa2dcc9541b51c730358e4af882b5cda354c6
renovate[bot],https://api.github.com/repos/appium/appium/pulls/16935,https://api.github.com/repos/appium/appium/issues/16935,closed,2022-05-12,2022-05-16,2022-05-16,8c956e9f09f258e4080a1c4f8ccc3691c4013a0d
renovate[bot],https://api.github.com/repos/appium/appium/pulls/16931,https://api.github.com/repos/appium/appium/issues/16931,closed,2022-05-11,2022-05-12,,750bf1d8fa7edd9064dd368b1b4962551b918d3b
boneskull,https://api.github.com/repos/appium/appium/pulls/16928,https://api.github.com/repos/appium/appium/issues/16928,closed,2022-05-11,2022-12-07,,d599740a56f92e8e30dbd3715d5d27f174dd4694
renovate[bot],https://api.github.com/repos/appium/appium/pulls/16926,https://api.github.com/repos/appium/appium/issues/16926,closed,2022-05-10,2022-05-18,2022-05-18,c0f71ef3ffa7ddd058c96c14edc40f1fd94c1c56
boneskull,https://api.github.com/repos/appium/appium/pulls/16925,https://api.github.com/repos/appium/appium/issues/16925,closed,2022-05-09,2022-06-15,2022-05-12,5f28ce81df6aec7a2e60fe03a8da86916065fca7
renovate[bot],https://api.github.com/repos/appium/appium/pulls/16920,https://api.github.com/repos/appium/appium/issues/16920,closed,2022-05-08,2022-05-11,2022-05-11,a1dff640b179042f79a4d6413020cf3ed650327c
renovate[bot],https://api.github.com/repos/appium/appium/pulls/16918,https://api.github.com/repos/appium/appium/issues/16918,closed,2022-05-08,2022-05-11,2022-05-11,5835a8ab7efeb5b723920838aae6909fd75ad41e
renovate[bot],https://api.github.com/repos/appium/appium/pulls/16917,https://api.github.com/repos/appium/appium/issues/16917,closed,2022-05-08,2022-05-08,2022-05-08,68feafb5d32f35fd1de8f1c44ca202497b04f290
boneskull,https://api.github.com/repos/appium/appium/pulls/16911,https://api.github.com/repos/appium/appium/issues/16911,closed,2022-05-05,2022-05-10,2022-05-10,133db5355f9a91f67145b932eff7a80932e5e30e
sergico,https://api.github.com/repos/appium/appium/pulls/16910,https://api.github.com/repos/appium/appium/issues/16910,closed,2022-05-05,2022-05-07,2022-05-07,3a6b160ba3f8a5ae8ea362a4a9bb806509ac825f
boneskull,https://api.github.com/repos/appium/appium/pulls/16909,https://api.github.com/repos/appium/appium/issues/16909,closed,2022-05-05,2022-05-09,2022-05-09,1096f9db71d3fd544d32692f55fc0e08b8c292b5
boneskull,https://api.github.com/repos/appium/appium/pulls/16908,https://api.github.com/repos/appium/appium/issues/16908,closed,2022-05-05,2022-06-15,2022-05-23,eefe31b069b1845449942bbc15303d8361b6c852
boneskull,https://api.github.com/repos/appium/appium/pulls/16907,https://api.github.com/repos/appium/appium/issues/16907,closed,2022-05-05,2022-07-18,2022-07-18,4627756c665a9714ca4dc03ed799a56169e6f2b9
boneskull,https://api.github.com/repos/appium/appium/pulls/16906,https://api.github.com/repos/appium/appium/issues/16906,closed,2022-05-05,2022-06-15,2022-05-23,2c6a4da26536d5a9f300fada2a822fee2d418a85
boneskull,https://api.github.com/repos/appium/appium/pulls/16905,https://api.github.com/repos/appium/appium/issues/16905,closed,2022-05-05,2022-06-15,2022-05-23,59f855ab7616cb1831a81f7b2a844adb2fd258fd
boneskull,https://api.github.com/repos/appium/appium/pulls/16904,https://api.github.com/repos/appium/appium/issues/16904,closed,2022-05-05,2022-06-15,2022-05-20,a56b588d0d1deda1ddfa6b58c2a6ceedd9d9b844
boneskull,https://api.github.com/repos/appium/appium/pulls/16903,https://api.github.com/repos/appium/appium/issues/16903,closed,2022-05-05,2022-06-15,2022-05-20,c8d00a1042e13383b1d86f3088fe243b222dfbeb
boneskull,https://api.github.com/repos/appium/appium/pulls/16902,https://api.github.com/repos/appium/appium/issues/16902,closed,2022-05-05,2022-06-15,2022-05-23,512f3f11dab9c8faa5651fa996b59cacb86c912c
boneskull,https://api.github.com/repos/appium/appium/pulls/16901,https://api.github.com/repos/appium/appium/issues/16901,closed,2022-05-05,2022-05-12,2022-05-12,59b885aa664508358000741420bf1958e2313e52
renovate[bot],https://api.github.com/repos/appium/appium/pulls/16900,https://api.github.com/repos/appium/appium/issues/16900,closed,2022-05-04,2022-05-05,,303ca37958d50b05440f9f83f83265b0129da803
renovate[bot],https://api.github.com/repos/appium/appium/pulls/16899,https://api.github.com/repos/appium/appium/issues/16899,closed,2022-05-04,2022-05-05,2022-05-05,b0d5d3e4e7f7b80816a35be20432df0e3edc6003
renovate[bot],https://api.github.com/repos/appium/appium/pulls/16898,https://api.github.com/repos/appium/appium/issues/16898,closed,2022-05-04,2022-05-04,2022-05-04,7797a4f685774dfbace6163acf110869641ecd2a
renovate[bot],https://api.github.com/repos/appium/appium/pulls/16897,https://api.github.com/repos/appium/appium/issues/16897,closed,2022-05-04,2022-05-04,2022-05-04,8f926e9bc02f884282475e6a7ed835b324c2d92c
boneskull,https://api.github.com/repos/appium/appium/pulls/16896,https://api.github.com/repos/appium/appium/issues/16896,closed,2022-05-03,2022-05-03,2022-05-03,6480679bfb7f9847ed355cc4017ac423e8eb150b
boneskull,https://api.github.com/repos/appium/appium/pulls/16895,https://api.github.com/repos/appium/appium/issues/16895,closed,2022-05-03,2022-05-03,2022-05-03,a794ade7b055b2f3e5f8e247db647890f17b895f
boneskull,https://api.github.com/repos/appium/appium/pulls/16894,https://api.github.com/repos/appium/appium/issues/16894,closed,2022-05-03,2022-05-05,2022-05-05,89d2c4406a931855ca833f2ada9d57cfbc1f9b78
boneskull,https://api.github.com/repos/appium/appium/pulls/16893,https://api.github.com/repos/appium/appium/issues/16893,closed,2022-05-03,2022-05-03,2022-05-03,5e24fbac5cb760144cdb0bb95c5ae80ff6c98f1f
boneskull,https://api.github.com/repos/appium/appium/pulls/16892,https://api.github.com/repos/appium/appium/issues/16892,closed,2022-05-03,2022-06-15,2022-05-03,0e136f9d943773589c3cfe630e7b57c881a13d01
boneskull,https://api.github.com/repos/appium/appium/pulls/16891,https://api.github.com/repos/appium/appium/issues/16891,closed,2022-05-03,2022-06-15,2022-05-03,93e05a82696514be04d9792c90eb3fe7e3fa0143
renovate[bot],https://api.github.com/repos/appium/appium/pulls/16889,https://api.github.com/repos/appium/appium/issues/16889,closed,2022-05-03,2022-05-03,2022-05-03,a686053f03c21d929a5a8f26949dacddcfb05c0f
boneskull,https://api.github.com/repos/appium/appium/pulls/16888,https://api.github.com/repos/appium/appium/issues/16888,closed,2022-05-02,2022-06-15,2022-05-03,d89203f96c7d45e8cda5e447c808d1485449c284
boneskull,https://api.github.com/repos/appium/appium/pulls/16887,https://api.github.com/repos/appium/appium/issues/16887,closed,2022-05-02,2022-06-15,2022-05-03,5cc22325f2938602ed95eec52e701cc11fcebc2a
boneskull,https://api.github.com/repos/appium/appium/pulls/16886,https://api.github.com/repos/appium/appium/issues/16886,closed,2022-05-02,2022-06-15,2022-05-03,823014321afbca8cde9e9eefe8f54ef3c7f7c2c7
boneskull,https://api.github.com/repos/appium/appium/pulls/16885,https://api.github.com/repos/appium/appium/issues/16885,closed,2022-05-02,2022-06-15,2022-05-03,c2753107c6aadd3f1884e1f18172af50b8a1ad6b
boneskull,https://api.github.com/repos/appium/appium/pulls/16884,https://api.github.com/repos/appium/appium/issues/16884,closed,2022-05-02,2022-06-15,2022-05-03,a2b07f61501cd18a3ddb55773f931ee365fb8944
boneskull,https://api.github.com/repos/appium/appium/pulls/16883,https://api.github.com/repos/appium/appium/issues/16883,closed,2022-05-02,2022-06-15,2022-05-05,4198253cf96cb6e935688389d7d3b9aeb6294fbe
jlipps,https://api.github.com/repos/appium/appium/pulls/16882,https://api.github.com/repos/appium/appium/issues/16882,closed,2022-05-02,2022-05-03,2022-05-03,773d9d6c0d610401fde37e897a65ff34895ea3e4
boneskull,https://api.github.com/repos/appium/appium/pulls/16881,https://api.github.com/repos/appium/appium/issues/16881,closed,2022-05-02,2022-05-02,2022-05-02,5a3a0f7c1482ab24fc067cb79f6a367c1741a771
renovate[bot],https://api.github.com/repos/appium/appium/pulls/16880,https://api.github.com/repos/appium/appium/issues/16880,closed,2022-05-02,2022-05-02,2022-05-02,38b4fa2bad4bd6776088e886090b2541c8d769f2
renovate[bot],https://api.github.com/repos/appium/appium/pulls/16879,https://api.github.com/repos/appium/appium/issues/16879,closed,2022-05-02,2022-05-02,2022-05-02,67dacd87cf246bfe1249e85492d1ea2bee631d9a
renovate[bot],https://api.github.com/repos/appium/appium/pulls/16878,https://api.github.com/repos/appium/appium/issues/16878,closed,2022-05-01,2022-05-03,2022-05-03,8caf18f54291f6de09534067944c7db4ffa58ce8
renovate[bot],https://api.github.com/repos/appium/appium/pulls/16877,https://api.github.com/repos/appium/appium/issues/16877,closed,2022-04-30,2022-04-30,2022-04-30,f1b36cc7c5c20fd1e6b0a786fb0ea4d08da8e96c
renovate[bot],https://api.github.com/repos/appium/appium/pulls/16876,https://api.github.com/repos/appium/appium/issues/16876,closed,2022-04-30,2022-04-30,2022-04-30,ec1b95b96cca2238e46a6d248161d514cad17a51
renovate[bot],https://api.github.com/repos/appium/appium/pulls/16875,https://api.github.com/repos/appium/appium/issues/16875,closed,2022-04-30,2022-04-30,2022-04-30,2e7c1bb46e8ff17c0003a49b66dac418374aeaa2
renovate[bot],https://api.github.com/repos/appium/appium/pulls/16874,https://api.github.com/repos/appium/appium/issues/16874,closed,2022-04-30,2022-04-30,2022-04-30,bbce027f34b84d31a7418a34d688cc2baa22d325
renovate[bot],https://api.github.com/repos/appium/appium/pulls/16873,https://api.github.com/repos/appium/appium/issues/16873,closed,2022-04-29,2022-04-29,2022-04-29,9df8c08b0981b8286c652c4630b2b7cfa780b3a1
renovate[bot],https://api.github.com/repos/appium/appium/pulls/16872,https://api.github.com/repos/appium/appium/issues/16872,closed,2022-04-29,2022-04-29,2022-04-29,a67ba79dba6bf453904eca40fea1055b2490cc44
boneskull,https://api.github.com/repos/appium/appium/pulls/16871,https://api.github.com/repos/appium/appium/issues/16871,closed,2022-04-28,2022-05-02,2022-05-02,88a6655253a4879041478d64254471efebe4cbfe
renovate[bot],https://api.github.com/repos/appium/appium/pulls/16870,https://api.github.com/repos/appium/appium/issues/16870,closed,2022-04-28,2022-04-28,2022-04-28,de5a96fb082b26f68e9b7b2c7e839cf881d9131c
renovate[bot],https://api.github.com/repos/appium/appium/pulls/16869,https://api.github.com/repos/appium/appium/issues/16869,closed,2022-04-28,2022-04-28,2022-04-28,90918200e2ee22e69cae9f7772de477fbbf0e2f2
mykola-mokhnach,https://api.github.com/repos/appium/appium/pulls/16866,https://api.github.com/repos/appium/appium/issues/16866,closed,2022-04-27,2022-04-28,2022-04-28,b39408f019c7e0a866de6fde4e2ce24e92859696
renovate[bot],https://api.github.com/repos/appium/appium/pulls/16860,https://api.github.com/repos/appium/appium/issues/16860,closed,2022-04-27,2022-04-27,2022-04-27,a725d052f84ffb8cafb42b78be2e7128919ef301
renovate[bot],https://api.github.com/repos/appium/appium/pulls/16859,https://api.github.com/repos/appium/appium/issues/16859,closed,2022-04-27,2022-04-27,2022-04-27,e49ab6d343e88d712e69562ebc70386c38196ba7
KazuCocoa,https://api.github.com/repos/appium/appium/pulls/16857,https://api.github.com/repos/appium/appium/issues/16857,closed,2022-04-26,2022-07-19,2022-07-19,e71e4eeecb8f787fb0c6e7660c14b011fae46211
renovate[bot],https://api.github.com/repos/appium/appium/pulls/16855,https://api.github.com/repos/appium/appium/issues/16855,closed,2022-04-26,2022-04-26,2022-04-26,fdee8701a6796ef27d7b65457eb507d9704d39d4
renovate[bot],https://api.github.com/repos/appium/appium/pulls/16854,https://api.github.com/repos/appium/appium/issues/16854,closed,2022-04-26,2022-04-26,2022-04-26,2e8e7a5d65ef7139cd3ac5f50e1ca390186eb1d4
renovate[bot],https://api.github.com/repos/appium/appium/pulls/16853,https://api.github.com/repos/appium/appium/issues/16853,closed,2022-04-25,2022-04-25,2022-04-25,b957123401ffeaccf126af8c8aa2f1445f9fbaa7
mykola-mokhnach,https://api.github.com/repos/appium/appium/pulls/16849,https://api.github.com/repos/appium/appium/issues/16849,closed,2022-04-22,2022-04-24,2022-04-24,a2b2ded1e4cab84b6ff9a6ecdc5bb3e544118ba0
boneskull,https://api.github.com/repos/appium/appium/pulls/16848,https://api.github.com/repos/appium/appium/issues/16848,closed,2022-04-22,2022-04-26,2022-04-25,39aab21aef77b2902dc906373ed8f7d7b2273da1
sonumuto,https://api.github.com/repos/appium/appium/pulls/16845,https://api.github.com/repos/appium/appium/issues/16845,closed,2022-04-22,2022-04-23,2022-04-23,df14eb8d88a9282353f8bd74e704a412111fc20e
renovate[bot],https://api.github.com/repos/appium/appium/pulls/16843,https://api.github.com/repos/appium/appium/issues/16843,closed,2022-04-22,2022-04-22,2022-04-22,c5787f7cf03bfabd0552d17f2b31f23e2ecdef59
neilnaveen,https://api.github.com/repos/appium/appium/pulls/16842,https://api.github.com/repos/appium/appium/issues/16842,closed,2022-04-21,2022-05-18,,44b63975253db2de704600f7771d7ee7071b4b56
KazuCocoa,https://api.github.com/repos/appium/appium/pulls/16840,https://api.github.com/repos/appium/appium/issues/16840,closed,2022-04-21,2022-04-22,2022-04-22,4d91f76e4c14adc0231b5e170e1eceb062bcaf10
renovate[bot],https://api.github.com/repos/appium/appium/pulls/16839,https://api.github.com/repos/appium/appium/issues/16839,closed,2022-04-21,2022-04-21,2022-04-21,00f38df09a9d484140ccd12980a55fd1e462576a
renovate[bot],https://api.github.com/repos/appium/appium/pulls/16838,https://api.github.com/repos/appium/appium/issues/16838,closed,2022-04-21,2022-04-21,2022-04-21,19c4cd246b20f7aa92be550b96de86f600510e9d
jlipps,https://api.github.com/repos/appium/appium/pulls/16837,https://api.github.com/repos/appium/appium/issues/16837,closed,2022-04-20,2022-04-22,2022-04-22,2e57fd4900748a847b13df55f29879675d072d94
boneskull,https://api.github.com/repos/appium/appium/pulls/16835,https://api.github.com/repos/appium/appium/issues/16835,closed,2022-04-20,2022-04-26,2022-04-22,b34b75a80e4b5d7037a5c93fef1b68fcb6d159ee
boneskull,https://api.github.com/repos/appium/appium/pulls/16834,https://api.github.com/repos/appium/appium/issues/16834,closed,2022-04-20,2022-04-21,2022-04-21,9bfe482b975c8ae6613097507ce4ed7d8eff1610
boneskull,https://api.github.com/repos/appium/appium/pulls/16833,https://api.github.com/repos/appium/appium/issues/16833,closed,2022-04-20,2022-04-21,2022-04-21,5bdc476c626caa301c7cb4ffc01c296f437deb06
renovate[bot],https://api.github.com/repos/appium/appium/pulls/16831,https://api.github.com/repos/appium/appium/issues/16831,closed,2022-04-20,2022-04-21,2022-04-21,0d7f851410ef3dfb3836f964a97eb460610f7e67
jlipps,https://api.github.com/repos/appium/appium/pulls/16830,https://api.github.com/repos/appium/appium/issues/16830,closed,2022-04-19,2022-04-20,2022-04-20,f8526b36d47d0f6d4f8ac768e514dd623e9873f4
boneskull,https://api.github.com/repos/appium/appium/pulls/16829,https://api.github.com/repos/appium/appium/issues/16829,closed,2022-04-19,2022-04-20,2022-04-20,ab6dfb3158e192b42313d6b1d8648ffc672af8bd
KazuCocoa,https://api.github.com/repos/appium/appium/pulls/16824,https://api.github.com/repos/appium/appium/issues/16824,closed,2022-04-19,2022-04-19,2022-04-19,edaa8084dd5bc6389426113d6eb8b9298ecf3cf5
renovate[bot],https://api.github.com/repos/appium/appium/pulls/16823,https://api.github.com/repos/appium/appium/issues/16823,closed,2022-04-19,2022-04-19,2022-04-19,8a510edc127abe83aef6d9c4535a6419327d2aeb
renovate[bot],https://api.github.com/repos/appium/appium/pulls/16822,https://api.github.com/repos/appium/appium/issues/16822,closed,2022-04-19,2022-04-19,2022-04-19,e9e2f8d42a57aafd9019572ff89bdf44f718d160
jlipps,https://api.github.com/repos/appium/appium/pulls/16821,https://api.github.com/repos/appium/appium/issues/16821,closed,2022-04-18,2022-04-19,2022-04-19,e236f0580ab7946e0bd6b963b97a2bb98bf9620e
boneskull,https://api.github.com/repos/appium/appium/pulls/16797,https://api.github.com/repos/appium/appium/issues/16797,closed,2022-04-18,2022-04-20,2022-04-20,cd08dafabcc16e718a5bdc6b96d5a7bcbfe6e1be
renovate[bot],https://api.github.com/repos/appium/appium/pulls/16783,https://api.github.com/repos/appium/appium/issues/16783,closed,2022-04-18,2022-04-18,2022-04-18,5e8fe52c765c51190bc57eb6fe9c4e15ffba7033
renovate[bot],https://api.github.com/repos/appium/appium/pulls/16781,https://api.github.com/repos/appium/appium/issues/16781,closed,2022-04-17,2023-08-03,2023-08-03,fc01fb958a4e22c8c56ba6daf5a0e8a48538c4aa
renovate[bot],https://api.github.com/repos/appium/appium/pulls/16780,https://api.github.com/repos/appium/appium/issues/16780,closed,2022-04-17,2022-05-07,2022-05-07,3d2db4538e3eac05c6585ec9eb2c48092de7bd58
renovate[bot],https://api.github.com/repos/appium/appium/pulls/16779,https://api.github.com/repos/appium/appium/issues/16779,closed,2022-04-17,2022-04-17,2022-04-17,ad00a2c1b65c77aeb50367ba83013c5181b943a7
renovate[bot],https://api.github.com/repos/appium/appium/pulls/16778,https://api.github.com/repos/appium/appium/issues/16778,closed,2022-04-17,2022-04-17,2022-04-17,98887b01c62fba0c07d900236da0ba7d6173021f
renovate[bot],https://api.github.com/repos/appium/appium/pulls/16777,https://api.github.com/repos/appium/appium/issues/16777,closed,2022-04-16,2022-04-16,2022-04-16,cb7ef8230f8e9101ff8d5b4d8540be3509c9678a
renovate[bot],https://api.github.com/repos/appium/appium/pulls/16776,https://api.github.com/repos/appium/appium/issues/16776,closed,2022-04-16,2022-04-16,2022-04-16,98e20221b157f68ebe450128b0d24694bb4706e5
renovate[bot],https://api.github.com/repos/appium/appium/pulls/16775,https://api.github.com/repos/appium/appium/issues/16775,closed,2022-04-16,2022-04-16,2022-04-16,4bdb30d876c0c551c2198520df155a91c3e37660
renovate[bot],https://api.github.com/repos/appium/appium/pulls/16774,https://api.github.com/repos/appium/appium/issues/16774,closed,2022-04-16,2022-04-16,2022-04-16,a5d45979b97c26be29d98be86adb2f119d617a1c
renovate[bot],https://api.github.com/repos/appium/appium/pulls/16772,https://api.github.com/repos/appium/appium/issues/16772,closed,2022-04-15,2022-04-15,2022-04-15,14490a0d1716513a382001d678c8b532f11e5036
renovate[bot],https://api.github.com/repos/appium/appium/pulls/16771,https://api.github.com/repos/appium/appium/issues/16771,closed,2022-04-15,2022-04-15,2022-04-15,f50f493dd547272caff45c8683d1a0fa89da9332
renovate[bot],https://api.github.com/repos/appium/appium/pulls/16768,https://api.github.com/repos/appium/appium/issues/16768,closed,2022-04-14,2022-04-14,2022-04-14,dd7a46e0fdc18a3d1b84311ef81620cdf2b0d9b8
renovate[bot],https://api.github.com/repos/appium/appium/pulls/16767,https://api.github.com/repos/appium/appium/issues/16767,closed,2022-04-14,2022-04-14,2022-04-14,52183f0c4eed16238192be67c133eb0a0c627e3d
sonumuto,https://api.github.com/repos/appium/appium/pulls/16766,https://api.github.com/repos/appium/appium/issues/16766,closed,2022-04-13,2022-04-14,2022-04-14,d0f23016723088dda2a2a1ba23bd9f2cb4019615
mykola-mokhnach,https://api.github.com/repos/appium/appium/pulls/16765,https://api.github.com/repos/appium/appium/issues/16765,closed,2022-04-13,2022-04-13,2022-04-13,cad6272f6b1e92aeb0a7c34915a53c9720a5c460
renovate[bot],https://api.github.com/repos/appium/appium/pulls/16760,https://api.github.com/repos/appium/appium/issues/16760,closed,2022-04-13,2022-04-13,2022-04-13,ee9584829cdcc1e94ba5e2d675ae78ddb23296a4
boneskull,https://api.github.com/repos/appium/appium/pulls/16759,https://api.github.com/repos/appium/appium/issues/16759,closed,2022-04-12,2022-04-12,2022-04-12,0a25e641b0749f2299077808630539a4a56b797a
boneskull,https://api.github.com/repos/appium/appium/pulls/16758,https://api.github.com/repos/appium/appium/issues/16758,closed,2022-04-12,2022-04-12,2022-04-12,78f6a23bd323e1de0bde85f82a2d8e0ce7ad5f6f
boneskull,https://api.github.com/repos/appium/appium/pulls/16757,https://api.github.com/repos/appium/appium/issues/16757,closed,2022-04-12,2022-04-14,2022-04-14,60d916e6d0704e8a9f23e7031300013b8b5c9c1e
boneskull,https://api.github.com/repos/appium/appium/pulls/16756,https://api.github.com/repos/appium/appium/issues/16756,closed,2022-04-12,2022-04-14,,b6e6589339846c461523399c631227edcf9fb26f
renovate[bot],https://api.github.com/repos/appium/appium/pulls/16752,https://api.github.com/repos/appium/appium/issues/16752,closed,2022-04-12,2022-04-12,2022-04-12,4c30c7d107e696646a54bb2a60afff1a8b7b5484
renovate[bot],https://api.github.com/repos/appium/appium/pulls/16751,https://api.github.com/repos/appium/appium/issues/16751,closed,2022-04-12,2022-04-12,2022-04-12,d0f29bda28b2d45b9c55754b9ce7d96141aaf4dc
mykola-mokhnach,https://api.github.com/repos/appium/appium/pulls/16748,https://api.github.com/repos/appium/appium/issues/16748,closed,2022-04-11,2022-04-27,2022-04-12,78a46375aed016feb6e2b20299cc834d2d24e1cb
mykola-mokhnach,https://api.github.com/repos/appium/appium/pulls/16742,https://api.github.com/repos/appium/appium/issues/16742,closed,2022-04-10,2022-04-11,2022-04-11,5d2156a06bcf621116db0adbedce431d7c18fca7
renovate[bot],https://api.github.com/repos/appium/appium/pulls/16741,https://api.github.com/repos/appium/appium/issues/16741,closed,2022-04-10,2022-04-10,2022-04-10,67c2c3b18f0b937676aaa0ba405e5402a8e497d1
renovate[bot],https://api.github.com/repos/appium/appium/pulls/16740,https://api.github.com/repos/appium/appium/issues/16740,closed,2022-04-10,2022-04-10,2022-04-10,20daee6a24c1b880dacf9bf3dcd130d15e455933
mykola-mokhnach,https://api.github.com/repos/appium/appium/pulls/16739,https://api.github.com/repos/appium/appium/issues/16739,closed,2022-04-09,2022-04-09,2022-04-09,ff3b290c7791c480373943b6e687001e9a68d043
mykola-mokhnach,https://api.github.com/repos/appium/appium/pulls/16737,https://api.github.com/repos/appium/appium/issues/16737,closed,2022-04-08,2022-04-08,2022-04-08,f8a51443e490d9a373778499bfc440e8464ca2ed
renovate[bot],https://api.github.com/repos/appium/appium/pulls/16735,https://api.github.com/repos/appium/appium/issues/16735,closed,2022-04-08,2022-04-09,2022-04-09,ed89b590e1b63dc2e3dd35a83d7843dba66d6ff7
jlipps,https://api.github.com/repos/appium/appium/pulls/16734,https://api.github.com/repos/appium/appium/issues/16734,closed,2022-04-07,2022-04-07,2022-04-07,f971aa9f1caefff0572db8f9bb9cf32b0cc920d6
boneskull,https://api.github.com/repos/appium/appium/pulls/16733,https://api.github.com/repos/appium/appium/issues/16733,closed,2022-04-07,2022-04-07,2022-04-07,3adf4d4283ed8de7bc4a1f6857656cd67df51053
mykola-mokhnach,https://api.github.com/repos/appium/appium/pulls/16731,https://api.github.com/repos/appium/appium/issues/16731,closed,2022-04-07,2022-04-07,2022-04-07,35c1adebaf2ad62704cc26f896835518611530b8
renovate[bot],https://api.github.com/repos/appium/appium/pulls/16727,https://api.github.com/repos/appium/appium/issues/16727,closed,2022-04-07,2022-04-07,2022-04-07,c8227d8ab83e7a568e4cb7edc46cf2ba8be3591d
renovate[bot],https://api.github.com/repos/appium/appium/pulls/16725,https://api.github.com/repos/appium/appium/issues/16725,closed,2022-04-07,2022-04-07,2022-04-07,02706de19d6ef50d49854e911776f0dbe8bcf008
renovate[bot],https://api.github.com/repos/appium/appium/pulls/16724,https://api.github.com/repos/appium/appium/issues/16724,closed,2022-04-07,2022-04-07,2022-04-07,670125141192e4b818558f2ce5757dad1b284933
boneskull,https://api.github.com/repos/appium/appium/pulls/16722,https://api.github.com/repos/appium/appium/issues/16722,closed,2022-04-06,2022-04-14,2022-04-14,15439c2ae7ab3e24b884fe87e89a9a8c16620f3a
renovate[bot],https://api.github.com/repos/appium/appium/pulls/16719,https://api.github.com/repos/appium/appium/issues/16719,closed,2022-04-06,2022-04-14,2022-04-14,79f86c6bcd1398ba22b503dca153a957ab5e3ba6
renovate[bot],https://api.github.com/repos/appium/appium/pulls/16718,https://api.github.com/repos/appium/appium/issues/16718,closed,2022-04-06,2022-04-06,2022-04-06,bc36b8dfcca627e5bcdbfabff1e4b598c60ee755
renovate[bot],https://api.github.com/repos/appium/appium/pulls/16717,https://api.github.com/repos/appium/appium/issues/16717,closed,2022-04-06,2022-04-06,2022-04-06,4060c17cc655f646d620f3b9629edc2a6903065c
renovate[bot],https://api.github.com/repos/appium/appium/pulls/16714,https://api.github.com/repos/appium/appium/issues/16714,closed,2022-04-05,2022-04-05,2022-04-05,fa20f8058fe1848e486ad370fb381785acf50933
renovate[bot],https://api.github.com/repos/appium/appium/pulls/16711,https://api.github.com/repos/appium/appium/issues/16711,closed,2022-04-04,2022-04-04,2022-04-04,2a5f7c2b73616a6943138dabfe94a432eaa4bdd1
renovate[bot],https://api.github.com/repos/appium/appium/pulls/16710,https://api.github.com/repos/appium/appium/issues/16710,closed,2022-04-03,2022-04-04,2022-04-04,dd38c6f42caac25219e7200cd434901ed161bd18
renovate[bot],https://api.github.com/repos/appium/appium/pulls/16706,https://api.github.com/repos/appium/appium/issues/16706,closed,2022-04-01,2022-04-01,2022-04-01,a91d283128995cadb80d21060bb3551e5b63a39c
vamvindev,https://api.github.com/repos/appium/appium/pulls/16705,https://api.github.com/repos/appium/appium/issues/16705,closed,2022-04-01,2022-12-04,,4b4c58af734b3c8750145b51c29528e8007c4289
boneskull,https://api.github.com/repos/appium/appium/pulls/16704,https://api.github.com/repos/appium/appium/issues/16704,closed,2022-03-31,2022-06-15,2022-04-07,f33b87bbf96508455e77ba746719d9b808e7b4e3
KazuCocoa,https://api.github.com/repos/appium/appium/pulls/16703,https://api.github.com/repos/appium/appium/issues/16703,closed,2022-03-31,2022-04-05,2022-04-05,8f4a5e975256b434c7357a62b9e7df5417f4a9dc
mykola-mokhnach,https://api.github.com/repos/appium/appium/pulls/16700,https://api.github.com/repos/appium/appium/issues/16700,closed,2022-03-31,2022-03-31,2022-03-31,d8a9b4da362c0ee3d1616595a9f652a59b178065
renovate[bot],https://api.github.com/repos/appium/appium/pulls/16699,https://api.github.com/repos/appium/appium/issues/16699,closed,2022-03-31,2022-03-31,2022-03-31,4f41ec3c7a37ce9ea87cc9aee74deafaa4eb78c2
renovate[bot],https://api.github.com/repos/appium/appium/pulls/16698,https://api.github.com/repos/appium/appium/issues/16698,closed,2022-03-31,2022-04-01,2022-04-01,3f388b935a64e0e003cafd4a455cedfe2b34977a
jlipps,https://api.github.com/repos/appium/appium/pulls/16695,https://api.github.com/repos/appium/appium/issues/16695,closed,2022-03-30,2022-07-13,2022-04-18,08b2f7aa3043dfd87e2afae80ba14950ffe2d0a8
renovate[bot],https://api.github.com/repos/appium/appium/pulls/16693,https://api.github.com/repos/appium/appium/issues/16693,closed,2022-03-30,2022-03-30,2022-03-30,6fbff601b664925c2d2eb7c54a994f8c0c0b3132
boneskull,https://api.github.com/repos/appium/appium/pulls/16692,https://api.github.com/repos/appium/appium/issues/16692,closed,2022-03-30,2022-03-30,2022-03-30,b7b8b12eff336aadc024ebc567cbd7839be7ccbd
boneskull,https://api.github.com/repos/appium/appium/pulls/16691,https://api.github.com/repos/appium/appium/issues/16691,closed,2022-03-30,2022-03-30,2022-03-30,06f75a281cc2e9ceafd876714285eeff7142639d
jlipps,https://api.github.com/repos/appium/appium/pulls/16689,https://api.github.com/repos/appium/appium/issues/16689,closed,2022-03-29,2022-03-30,2022-03-30,54f1308a36670f94666c802ff26c9ed0d87e7b5b
boneskull,https://api.github.com/repos/appium/appium/pulls/16688,https://api.github.com/repos/appium/appium/issues/16688,closed,2022-03-29,2022-03-29,2022-03-29,7498a7ab90d23737e31508eca4118c2aacaa05ae
boneskull,https://api.github.com/repos/appium/appium/pulls/16687,https://api.github.com/repos/appium/appium/issues/16687,closed,2022-03-29,2022-03-29,2022-03-29,e439387d5c216b16ada4840a034b5002a02d354c
mykola-mokhnach,https://api.github.com/repos/appium/appium/pulls/16683,https://api.github.com/repos/appium/appium/issues/16683,closed,2022-03-29,2022-04-01,2022-04-01,a9651d3c59caf0b1be1b85b5185192578925f3ac
boneskull,https://api.github.com/repos/appium/appium/pulls/16681,https://api.github.com/repos/appium/appium/issues/16681,closed,2022-03-28,2022-03-30,2022-03-30,0bbec13d1e386b2fdf3f9cdcb43da78d6834f28f
mykola-mokhnach,https://api.github.com/repos/appium/appium/pulls/16678,https://api.github.com/repos/appium/appium/issues/16678,closed,2022-03-28,2022-03-29,2022-03-29,6973f54e06f331c25cf7093a54a25d8d65c344cf
mykola-mokhnach,https://api.github.com/repos/appium/appium/pulls/16677,https://api.github.com/repos/appium/appium/issues/16677,closed,2022-03-28,2022-03-28,,
KazuCocoa,https://api.github.com/repos/appium/appium/pulls/16672,https://api.github.com/repos/appium/appium/issues/16672,closed,2022-03-27,2022-04-04,2022-04-04,4235f274450486839243d1a8c6ecc1026c5facd1
triager,https://api.github.com/repos/appium/appium/pulls/16671,https://api.github.com/repos/appium/appium/issues/16671,closed,2022-03-27,2022-03-27,2022-03-27,5f15971b63971183ebc8e6ea542872aa1509bb5e
mykola-mokhnach,https://api.github.com/repos/appium/appium/pulls/16670,https://api.github.com/repos/appium/appium/issues/16670,closed,2022-03-27,2022-03-28,2022-03-28,c63e9bf8e0f42e6e070ca662d0b6079a5e7284e2
renovate[bot],https://api.github.com/repos/appium/appium/pulls/16669,https://api.github.com/repos/appium/appium/issues/16669,closed,2022-03-27,2022-03-28,2022-03-28,3bfee19a660c86bc0f2ba90bca9d90ca77e84785
renovate[bot],https://api.github.com/repos/appium/appium/pulls/16668,https://api.github.com/repos/appium/appium/issues/16668,closed,2022-03-27,2022-03-30,2022-03-30,e5ad7a9fd833d28e09e943984cc35cfae79d5988
KazuCocoa,https://api.github.com/repos/appium/appium/pulls/16667,https://api.github.com/repos/appium/appium/issues/16667,closed,2022-03-26,2022-03-27,2022-03-27,458c596e9f374ac7851e3328e60ba8e9999e1c9f
renovate[bot],https://api.github.com/repos/appium/appium/pulls/16665,https://api.github.com/repos/appium/appium/issues/16665,closed,2022-03-26,2022-03-28,2022-03-28,25fab429401dc77ff3fc4e69a611bfdcca69f31d
renovate[bot],https://api.github.com/repos/appium/appium/pulls/16664,https://api.github.com/repos/appium/appium/issues/16664,closed,2022-03-26,2022-03-28,,d49d351a35dcbcf1fce85b561a1c05d562c4ac5c
renovate[bot],https://api.github.com/repos/appium/appium/pulls/16663,https://api.github.com/repos/appium/appium/issues/16663,closed,2022-03-26,2022-03-26,2022-03-26,b6b9a2b019118fb59db12b4694051a0a5f5738f7
renovate[bot],https://api.github.com/repos/appium/appium/pulls/16662,https://api.github.com/repos/appium/appium/issues/16662,closed,2022-03-26,2022-03-26,2022-03-26,6cf1590a2d63cd514b8095a8285f38617bf4cbfd
boneskull,https://api.github.com/repos/appium/appium/pulls/16661,https://api.github.com/repos/appium/appium/issues/16661,closed,2022-03-25,2022-03-30,2022-03-30,8c3d9ec347bc1944d1eb4ae2b3003f4008a427b3
boneskull,https://api.github.com/repos/appium/appium/pulls/16660,https://api.github.com/repos/appium/appium/issues/16660,closed,2022-03-25,2022-03-29,2022-03-29,d400405296869e351320d16ba974bf60b8fb5a8e
boneskull,https://api.github.com/repos/appium/appium/pulls/16659,https://api.github.com/repos/appium/appium/issues/16659,closed,2022-03-25,2022-03-29,2022-03-29,826de8c3466fbe47573d94425608ec5dea63c1c8
boneskull,https://api.github.com/repos/appium/appium/pulls/16658,https://api.github.com/repos/appium/appium/issues/16658,closed,2022-03-25,2022-03-29,2022-03-29,3833b237df3b8c1b0a8ebed87134d1e7d11a7927
renovate[bot],https://api.github.com/repos/appium/appium/pulls/16656,https://api.github.com/repos/appium/appium/issues/16656,closed,2022-03-25,2022-03-25,2022-03-25,4ff63e2425bab6cbbfaac4f7339e24d08eceb0dd
renovate[bot],https://api.github.com/repos/appium/appium/pulls/16655,https://api.github.com/repos/appium/appium/issues/16655,closed,2022-03-25,2022-03-25,2022-03-25,a4229f938222c02e217d6c0c087c10b578efdad7
renovate[bot],https://api.github.com/repos/appium/appium/pulls/16654,https://api.github.com/repos/appium/appium/issues/16654,closed,2022-03-25,2022-03-25,2022-03-25,075eaeb8ce2a0de7e7a45af2db8d3d675b3c8e34
renovate[bot],https://api.github.com/repos/appium/appium/pulls/16652,https://api.github.com/repos/appium/appium/issues/16652,closed,2022-03-24,2022-03-25,,64a00245a4c34b4520b9a52c0634bccfe64b6829
renovate[bot],https://api.github.com/repos/appium/appium/pulls/16651,https://api.github.com/repos/appium/appium/issues/16651,closed,2022-03-24,2022-03-25,,fc1814f12ea3240651f6ab3ba0f6e2d8399c24e5
renovate[bot],https://api.github.com/repos/appium/appium/pulls/16649,https://api.github.com/repos/appium/appium/issues/16649,closed,2022-03-24,2022-04-04,2022-04-04,919d55d1cb6a827151cc29eec9864ea0b13e727e
renovate[bot],https://api.github.com/repos/appium/appium/pulls/16648,https://api.github.com/repos/appium/appium/issues/16648,closed,2022-03-24,2022-03-25,2022-03-25,9b6565b3badeee01c905ce1b0b775044fba1b052
renovate[bot],https://api.github.com/repos/appium/appium/pulls/16647,https://api.github.com/repos/appium/appium/issues/16647,closed,2022-03-24,2022-03-24,2022-03-24,523301199aa00525cbf2804b81b5607e1f5a2448
renovate[bot],https://api.github.com/repos/appium/appium/pulls/16646,https://api.github.com/repos/appium/appium/issues/16646,closed,2022-03-24,2022-03-24,2022-03-24,6cf9c63da26183add2bbaf5b049373c333312a8a
triager,https://api.github.com/repos/appium/appium/pulls/16644,https://api.github.com/repos/appium/appium/issues/16644,closed,2022-03-23,2022-03-28,2022-03-28,f3c0efe4665ebf1b49e4a70a190b5aeebd9282a4
boneskull,https://api.github.com/repos/appium/appium/pulls/16643,https://api.github.com/repos/appium/appium/issues/16643,closed,2022-03-23,2022-03-23,2022-03-23,77727dc9139dcece87b25222f51a306a46040d8a
ramesharpu,https://api.github.com/repos/appium/appium/pulls/16642,https://api.github.com/repos/appium/appium/issues/16642,closed,2022-03-23,2022-03-23,2022-03-23,7f0aca8e1449ddfff31441c5852b963db5dd7c60
renovate[bot],https://api.github.com/repos/appium/appium/pulls/16639,https://api.github.com/repos/appium/appium/issues/16639,closed,2022-03-23,2022-04-04,2022-04-04,7c7a290cfa196f0df80b3954d4d17bc40ba15459
renovate[bot],https://api.github.com/repos/appium/appium/pulls/16638,https://api.github.com/repos/appium/appium/issues/16638,closed,2022-03-23,2022-03-23,,7bd4ab35d836e786c80fc9471022b01c9801e804
mykola-mokhnach,https://api.github.com/repos/appium/appium/pulls/16636,https://api.github.com/repos/appium/appium/issues/16636,closed,2022-03-23,2022-03-23,2022-03-23,bbfc7ef51d8a5c7e99072ee599ce2a6265017ea4
renovate[bot],https://api.github.com/repos/appium/appium/pulls/16634,https://api.github.com/repos/appium/appium/issues/16634,closed,2022-03-23,2022-03-23,2022-03-23,21d337f976f4395a61220da5566c615fe3ce1cdb
renovate[bot],https://api.github.com/repos/appium/appium/pulls/16633,https://api.github.com/repos/appium/appium/issues/16633,closed,2022-03-23,2022-03-23,2022-03-23,1a73ac0b75d9604c4243ba2b1d13f5dd82f9e5d7
renovate[bot],https://api.github.com/repos/appium/appium/pulls/16632,https://api.github.com/repos/appium/appium/issues/16632,closed,2022-03-22,2022-03-22,2022-03-22,96fd7782eb53c97e5ee1546047310da0e97f5e0e
renovate[bot],https://api.github.com/repos/appium/appium/pulls/16631,https://api.github.com/repos/appium/appium/issues/16631,closed,2022-03-22,2022-03-22,2022-03-22,56f5c87d91bff6ec63cad567a4f6d929cf91efa5
renovate[bot],https://api.github.com/repos/appium/appium/pulls/16630,https://api.github.com/repos/appium/appium/issues/16630,closed,2022-03-22,2022-03-22,2022-03-22,7f6d9f54fcd07f66cee02119a8f5e91e507574e0
renovate[bot],https://api.github.com/repos/appium/appium/pulls/16629,https://api.github.com/repos/appium/appium/issues/16629,closed,2022-03-22,2022-03-22,2022-03-22,9fb03950d6d4b9820dfe261c9c66d0a90afea7fa
renovate[bot],https://api.github.com/repos/appium/appium/pulls/16624,https://api.github.com/repos/appium/appium/issues/16624,closed,2022-03-21,2022-03-21,2022-03-21,c1054c7996037890ba916ffed720c1bc1abc0cf1
renovate[bot],https://api.github.com/repos/appium/appium/pulls/16623,https://api.github.com/repos/appium/appium/issues/16623,closed,2022-03-21,2022-03-21,2022-03-21,c5164f7743c981eca4dddfb0135a14c2c796cef7
KazuCocoa,https://api.github.com/repos/appium/appium/pulls/16621,https://api.github.com/repos/appium/appium/issues/16621,closed,2022-03-21,2022-03-21,2022-03-21,3ee93ba5bd44268692bee5853b39f6b7ce593d7e
renovate[bot],https://api.github.com/repos/appium/appium/pulls/16619,https://api.github.com/repos/appium/appium/issues/16619,closed,2022-03-20,2022-03-20,2022-03-20,6ca1191bb2a2e6170df74d948d1085be44466268
renovate[bot],https://api.github.com/repos/appium/appium/pulls/16618,https://api.github.com/repos/appium/appium/issues/16618,closed,2022-03-20,2022-03-20,2022-03-20,f947828e9be78f675a55979985b8288970dcba05
KazuCocoa,https://api.github.com/repos/appium/appium/pulls/16617,https://api.github.com/repos/appium/appium/issues/16617,closed,2022-03-20,2022-03-20,2022-03-20,292a7751c60cd25383bb89772f35c397be7fbb91
renovate[bot],https://api.github.com/repos/appium/appium/pulls/16616,https://api.github.com/repos/appium/appium/issues/16616,closed,2022-03-20,2022-03-20,2022-03-20,0ebdd0ed7802a5bfc1954c09d85b7e4e2ad3334e
renovate[bot],https://api.github.com/repos/appium/appium/pulls/16615,https://api.github.com/repos/appium/appium/issues/16615,closed,2022-03-20,2022-03-20,2022-03-20,840e5a767c6f65cb9011c0e32e4440ff7da416de
renovate[bot],https://api.github.com/repos/appium/appium/pulls/16612,https://api.github.com/repos/appium/appium/issues/16612,closed,2022-03-19,2022-03-19,2022-03-19,a2fc58cd93e3ffe29e96766d26e0b661a1b68e28
renovate[bot],https://api.github.com/repos/appium/appium/pulls/16611,https://api.github.com/repos/appium/appium/issues/16611,closed,2022-03-19,2022-03-19,2022-03-19,c8ee934718b67de222d4f21f511f8a29db73b72f
renovate[bot],https://api.github.com/repos/appium/appium/pulls/16610,https://api.github.com/repos/appium/appium/issues/16610,closed,2022-03-19,2022-03-19,2022-03-19,0b4dad2f4c37fe2bf54dffc0fe32150bc1cb7c07
renovate[bot],https://api.github.com/repos/appium/appium/pulls/16609,https://api.github.com/repos/appium/appium/issues/16609,closed,2022-03-19,2022-03-19,2022-03-19,799fb87be32f9c3cc371df8ee2576dbc25e1cdd8
ourshiningdays,https://api.github.com/repos/appium/appium/pulls/16608,https://api.github.com/repos/appium/appium/issues/16608,closed,2022-03-19,2022-03-22,2022-03-22,de32dec5360fc92d47177654b03dde4edc69f0e8
boneskull,https://api.github.com/repos/appium/appium/pulls/16607,https://api.github.com/repos/appium/appium/issues/16607,closed,2022-03-18,2022-03-23,2022-03-23,35d9dc7ebc269959295edc520d83774990149b6b
boneskull,https://api.github.com/repos/appium/appium/pulls/16605,https://api.github.com/repos/appium/appium/issues/16605,closed,2022-03-18,2022-03-23,2022-03-23,2877f9098177a26e5570db87997ff67e0f4945fd
renovate[bot],https://api.github.com/repos/appium/appium/pulls/16603,https://api.github.com/repos/appium/appium/issues/16603,closed,2022-03-18,2022-03-18,2022-03-18,970017b2086310a8862670e5884897759dfcee92
renovate[bot],https://api.github.com/repos/appium/appium/pulls/16602,https://api.github.com/repos/appium/appium/issues/16602,closed,2022-03-18,2022-03-18,2022-03-18,43d36bb60cccd2d5a88fbed73d10e77174562fb0
renovate[bot],https://api.github.com/repos/appium/appium/pulls/16600,https://api.github.com/repos/appium/appium/issues/16600,closed,2022-03-17,2022-03-17,2022-03-17,06a8fe467c02a101e84385e69491ac690becbda9
renovate[bot],https://api.github.com/repos/appium/appium/pulls/16599,https://api.github.com/repos/appium/appium/issues/16599,closed,2022-03-17,2022-03-17,2022-03-17,ad0814532b2761aa676f87048c4313f6fe713717
boneskull,https://api.github.com/repos/appium/appium/pulls/16597,https://api.github.com/repos/appium/appium/issues/16597,closed,2022-03-16,2022-06-15,2022-03-25,700f85898f40b7fa0260b43998063a26b6859c10
boneskull,https://api.github.com/repos/appium/appium/pulls/16596,https://api.github.com/repos/appium/appium/issues/16596,closed,2022-03-16,2022-06-15,2022-03-25,959496e385488568aeba1c3b9997ea2e98648cd2
boneskull,https://api.github.com/repos/appium/appium/pulls/16595,https://api.github.com/repos/appium/appium/issues/16595,closed,2022-03-16,2022-06-15,2022-03-25,80c3a75e97be8e1bbfcc324571ac1946b98be359
boneskull,https://api.github.com/repos/appium/appium/pulls/16594,https://api.github.com/repos/appium/appium/issues/16594,closed,2022-03-16,2022-06-15,2022-03-25,06a605420d761a830be267f0f96e12f4caa2c534
salih-g,https://api.github.com/repos/appium/appium/pulls/16591,https://api.github.com/repos/appium/appium/issues/16591,closed,2022-03-16,2022-03-17,2022-03-17,39c1b3732f531d27927b62d9c3985ba5c01120ea
renovate[bot],https://api.github.com/repos/appium/appium/pulls/16590,https://api.github.com/repos/appium/appium/issues/16590,closed,2022-03-16,2022-03-16,2022-03-16,3add8c09066c8e6ee9bde0597d86dd57ea7f83a6
renovate[bot],https://api.github.com/repos/appium/appium/pulls/16589,https://api.github.com/repos/appium/appium/issues/16589,closed,2022-03-16,2022-03-16,2022-03-16,11fb7c1a2eea3a2b8e014f18e177711a95545130
renovate[bot],https://api.github.com/repos/appium/appium/pulls/16587,https://api.github.com/repos/appium/appium/issues/16587,closed,2022-03-16,2022-03-16,2022-03-16,3648ed017b0b10c6ad91639573c05d51d643e727
renovate[bot],https://api.github.com/repos/appium/appium/pulls/16586,https://api.github.com/repos/appium/appium/issues/16586,closed,2022-03-16,2022-03-16,2022-03-16,297a30772528e21f23d226e753dc5aaf219f68ef
renovate[bot],https://api.github.com/repos/appium/appium/pulls/16585,https://api.github.com/repos/appium/appium/issues/16585,closed,2022-03-15,2022-03-16,2022-03-16,37c25e4546a88be5c89de876a9e5b14f52d1da25
renovate[bot],https://api.github.com/repos/appium/appium/pulls/16584,https://api.github.com/repos/appium/appium/issues/16584,closed,2022-03-15,2022-03-15,2022-03-15,1cc5a9e2cc99fb57bab05f2373eecc00e755486b
renovate[bot],https://api.github.com/repos/appium/appium/pulls/16582,https://api.github.com/repos/appium/appium/issues/16582,closed,2022-03-15,2022-03-15,2022-03-15,7b6159cf2f982ae90bf79fc0cbec7840c442a9be
renovate[bot],https://api.github.com/repos/appium/appium/pulls/16581,https://api.github.com/repos/appium/appium/issues/16581,closed,2022-03-15,2022-03-15,2022-03-15,28a14da729f704b5c51588c0a05c93138a28d134
renovate[bot],https://api.github.com/repos/appium/appium/pulls/16578,https://api.github.com/repos/appium/appium/issues/16578,closed,2022-03-14,2022-03-14,2022-03-14,54b1f5276a777acb6b1de3a2b9e1b56a9985f54b
renovate[bot],https://api.github.com/repos/appium/appium/pulls/16577,https://api.github.com/repos/appium/appium/issues/16577,closed,2022-03-14,2022-03-14,2022-03-14,8c3cca06e5a28912335761cc0eb98dbda0f75670
PMLehmann,https://api.github.com/repos/appium/appium/pulls/16576,https://api.github.com/repos/appium/appium/issues/16576,closed,2022-03-14,2022-03-28,2022-03-28,f3c0efe4665ebf1b49e4a70a190b5aeebd9282a4
renovate[bot],https://api.github.com/repos/appium/appium/pulls/16575,https://api.github.com/repos/appium/appium/issues/16575,closed,2022-03-14,2022-03-14,2022-03-14,84eb71fb0f8d4049e4bcb3419c5b35c9169c8849
renovate[bot],https://api.github.com/repos/appium/appium/pulls/16574,https://api.github.com/repos/appium/appium/issues/16574,closed,2022-03-14,2022-03-14,2022-03-14,d1e0043e372373006c3a4c1be0627fc45c64351e
renovate[bot],https://api.github.com/repos/appium/appium/pulls/16571,https://api.github.com/repos/appium/appium/issues/16571,closed,2022-03-13,2022-03-13,2022-03-13,b57115b2f01f9c0c8949ad0b799cc6ba1d830be3
renovate[bot],https://api.github.com/repos/appium/appium/pulls/16570,https://api.github.com/repos/appium/appium/issues/16570,closed,2022-03-13,2022-03-13,2022-03-13,3a6b3c77881560c5c1686a39b3d960c005c1b715
renovate[bot],https://api.github.com/repos/appium/appium/pulls/16569,https://api.github.com/repos/appium/appium/issues/16569,closed,2022-03-13,2022-03-13,2022-03-13,92d73597635f5d538fe2ed8342e79a29e1c7e8d5
renovate[bot],https://api.github.com/repos/appium/appium/pulls/16568,https://api.github.com/repos/appium/appium/issues/16568,closed,2022-03-13,2022-03-13,2022-03-13,9fc213aa7d5565305aacdc8df4d89fe4851bbb19
renovate[bot],https://api.github.com/repos/appium/appium/pulls/16566,https://api.github.com/repos/appium/appium/issues/16566,closed,2022-03-12,2022-03-12,2022-03-12,c5560ab238f0f55f8d040f43302cfa189c697d72
renovate[bot],https://api.github.com/repos/appium/appium/pulls/16565,https://api.github.com/repos/appium/appium/issues/16565,closed,2022-03-12,2022-03-12,2022-03-12,adcc2a28e9ffb48bd8c74f488196bca1a22a176d
renovate[bot],https://api.github.com/repos/appium/appium/pulls/16564,https://api.github.com/repos/appium/appium/issues/16564,closed,2022-03-12,2022-03-12,2022-03-12,94fe0f2ef8a6556fc2504f8dbce79a98bdc96b24
renovate[bot],https://api.github.com/repos/appium/appium/pulls/16563,https://api.github.com/repos/appium/appium/issues/16563,closed,2022-03-12,2022-03-12,2022-03-12,9608fd74af9f334ca306e13d0e4b8757148906ff
KazuCocoa,https://api.github.com/repos/appium/appium/pulls/16559,https://api.github.com/repos/appium/appium/issues/16559,closed,2022-03-11,2022-03-11,2022-03-11,eb378bf47e073c744de2c97cc46860555c367bd9
boneskull,https://api.github.com/repos/appium/appium/pulls/16553,https://api.github.com/repos/appium/appium/issues/16553,closed,2022-03-10,2022-06-16,2022-06-16,8bde0703ad0bf9f1b5166fc6f7de3fe79f4bb030
KazuCocoa,https://api.github.com/repos/appium/appium/pulls/16548,https://api.github.com/repos/appium/appium/issues/16548,closed,2022-03-10,2022-03-27,2022-03-10,2de0e383cc1d7403a22c86c9cedc1180e9c443b1
triager,https://api.github.com/repos/appium/appium/pulls/16547,https://api.github.com/repos/appium/appium/issues/16547,closed,2022-03-10,2022-03-10,2022-03-10,f9eca96dfaf7424c89ade704a467d353004a036c
KazuCocoa,https://api.github.com/repos/appium/appium/pulls/16546,https://api.github.com/repos/appium/appium/issues/16546,closed,2022-03-10,2022-03-10,2022-03-10,6968c92612b925107be7b252df21bc23f97393b1
boneskull,https://api.github.com/repos/appium/appium/pulls/16542,https://api.github.com/repos/appium/appium/issues/16542,closed,2022-03-10,2023-02-28,2022-03-10,4b9bfb35aabcdde80bb880ca85745e3acfa98b9a
boneskull,https://api.github.com/repos/appium/appium/pulls/16541,https://api.github.com/repos/appium/appium/issues/16541,closed,2022-03-10,2023-02-28,2022-03-10,3ce313ebb91e55c62124e29feebb46e2478fb025
boneskull,https://api.github.com/repos/appium/appium/pulls/16540,https://api.github.com/repos/appium/appium/issues/16540,closed,2022-03-09,2023-02-28,2022-03-10,c653d2cf3b0e36766522180dee5448d1591dc781
mykola-mokhnach,https://api.github.com/repos/appium/appium/pulls/16539,https://api.github.com/repos/appium/appium/issues/16539,closed,2022-03-09,2022-03-09,2022-03-09,16b2e8f14b44b824a4019f3be27c828962348e14
mykola-mokhnach,https://api.github.com/repos/appium/appium/pulls/16538,https://api.github.com/repos/appium/appium/issues/16538,closed,2022-03-09,2022-03-09,2022-03-09,493c48d190373e188f5a8a3c416ebddc6a17189b
KazuCocoa,https://api.github.com/repos/appium/appium/pulls/16532,https://api.github.com/repos/appium/appium/issues/16532,closed,2022-03-08,2022-03-08,2022-03-08,9daaaee36a1370442a1aa5a8046c022a1ed7d702
jlipps,https://api.github.com/repos/appium/appium/pulls/16530,https://api.github.com/repos/appium/appium/issues/16530,closed,2022-03-08,2022-03-08,2022-03-08,5abf85204614b47d2363097a5356f4bddf697352
Nyrox,https://api.github.com/repos/appium/appium/pulls/16524,https://api.github.com/repos/appium/appium/issues/16524,closed,2022-03-04,2022-06-15,,2983de82cd6aad8828bce4b901de481dafb31c31
KazuCocoa,https://api.github.com/repos/appium/appium/pulls/16522,https://api.github.com/repos/appium/appium/issues/16522,closed,2022-03-04,2022-03-08,2022-03-08,9e41fc210e4f3b161e7e3f5620001ab4fc569c21
KazuCocoa,https://api.github.com/repos/appium/appium/pulls/16508,https://api.github.com/repos/appium/appium/issues/16508,closed,2022-02-27,2022-03-27,2022-03-02,54819d9b200935c42cfa9ae3c97ebdc4c7a33138
triager,https://api.github.com/repos/appium/appium/pulls/16507,https://api.github.com/repos/appium/appium/issues/16507,closed,2022-02-26,2022-02-26,2022-02-26,f592577cdd22d44a4d6191415b61fffa486ff093
KazuCocoa,https://api.github.com/repos/appium/appium/pulls/16506,https://api.github.com/repos/appium/appium/issues/16506,closed,2022-02-26,2022-02-26,2022-02-26,b5d49f470e3fe97f2b76280effb01ea6a3245311
KazuCocoa,https://api.github.com/repos/appium/appium/pulls/16505,https://api.github.com/repos/appium/appium/issues/16505,closed,2022-02-26,2022-03-04,2022-03-04,ad08384e532e096c70e1d95ba120ddbe18a292ce
KazuCocoa,https://api.github.com/repos/appium/appium/pulls/16504,https://api.github.com/repos/appium/appium/issues/16504,closed,2022-02-26,2022-02-26,2022-02-26,f29272cab406c57636b11bb876d85f008bd73fc4
boneskull,https://api.github.com/repos/appium/appium/pulls/16499,https://api.github.com/repos/appium/appium/issues/16499,closed,2022-02-25,2022-05-03,,809c1e9e8c76fff9f243cd27c8b97980c8e1db3c
boneskull,https://api.github.com/repos/appium/appium/pulls/16496,https://api.github.com/repos/appium/appium/issues/16496,closed,2022-02-23,2022-03-07,2022-03-07,b5636cc6b86fdadb700967202309c978603a1a85
XuluWarrior,https://api.github.com/repos/appium/appium/pulls/16492,https://api.github.com/repos/appium/appium/issues/16492,closed,2022-02-23,2022-04-09,,82b5ad736a5e99dbf36f75633bc4dc663d418644
mykola-mokhnach,https://api.github.com/repos/appium/appium/pulls/16488,https://api.github.com/repos/appium/appium/issues/16488,closed,2022-02-23,2022-02-23,2022-02-23,3c7ac49478c234e071e421717cce8097f4b493a5
boneskull,https://api.github.com/repos/appium/appium/pulls/16487,https://api.github.com/repos/appium/appium/issues/16487,closed,2022-02-23,2022-03-02,2022-02-24,2e15c85f447dad6897412fa75cdfb571a2d06620
boneskull,https://api.github.com/repos/appium/appium/pulls/16485,https://api.github.com/repos/appium/appium/issues/16485,closed,2022-02-23,2022-03-03,2022-03-03,8ccf26fc727f6a70f8cc3ffec19f4bac1af69db1
boneskull,https://api.github.com/repos/appium/appium/pulls/16482,https://api.github.com/repos/appium/appium/issues/16482,closed,2022-02-22,2022-03-02,2022-02-25,fc526b5ac3f6ef14b0871b50f0edcf78d1a12237
mykola-mokhnach,https://api.github.com/repos/appium/appium/pulls/16478,https://api.github.com/repos/appium/appium/issues/16478,closed,2022-02-21,2022-02-23,2022-02-23,83493941eee36aadbe571e877d4a2dfeb2824580
XuluWarrior,https://api.github.com/repos/appium/appium/pulls/16477,https://api.github.com/repos/appium/appium/issues/16477,closed,2022-02-21,2022-02-22,,ca17172221ec0d62d19c8b5bcba6c0ab0ffb5580
KazuCocoa,https://api.github.com/repos/appium/appium/pulls/16473,https://api.github.com/repos/appium/appium/issues/16473,closed,2022-02-19,2022-02-21,2022-02-21,42e70d4775544d2ee9987e26a40f24f3e202e9a9
mykola-mokhnach,https://api.github.com/repos/appium/appium/pulls/16472,https://api.github.com/repos/appium/appium/issues/16472,closed,2022-02-19,2022-02-19,,cbaeec9a68d7362409b570af90d43c8478be2b41
mykola-mokhnach,https://api.github.com/repos/appium/appium/pulls/16471,https://api.github.com/repos/appium/appium/issues/16471,closed,2022-02-18,2022-02-18,2022-02-18,a8315f3f87862b3deeae90b4e21b133e9e3e78d5
jahmed2345,https://api.github.com/repos/appium/appium/pulls/16463,https://api.github.com/repos/appium/appium/issues/16463,closed,2022-02-16,2022-03-03,,c1403240e7c867978575d8f1e3ffca82c28dd6c4
jahmed23456,https://api.github.com/repos/appium/appium/pulls/16462,https://api.github.com/repos/appium/appium/issues/16462,closed,2022-02-16,2022-02-16,,d535ad7a2ddfecf9f341dd9e6bf65220b8a690a3
boneskull,https://api.github.com/repos/appium/appium/pulls/16459,https://api.github.com/repos/appium/appium/issues/16459,closed,2022-02-15,2022-03-03,2022-03-03,9da28eb8cad6e0353bf477e99c571506f5006e3f
boneskull,https://api.github.com/repos/appium/appium/pulls/16458,https://api.github.com/repos/appium/appium/issues/16458,closed,2022-02-15,2022-02-17,2022-02-17,79772d7a4faf64ed78dc49604d7b37e4ebcb834a
dependabot[bot],https://api.github.com/repos/appium/appium/pulls/16452,https://api.github.com/repos/appium/appium/issues/16452,closed,2022-02-15,2022-02-15,,b36c4925fa7635f8fd1872e698357b531d09320a
mykola-mokhnach,https://api.github.com/repos/appium/appium/pulls/16451,https://api.github.com/repos/appium/appium/issues/16451,closed,2022-02-15,2022-02-15,2022-02-15,aa3665aa91c7c12c4c2bda9c63f5b759e8a78853
dependabot[bot],https://api.github.com/repos/appium/appium/pulls/16450,https://api.github.com/repos/appium/appium/issues/16450,closed,2022-02-14,2022-02-15,,a73ed7629a1f001a6812390ce4fa278a399ca897
dependabot[bot],https://api.github.com/repos/appium/appium/pulls/16449,https://api.github.com/repos/appium/appium/issues/16449,closed,2022-02-14,2022-02-15,,083fbafcb923703deb733605c41987e5a8a0974e
dependabot[bot],https://api.github.com/repos/appium/appium/pulls/16448,https://api.github.com/repos/appium/appium/issues/16448,closed,2022-02-14,2022-02-15,,1785c473bfaf32a926011905c16610840c77c9f9
dependabot[bot],https://api.github.com/repos/appium/appium/pulls/16447,https://api.github.com/repos/appium/appium/issues/16447,closed,2022-02-14,2022-02-15,,c90dc24fdc0fdcdb9ada8fdc4010b1b8d1d2fe59
mykola-mokhnach,https://api.github.com/repos/appium/appium/pulls/16446,https://api.github.com/repos/appium/appium/issues/16446,closed,2022-02-14,2022-02-14,2022-02-14,1165269644f8151b31730e920d9576c05e8072f4
boneskull,https://api.github.com/repos/appium/appium/pulls/16443,https://api.github.com/repos/appium/appium/issues/16443,closed,2022-02-11,2023-02-28,2022-03-09,46942e0423224c5c143982036a2a21ac2b78be7a
dependabot[bot],https://api.github.com/repos/appium/appium/pulls/16441,https://api.github.com/repos/appium/appium/issues/16441,closed,2022-02-11,2022-02-11,,b247ffe0cbbd189be16d35d7cc2015296f5a0cad
dependabot[bot],https://api.github.com/repos/appium/appium/pulls/16438,https://api.github.com/repos/appium/appium/issues/16438,closed,2022-02-10,2022-02-15,,b2358ab9b89181c4aefc2a7727cc56603c926084
dependabot[bot],https://api.github.com/repos/appium/appium/pulls/16437,https://api.github.com/repos/appium/appium/issues/16437,closed,2022-02-10,2022-02-11,,964bdcf77cfe2456c9f05ff6baeacf5210972d6f
mykola-mokhnach,https://api.github.com/repos/appium/appium/pulls/16431,https://api.github.com/repos/appium/appium/issues/16431,closed,2022-02-09,2022-02-10,2022-02-10,632b75227c3bebbc6d01b6729039ec7a9916e7aa
dependabot[bot],https://api.github.com/repos/appium/appium/pulls/16429,https://api.github.com/repos/appium/appium/issues/16429,closed,2022-02-09,2022-02-09,,53f62171529bb6c929be0777cbece671271557a6
dependabot[bot],https://api.github.com/repos/appium/appium/pulls/16426,https://api.github.com/repos/appium/appium/issues/16426,closed,2022-02-08,2022-02-09,,47f33e09b3ce679c4a65f2b85b27bee57bd74d4e
mykola-mokhnach,https://api.github.com/repos/appium/appium/pulls/16420,https://api.github.com/repos/appium/appium/issues/16420,closed,2022-02-07,2022-02-09,2022-02-09,a881ae992abfddcdb9fd27d699ce8b824847ed47
dependabot[bot],https://api.github.com/repos/appium/appium/pulls/16415,https://api.github.com/repos/appium/appium/issues/16415,closed,2022-02-07,2022-02-07,,2428efc0cd222087243a56075ad1e6265519ba7b
dependabot[bot],https://api.github.com/repos/appium/appium/pulls/16414,https://api.github.com/repos/appium/appium/issues/16414,closed,2022-02-07,2022-02-07,,0a8ae66def06872546f7ff7d7b350b592dc808ab
mykola-mokhnach,https://api.github.com/repos/appium/appium/pulls/16408,https://api.github.com/repos/appium/appium/issues/16408,closed,2022-02-03,2022-02-09,2022-02-07,ed50a38657f51899dbef283d576559129dfadeb8
dependabot[bot],https://api.github.com/repos/appium/appium/pulls/16406,https://api.github.com/repos/appium/appium/issues/16406,closed,2022-02-03,2022-02-07,,42c887aebc15a7ff1893501ca1fecfb0374b992b
dependabot[bot],https://api.github.com/repos/appium/appium/pulls/16400,https://api.github.com/repos/appium/appium/issues/16400,closed,2022-02-02,2022-02-15,,defd8dcf30892d6b7e2f2ea17fbd98b95c4084a3
dependabot[bot],https://api.github.com/repos/appium/appium/pulls/16397,https://api.github.com/repos/appium/appium/issues/16397,closed,2022-01-31,2022-02-02,,77f368eb7c3e086432656dd32bef1e946c35dc52
OrestKavnyi,https://api.github.com/repos/appium/appium/pulls/16393,https://api.github.com/repos/appium/appium/issues/16393,closed,2022-01-30,2022-03-19,,1998e29011f1b8b28c02a216119d17363f77d888
alaahong,https://api.github.com/repos/appium/appium/pulls/16392,https://api.github.com/repos/appium/appium/issues/16392,closed,2022-01-30,2022-02-04,2022-02-04,4caf92338e9893a25d5f9c2ee0a13758b175d2ca
dependabot[bot],https://api.github.com/repos/appium/appium/pulls/16383,https://api.github.com/repos/appium/appium/issues/16383,closed,2022-01-27,2022-02-07,,733f1520964a2f3242af098b4a7e6d4ec318b950
dependabot[bot],https://api.github.com/repos/appium/appium/pulls/16375,https://api.github.com/repos/appium/appium/issues/16375,closed,2022-01-26,2022-02-07,,af89f1e79cbacbce4f0aa60c83ad9b708227ebbd
dependabot[bot],https://api.github.com/repos/appium/appium/pulls/16374,https://api.github.com/repos/appium/appium/issues/16374,closed,2022-01-26,2022-02-07,,00eca195fcd3cd08d97189931081ee093068cf18
dependabot[bot],https://api.github.com/repos/appium/appium/pulls/16369,https://api.github.com/repos/appium/appium/issues/16369,closed,2022-01-25,2022-01-25,,93fa554d5d344bd7fdf777d795be4daa0b911ffe
KazuCocoa,https://api.github.com/repos/appium/appium/pulls/16368,https://api.github.com/repos/appium/appium/issues/16368,closed,2022-01-25,2022-02-09,2022-02-09,5aae1ae8a70495f4b2ff230b0881acb5b7b59d76
dependabot[bot],https://api.github.com/repos/appium/appium/pulls/16366,https://api.github.com/repos/appium/appium/issues/16366,closed,2022-01-24,2022-02-07,,2b8fdbe5feecd446a8a84f6836180a28194cc40e
dependabot[bot],https://api.github.com/repos/appium/appium/pulls/16365,https://api.github.com/repos/appium/appium/issues/16365,closed,2022-01-24,2022-02-15,,63fc0473593cd5a04e2987abcd94d3bee0866012
dependabot[bot],https://api.github.com/repos/appium/appium/pulls/16364,https://api.github.com/repos/appium/appium/issues/16364,closed,2022-01-24,2022-02-15,,d4c8c5208b05a82467f48ea72dd9b3634b4954a6
jlipps,https://api.github.com/repos/appium/appium/pulls/16360,https://api.github.com/repos/appium/appium/issues/16360,closed,2022-01-21,2022-01-22,2022-01-21,555b93bf55959f117f0bb35f6f24ae4a96e9dc5d
boneskull,https://api.github.com/repos/appium/appium/pulls/16353,https://api.github.com/repos/appium/appium/issues/16353,closed,2022-01-19,2023-02-28,2022-01-20,7470ed00b2a8a8ebc39d62184a6ba5819b22f264
dependabot[bot],https://api.github.com/repos/appium/appium/pulls/16348,https://api.github.com/repos/appium/appium/issues/16348,closed,2022-01-18,2022-01-18,,e72949c3862bf2bfd77d190cbc4d95f6865c8601
dependabot[bot],https://api.github.com/repos/appium/appium/pulls/16344,https://api.github.com/repos/appium/appium/issues/16344,closed,2022-01-17,2022-01-26,,a86af79ef5cdd9c7ca50511fc5d59268432c4f73
dependabot[bot],https://api.github.com/repos/appium/appium/pulls/16343,https://api.github.com/repos/appium/appium/issues/16343,closed,2022-01-17,2022-01-24,,941a596f1810e0efcf6641d90af0423daa1b8533
dependabot[bot],https://api.github.com/repos/appium/appium/pulls/16342,https://api.github.com/repos/appium/appium/issues/16342,closed,2022-01-17,2022-01-24,,045e7c542f01b9de855dbf7ed77d98ab31d05cc5
jlipps,https://api.github.com/repos/appium/appium/pulls/16339,https://api.github.com/repos/appium/appium/issues/16339,closed,2022-01-14,2022-01-21,,3884a176c4d0b5569db8102bd6fc0a9474dfef16
KazuCocoa,https://api.github.com/repos/appium/appium/pulls/16338,https://api.github.com/repos/appium/appium/issues/16338,closed,2022-01-14,2022-01-14,2022-01-14,8d8b9e8be2643274888f5282b84d2951eb6cee3e
KazuCocoa,https://api.github.com/repos/appium/appium/pulls/16335,https://api.github.com/repos/appium/appium/issues/16335,closed,2022-01-14,2022-01-14,2022-01-14,703911dc2acb0c488b422be3d3b820855f654e9d
dependabot[bot],https://api.github.com/repos/appium/appium/pulls/16330,https://api.github.com/repos/appium/appium/issues/16330,closed,2022-01-11,2022-01-11,,6a9cd3e0a7eb6c675be308d128b300737a24a4cf
jlipps,https://api.github.com/repos/appium/appium/pulls/16327,https://api.github.com/repos/appium/appium/issues/16327,closed,2022-01-11,2022-01-11,2022-01-11,7d8d547fbd5f234922a38c79239391c83d48aa5b
dependabot[bot],https://api.github.com/repos/appium/appium/pulls/16320,https://api.github.com/repos/appium/appium/issues/16320,closed,2022-01-10,2022-02-15,,9f5d473d30748631b51a293ee8c8a2bf6538852f
mykola-mokhnach,https://api.github.com/repos/appium/appium/pulls/16318,https://api.github.com/repos/appium/appium/issues/16318,closed,2022-01-10,2022-01-10,2022-01-10,53bb07c9af684fb865094f064255b96f5a605694
mykola-mokhnach,https://api.github.com/repos/appium/appium/pulls/16317,https://api.github.com/repos/appium/appium/issues/16317,closed,2022-01-10,2022-01-11,2022-01-11,40a6f054dca3d94fc88773af9c6336ba12ebfb81
SIGSTACKFAULT,https://api.github.com/repos/appium/appium/pulls/16312,https://api.github.com/repos/appium/appium/issues/16312,closed,2022-01-07,2022-02-11,2022-02-11,1ee8b77d75f17213d0411cf1768dd02883d228a6
dependabot[bot],https://api.github.com/repos/appium/appium/pulls/16307,https://api.github.com/repos/appium/appium/issues/16307,closed,2022-01-06,2022-01-07,2022-01-07,7b5a0a8f67d7d78c64d5694b7810c5932acc6c24
jlipps,https://api.github.com/repos/appium/appium/pulls/16303,https://api.github.com/repos/appium/appium/issues/16303,closed,2022-01-05,2022-02-04,,e75f3a64bde4497fcc32412f3bc80d221c8f2101
dependabot[bot],https://api.github.com/repos/appium/appium/pulls/16300,https://api.github.com/repos/appium/appium/issues/16300,closed,2022-01-05,2022-01-06,,9f11627c45cf43e202ba971d9e9e181935d9824d
triager,https://api.github.com/repos/appium/appium/pulls/16290,https://api.github.com/repos/appium/appium/issues/16290,closed,2021-12-31,2021-12-31,2021-12-31,83a09acf9a381d6bc19af32378533abbda84b985
KazuCocoa,https://api.github.com/repos/appium/appium/pulls/16289,https://api.github.com/repos/appium/appium/issues/16289,closed,2021-12-31,2021-12-31,2021-12-31,23db9cccec3362ad22f7fd032604644f9517bd10
KazuCocoa,https://api.github.com/repos/appium/appium/pulls/16288,https://api.github.com/repos/appium/appium/issues/16288,closed,2021-12-31,2021-12-31,2021-12-31,508480e5068eb02dd7cae6213dc17668e7c4bade
KazuCocoa,https://api.github.com/repos/appium/appium/pulls/16283,https://api.github.com/repos/appium/appium/issues/16283,closed,2021-12-29,2021-12-30,2021-12-30,eb500e70d00b083c8d662e8a2c5c3d14a1ea360d
triager,https://api.github.com/repos/appium/appium/pulls/16276,https://api.github.com/repos/appium/appium/issues/16276,closed,2021-12-26,2021-12-26,2021-12-26,501eebe7138c2803934c4dbab5ece475e144c876
KazuCocoa,https://api.github.com/repos/appium/appium/pulls/16275,https://api.github.com/repos/appium/appium/issues/16275,closed,2021-12-26,2021-12-26,2021-12-26,346cfb0048ad2cb2588d1f82e1f432e003945405
KazuCocoa,https://api.github.com/repos/appium/appium/pulls/16256,https://api.github.com/repos/appium/appium/issues/16256,closed,2021-12-16,2021-12-23,2021-12-23,904798c40258d667b5ee932207a00d5000954d90
KazuCocoa,https://api.github.com/repos/appium/appium/pulls/16254,https://api.github.com/repos/appium/appium/issues/16254,closed,2021-12-16,2021-12-17,2021-12-17,e300698af35178adfe73c1cf918d410ab05ea3cf
KazuCocoa,https://api.github.com/repos/appium/appium/pulls/16253,https://api.github.com/repos/appium/appium/issues/16253,closed,2021-12-16,2021-12-16,2021-12-16,0a144678ebf6aca530eb63dba76728c15303fa5a
bardcrack,https://api.github.com/repos/appium/appium/pulls/16252,https://api.github.com/repos/appium/appium/issues/16252,closed,2021-12-15,2021-12-16,2021-12-16,23152765238d0622fa6e31c21e26fb9c0176ea3b
KazuCocoa,https://api.github.com/repos/appium/appium/pulls/16241,https://api.github.com/repos/appium/appium/issues/16241,closed,2021-12-11,2021-12-11,2021-12-11,c1fc51ee3312f6a6bf15678df5182737580e6fb9
renovate[bot],https://api.github.com/repos/appium/appium/pulls/16226,https://api.github.com/repos/appium/appium/issues/16226,closed,2021-12-08,2022-03-10,,05a27d6b153640665fc9569ae9a93197af38cb62
renovate[bot],https://api.github.com/repos/appium/appium/pulls/16225,https://api.github.com/repos/appium/appium/issues/16225,closed,2021-12-08,2021-12-08,2021-12-08,bc86e2800e40f5ae133ca72b4c9b43a462400c0e
eltociear,https://api.github.com/repos/appium/appium/pulls/16224,https://api.github.com/repos/appium/appium/issues/16224,closed,2021-12-07,2021-12-08,2021-12-08,73dd44cf96cba35a9c011fc1891dfdbd0cc00bb2
renovate[bot],https://api.github.com/repos/appium/appium/pulls/16221,https://api.github.com/repos/appium/appium/issues/16221,closed,2021-12-07,2021-12-07,2021-12-07,25087c3ee08d810605aedb60a622d280242886c7
baltpeter,https://api.github.com/repos/appium/appium/pulls/16215,https://api.github.com/repos/appium/appium/issues/16215,closed,2021-12-06,2021-12-07,2021-12-07,44985b2817b724c952205a92e5e683c49ee47a7b
KazuCocoa,https://api.github.com/repos/appium/appium/pulls/16214,https://api.github.com/repos/appium/appium/issues/16214,closed,2021-12-06,2021-12-07,2021-12-07,8b7941c4343c91639486451eb0762988e1308297
boneskull,https://api.github.com/repos/appium/appium/pulls/16207,https://api.github.com/repos/appium/appium/issues/16207,closed,2021-12-04,2021-12-14,2021-12-14,af96879cfdbbe40773182c29a49fbf2f3cf7e233
renovate[bot],https://api.github.com/repos/appium/appium/pulls/16195,https://api.github.com/repos/appium/appium/issues/16195,closed,2021-12-02,2021-12-02,2021-12-02,86e5dc304e2df6dfaefd52c6791d51bd7910c74a
boneskull,https://api.github.com/repos/appium/appium/pulls/16194,https://api.github.com/repos/appium/appium/issues/16194,closed,2021-12-01,2021-12-03,2021-12-03,e074fee89f90a654407d01d3f3aea6b839bbf24f
KazuCocoa,https://api.github.com/repos/appium/appium/pulls/16193,https://api.github.com/repos/appium/appium/issues/16193,closed,2021-12-01,2021-12-11,2021-12-11,9a85a41b9e134949ed5743ccdcf6bd83ee11df14
renovate[bot],https://api.github.com/repos/appium/appium/pulls/16191,https://api.github.com/repos/appium/appium/issues/16191,closed,2021-12-01,2021-12-01,2021-12-01,0db3ec49f8961fc24066fc2eb1844b35dd5c8afd
renovate[bot],https://api.github.com/repos/appium/appium/pulls/16190,https://api.github.com/repos/appium/appium/issues/16190,closed,2021-12-01,2021-12-01,2021-12-01,62f18948388365b4af014405d5a0aa88efd4b481
renovate[bot],https://api.github.com/repos/appium/appium/pulls/16189,https://api.github.com/repos/appium/appium/issues/16189,closed,2021-12-01,2021-12-01,2021-12-01,80e77e2681f385df1c9808c44b1d1b0476fa89c7
renovate[bot],https://api.github.com/repos/appium/appium/pulls/16188,https://api.github.com/repos/appium/appium/issues/16188,closed,2021-12-01,2021-12-01,2021-12-01,eafd06fa5a3e1de65d0be7f31fe11c7a2cf55ab6
renovate[bot],https://api.github.com/repos/appium/appium/pulls/16183,https://api.github.com/repos/appium/appium/issues/16183,closed,2021-11-30,2021-11-30,2021-11-30,1e4c3e6f6d911d61cfa8033c666dc06295b4270a
mykola-mokhnach,https://api.github.com/repos/appium/appium/pulls/16182,https://api.github.com/repos/appium/appium/issues/16182,closed,2021-11-30,2021-11-30,2021-11-30,e9472043513579725ba74884bcee245ca3b65a25
boneskull,https://api.github.com/repos/appium/appium/pulls/16181,https://api.github.com/repos/appium/appium/issues/16181,closed,2021-11-30,2021-12-03,2021-12-03,20d95e45313fc6aac30a2cf7b8f7bef156a17851
jlipps,https://api.github.com/repos/appium/appium/pulls/16180,https://api.github.com/repos/appium/appium/issues/16180,closed,2021-11-29,2021-12-01,2021-12-01,f51094157d7461705552829b7995f92b3fae1907
jlipps,https://api.github.com/repos/appium/appium/pulls/16179,https://api.github.com/repos/appium/appium/issues/16179,closed,2021-11-29,2021-12-01,2021-12-01,7b3893a36202018de7c2124c2028bfbbd8a9d7fd
mykola-mokhnach,https://api.github.com/repos/appium/appium/pulls/16175,https://api.github.com/repos/appium/appium/issues/16175,closed,2021-11-29,2021-11-29,2021-11-29,07887b7c1817b2f798d6bb9a14c3963772e7d8b1
KazuCocoa,https://api.github.com/repos/appium/appium/pulls/16174,https://api.github.com/repos/appium/appium/issues/16174,closed,2021-11-29,2021-11-29,2021-11-29,b9d42c2e778972bb04d7f4330abc086d5cccf71a
KazuCocoa,https://api.github.com/repos/appium/appium/pulls/16171,https://api.github.com/repos/appium/appium/issues/16171,closed,2021-11-28,2021-11-29,2021-11-29,e7801b60e146d0838d2fe2e40f92550dc44bbfaa
KazuCocoa,https://api.github.com/repos/appium/appium/pulls/16170,https://api.github.com/repos/appium/appium/issues/16170,closed,2021-11-28,2021-11-29,2021-11-29,39fe6e0cf66ef7708cc25a8427dbca8e6853e207
mykola-mokhnach,https://api.github.com/repos/appium/appium/pulls/16169,https://api.github.com/repos/appium/appium/issues/16169,closed,2021-11-28,2021-11-29,2021-11-29,daed9be7503a8ee6be3cbfc5189f9ef9e6523305
mykola-mokhnach,https://api.github.com/repos/appium/appium/pulls/16168,https://api.github.com/repos/appium/appium/issues/16168,closed,2021-11-28,2021-12-15,2021-12-15,d69fc6002c4b241c162be0538e92486e78029c95
renovate[bot],https://api.github.com/repos/appium/appium/pulls/16164,https://api.github.com/repos/appium/appium/issues/16164,closed,2021-11-25,2021-11-25,2021-11-25,58d408550f6d361eb7e7ebffb9a359747790cee9
renovate[bot],https://api.github.com/repos/appium/appium/pulls/16160,https://api.github.com/repos/appium/appium/issues/16160,closed,2021-11-24,2021-11-24,2021-11-24,c03d98b4ee0e5678853aa33186044e8b491c9bb5
renovate[bot],https://api.github.com/repos/appium/appium/pulls/16159,https://api.github.com/repos/appium/appium/issues/16159,closed,2021-11-24,2021-11-24,2021-11-24,618f4ebb87f3ea291611df18e5d2931c398c648b
boneskull,https://api.github.com/repos/appium/appium/pulls/16158,https://api.github.com/repos/appium/appium/issues/16158,closed,2021-11-23,2023-02-28,2021-11-29,88e351fc2da682bb4c8607259e001ed7e0f5d964
boneskull,https://api.github.com/repos/appium/appium/pulls/16157,https://api.github.com/repos/appium/appium/issues/16157,closed,2021-11-23,2021-12-06,2021-11-23,74a5911515f6c50f71fe6f18ddaa4f4fd2ed6d43
renovate[bot],https://api.github.com/repos/appium/appium/pulls/16153,https://api.github.com/repos/appium/appium/issues/16153,closed,2021-11-23,2021-11-23,2021-11-23,5df02abe0a657c983e7bb23a3f4e51a334dbb739
renovate[bot],https://api.github.com/repos/appium/appium/pulls/16151,https://api.github.com/repos/appium/appium/issues/16151,closed,2021-11-23,2021-11-23,2021-11-23,3e61d937690071960191cc1f4b56936676dc7ab7
KazuCocoa,https://api.github.com/repos/appium/appium/pulls/16150,https://api.github.com/repos/appium/appium/issues/16150,closed,2021-11-23,2021-12-11,2021-12-11,6bc62cbf3761a0e9a262763a84a5095fd85c5130
renovate[bot],https://api.github.com/repos/appium/appium/pulls/16144,https://api.github.com/repos/appium/appium/issues/16144,closed,2021-11-22,2021-11-22,2021-11-22,254923b4719d93da55904dce6d100cb758b1a127
renovate[bot],https://api.github.com/repos/appium/appium/pulls/16138,https://api.github.com/repos/appium/appium/issues/16138,closed,2021-11-20,2021-11-20,2021-11-20,9e75670035a492415f3c379362e91b9cf752c213
jlipps,https://api.github.com/repos/appium/appium/pulls/16137,https://api.github.com/repos/appium/appium/issues/16137,closed,2021-11-19,2021-11-23,2021-11-23,0e7b19aabe28aaa6d95f02d56e039c698a8753ac
boneskull,https://api.github.com/repos/appium/appium/pulls/16135,https://api.github.com/repos/appium/appium/issues/16135,closed,2021-11-19,2021-11-22,2021-11-22,cfa7f003b8f1bbc75920bf5ba7f3dee32e40d82d
boneskull,https://api.github.com/repos/appium/appium/pulls/16134,https://api.github.com/repos/appium/appium/issues/16134,closed,2021-11-19,2021-11-22,2021-11-22,5a2b981fb7a8de5ea6c98c807bd03307cfa12357
renovate[bot],https://api.github.com/repos/appium/appium/pulls/16131,https://api.github.com/repos/appium/appium/issues/16131,closed,2021-11-19,2021-11-19,2021-11-19,894a5928ac211744b3c776d9d02d3fd0a46541e9
renovate[bot],https://api.github.com/repos/appium/appium/pulls/16129,https://api.github.com/repos/appium/appium/issues/16129,closed,2021-11-19,2021-11-19,2021-11-19,4aa28b0635bb0158b9ce93d312c89167e12da071
boneskull,https://api.github.com/repos/appium/appium/pulls/16126,https://api.github.com/repos/appium/appium/issues/16126,closed,2021-11-18,2022-02-23,,2d0fa1f8e77c2e3c2fa299965ee09e410d6cc386
KazuCocoa,https://api.github.com/repos/appium/appium/pulls/16119,https://api.github.com/repos/appium/appium/issues/16119,closed,2021-11-18,2021-11-18,2021-11-18,3f7bed69fd476aec951eadd9f86399ac45cac5b0
boneskull,https://api.github.com/repos/appium/appium/pulls/16118,https://api.github.com/repos/appium/appium/issues/16118,closed,2021-11-18,2023-02-28,2021-11-18,91c3ff7f19ba0d588270ed1e176ed610001aaeea
boneskull,https://api.github.com/repos/appium/appium/pulls/16117,https://api.github.com/repos/appium/appium/issues/16117,closed,2021-11-17,2021-11-18,2021-11-18,46a2041fbdc80b6210d0214a4d9fb71312d57e1b
renovate[bot],https://api.github.com/repos/appium/appium/pulls/16115,https://api.github.com/repos/appium/appium/issues/16115,closed,2021-11-17,2021-11-17,2021-11-17,a237dff45c843367a3a2d33b1f25a158dcd3cf94
dependabot[bot],https://api.github.com/repos/appium/appium/pulls/16114,https://api.github.com/repos/appium/appium/issues/16114,closed,2021-11-17,2022-02-10,,76b8a47e3e09fddba2bb838fec9ec13b6a070a6c
renovate[bot],https://api.github.com/repos/appium/appium/pulls/16113,https://api.github.com/repos/appium/appium/issues/16113,closed,2021-11-17,2022-03-10,2022-03-10,0f0616523eb856a9d173e9cfbfa2bc1dfb8da846
renovate[bot],https://api.github.com/repos/appium/appium/pulls/16112,https://api.github.com/repos/appium/appium/issues/16112,closed,2021-11-17,2021-11-17,2021-11-17,c17a9e4ede9289c558adf55068fc57e9898b7973
renovate[bot],https://api.github.com/repos/appium/appium/pulls/16111,https://api.github.com/repos/appium/appium/issues/16111,closed,2021-11-17,2021-11-17,2021-11-17,9ad8eb3b3acbaba5a31963e127fe2d92af9c50b9
jlipps,https://api.github.com/repos/appium/appium/pulls/16110,https://api.github.com/repos/appium/appium/issues/16110,closed,2021-11-16,2021-11-16,2021-11-16,7fa14c2082c5d8905a010d1e15eecca79199a641
jlipps,https://api.github.com/repos/appium/appium/pulls/16108,https://api.github.com/repos/appium/appium/issues/16108,closed,2021-11-16,2021-11-17,2021-11-17,00f578dedb21a6da9ca8e8bd466a7d7c8fa8e4ba
KazuCocoa,https://api.github.com/repos/appium/appium/pulls/16105,https://api.github.com/repos/appium/appium/issues/16105,closed,2021-11-16,2021-11-16,2021-11-16,e7ea40a656b6332dbee9b02d4f539befbd10dff6
boneskull,https://api.github.com/repos/appium/appium/pulls/16100,https://api.github.com/repos/appium/appium/issues/16100,closed,2021-11-15,2021-11-15,,83c785fe62f11f882431055bcd4d977392066847
boneskull,https://api.github.com/repos/appium/appium/pulls/16099,https://api.github.com/repos/appium/appium/issues/16099,closed,2021-11-15,2021-11-15,,
boneskull,https://api.github.com/repos/appium/appium/pulls/16098,https://api.github.com/repos/appium/appium/issues/16098,closed,2021-11-15,2021-11-15,2021-11-15,a56cba0b03849742487db6da4e69dd6cd780edbe
KazuCocoa,https://api.github.com/repos/appium/appium/pulls/16095,https://api.github.com/repos/appium/appium/issues/16095,closed,2021-11-15,2021-11-16,,a04ad895176f61e12de8120d87844f7347335dd4
renovate[bot],https://api.github.com/repos/appium/appium/pulls/16093,https://api.github.com/repos/appium/appium/issues/16093,closed,2021-11-14,2022-02-24,2022-02-24,2ed1fa8abc7e3b91803b22accf17591689de8353
renovate[bot],https://api.github.com/repos/appium/appium/pulls/16092,https://api.github.com/repos/appium/appium/issues/16092,closed,2021-11-14,2021-11-14,2021-11-14,f5ef3230ebe4e81b4ac9aa0ba495ab9c77b81672
KazuCocoa,https://api.github.com/repos/appium/appium/pulls/16090,https://api.github.com/repos/appium/appium/issues/16090,closed,2021-11-13,2021-11-18,2021-11-18,6c5577778a0565053671ea8790614fe318bcb4cb
boneskull,https://api.github.com/repos/appium/appium/pulls/16088,https://api.github.com/repos/appium/appium/issues/16088,closed,2021-11-12,2021-12-03,2021-12-03,ab9e2458ee21c33c901c63390b0257b08b5d4d7e
boneskull,https://api.github.com/repos/appium/appium/pulls/16087,https://api.github.com/repos/appium/appium/issues/16087,closed,2021-11-12,2021-11-12,2021-11-12,7052bd2f074b23acb8374f162f5e60db1e5046ff
renovate[bot],https://api.github.com/repos/appium/appium/pulls/16084,https://api.github.com/repos/appium/appium/issues/16084,closed,2021-11-12,2021-11-12,2021-11-12,27a248835db17e79762ad21f6bce25bcb5700342
renovate[bot],https://api.github.com/repos/appium/appium/pulls/16083,https://api.github.com/repos/appium/appium/issues/16083,closed,2021-11-12,2021-11-12,2021-11-12,3c14756835e6fbfbbf63d523b5b34f996e470fea
KazuCocoa,https://api.github.com/repos/appium/appium/pulls/16082,https://api.github.com/repos/appium/appium/issues/16082,closed,2021-11-12,2021-11-13,2021-11-13,1307b2554a3a4ad0b9c78b7597ba5b07a0d32e10
JampaUchoa,https://api.github.com/repos/appium/appium/pulls/16081,https://api.github.com/repos/appium/appium/issues/16081,closed,2021-11-12,2022-12-04,,da3a04b910bcff1bc9e94962b5d7e56bf9453982
boneskull,https://api.github.com/repos/appium/appium/pulls/16080,https://api.github.com/repos/appium/appium/issues/16080,closed,2021-11-12,2021-11-18,2021-11-18,0b4f714549576583d8018b0f75878f14d7781e93
renovate[bot],https://api.github.com/repos/appium/appium/pulls/16077,https://api.github.com/repos/appium/appium/issues/16077,closed,2021-11-11,2021-11-11,2021-11-11,4338bb8830b00f69aa3bfa12665b52758b8d8542
renovate[bot],https://api.github.com/repos/appium/appium/pulls/16076,https://api.github.com/repos/appium/appium/issues/16076,closed,2021-11-11,2022-03-10,2022-03-10,b4b4204818e5b265d2c0745cdb2ca7109d50e114
renovate[bot],https://api.github.com/repos/appium/appium/pulls/16075,https://api.github.com/repos/appium/appium/issues/16075,closed,2021-11-11,2021-11-11,2021-11-11,3cc5a4d3a193502c8e52a46c903c58d7cc4c47bc
boneskull,https://api.github.com/repos/appium/appium/pulls/16072,https://api.github.com/repos/appium/appium/issues/16072,closed,2021-11-10,2021-11-11,2021-11-11,e951010055118f6be1614abe40f5701daacb441c
boneskull,https://api.github.com/repos/appium/appium/pulls/16071,https://api.github.com/repos/appium/appium/issues/16071,closed,2021-11-10,2021-11-10,2021-11-10,7381a13da3e76f7051639d3ab2ba376fbb625e80
renovate[bot],https://api.github.com/repos/appium/appium/pulls/16070,https://api.github.com/repos/appium/appium/issues/16070,closed,2021-11-10,2021-11-11,2021-11-11,7eff3c9fe7d6c95b83f1307ba8f5818b66f55a9e
renovate[bot],https://api.github.com/repos/appium/appium/pulls/16069,https://api.github.com/repos/appium/appium/issues/16069,closed,2021-11-10,2021-11-10,2021-11-10,47b9f0406fb220074728d49a0d15a9fe8c86ce7e
renovate[bot],https://api.github.com/repos/appium/appium/pulls/16068,https://api.github.com/repos/appium/appium/issues/16068,closed,2021-11-10,2021-11-11,2021-11-11,6bdb7a045c6537638393032b016de8f2d1f11e8d
renovate[bot],https://api.github.com/repos/appium/appium/pulls/16067,https://api.github.com/repos/appium/appium/issues/16067,closed,2021-11-10,2021-11-10,2021-11-10,02bfd740218e12a00a22f1dc9d651557bf31c97b
renovate[bot],https://api.github.com/repos/appium/appium/pulls/16066,https://api.github.com/repos/appium/appium/issues/16066,closed,2021-11-10,2021-11-10,2021-11-10,701a9aee33838a730bfd678c93b09ac406581bf4
renovate[bot],https://api.github.com/repos/appium/appium/pulls/16065,https://api.github.com/repos/appium/appium/issues/16065,closed,2021-11-10,2021-11-10,2021-11-10,69ef7520b0a54ad04e62a8dddd755dd1071e560c
renovate[bot],https://api.github.com/repos/appium/appium/pulls/16064,https://api.github.com/repos/appium/appium/issues/16064,closed,2021-11-10,2021-11-10,2021-11-10,cc315a944e1bee5429bce7820102b1e8f54b2c93
renovate[bot],https://api.github.com/repos/appium/appium/pulls/16063,https://api.github.com/repos/appium/appium/issues/16063,closed,2021-11-10,2021-11-10,2021-11-10,f4cf4db4cca0681e99bbccca066a54968b275e21
jlipps,https://api.github.com/repos/appium/appium/pulls/16059,https://api.github.com/repos/appium/appium/issues/16059,closed,2021-11-09,2021-11-13,2021-11-13,5b9a4c2ffac42baa1b556242517ff1a7c68f74f7
boneskull,https://api.github.com/repos/appium/appium/pulls/16058,https://api.github.com/repos/appium/appium/issues/16058,closed,2021-11-09,2021-11-09,2021-11-09,9a5ad9350f2f2135a5f5841f3a330a97802893fa
renovate[bot],https://api.github.com/repos/appium/appium/pulls/16055,https://api.github.com/repos/appium/appium/issues/16055,closed,2021-11-09,2021-11-10,2021-11-10,d53cbcfbf6de5d1faf1d8cea0b1c4d2a5b0037c3
boneskull,https://api.github.com/repos/appium/appium/pulls/16052,https://api.github.com/repos/appium/appium/issues/16052,closed,2021-11-08,2023-11-25,,a962248b75c836095cf05786b714334eae69b660
triager,https://api.github.com/repos/appium/appium/pulls/16047,https://api.github.com/repos/appium/appium/issues/16047,closed,2021-11-06,2021-11-07,2021-11-07,2680294008ad401cd862edaef59152b3631812e2
KazuCocoa,https://api.github.com/repos/appium/appium/pulls/16046,https://api.github.com/repos/appium/appium/issues/16046,closed,2021-11-06,2021-11-06,2021-11-06,250969e1b07bbf54a4551dfb634c9a60221b2f9b
dependabot[bot],https://api.github.com/repos/appium/appium/pulls/16042,https://api.github.com/repos/appium/appium/issues/16042,closed,2021-11-05,2022-01-31,,2933677c5f4dcae55387f2f079791ab0728aec8c
dependabot[bot],https://api.github.com/repos/appium/appium/pulls/16040,https://api.github.com/repos/appium/appium/issues/16040,closed,2021-11-04,2021-11-05,,0e4acfbabe7da202253dd8d5e3327c32391182d5
renovate[bot],https://api.github.com/repos/appium/appium/pulls/16038,https://api.github.com/repos/appium/appium/issues/16038,closed,2021-11-04,2021-11-10,2021-11-10,3929592e6d38fe956f34fed2292466ddac531ae4
KazuCocoa,https://api.github.com/repos/appium/appium/pulls/16029,https://api.github.com/repos/appium/appium/issues/16029,closed,2021-10-31,2021-11-01,2021-11-01,b5f24ffa35d79e2246e3fd59260df19755924901
renovate[bot],https://api.github.com/repos/appium/appium/pulls/16028,https://api.github.com/repos/appium/appium/issues/16028,closed,2021-10-30,2021-10-30,2021-10-30,6bb94390892e3a5e00a77f37896734d71fa92ed8
triager,https://api.github.com/repos/appium/appium/pulls/16027,https://api.github.com/repos/appium/appium/issues/16027,closed,2021-10-29,2021-10-29,2021-10-29,fc279ad8cf82c6ba9e731d83eb4967485e13ac62
mykola-mokhnach,https://api.github.com/repos/appium/appium/pulls/16023,https://api.github.com/repos/appium/appium/issues/16023,closed,2021-10-28,2021-10-29,2021-10-29,248c6effc8a4ccc9b05eaf231d63bac4771e29b1
renovate[bot],https://api.github.com/repos/appium/appium/pulls/16018,https://api.github.com/repos/appium/appium/issues/16018,closed,2021-10-27,2021-10-27,2021-10-27,bcc441c612f8a9de0cef7fe8b28ff5bad95108f3
renovate[bot],https://api.github.com/repos/appium/appium/pulls/16017,https://api.github.com/repos/appium/appium/issues/16017,closed,2021-10-27,2021-10-27,2021-10-27,97a9d898f5f15d6ba96d99cd945d135e579ba23f
renovate[bot],https://api.github.com/repos/appium/appium/pulls/16013,https://api.github.com/repos/appium/appium/issues/16013,closed,2021-10-26,2021-11-10,2021-11-10,94648da93d390a5a8f61c5ae0551d3f48040fe53
renovate[bot],https://api.github.com/repos/appium/appium/pulls/16012,https://api.github.com/repos/appium/appium/issues/16012,closed,2021-10-26,2021-10-27,2021-10-27,fb957786fa695eee38aec7c35946760ada4ca57e
renovate[bot],https://api.github.com/repos/appium/appium/pulls/16011,https://api.github.com/repos/appium/appium/issues/16011,closed,2021-10-26,2021-10-27,2021-10-27,dedd1a25faa8131bb793aea99bdb4bafabb23e8a
KazuCocoa,https://api.github.com/repos/appium/appium/pulls/16004,https://api.github.com/repos/appium/appium/issues/16004,closed,2021-10-25,2021-10-25,2021-10-25,5ee12680049ad06718f215c79136a881180b542a
KazuCocoa,https://api.github.com/repos/appium/appium/pulls/16002,https://api.github.com/repos/appium/appium/issues/16002,closed,2021-10-24,2021-11-16,2021-11-16,cdf36ecd16ecdc96b1b3c8ced26821f218d30371
renovate[bot],https://api.github.com/repos/appium/appium/pulls/16001,https://api.github.com/repos/appium/appium/issues/16001,closed,2021-10-24,2021-10-24,2021-10-24,05ec960c34592d04633c96bae6d96fa00d06a488
renovate[bot],https://api.github.com/repos/appium/appium/pulls/16000,https://api.github.com/repos/appium/appium/issues/16000,closed,2021-10-24,2021-10-24,2021-10-24,6e28a8ffce9e9876ca90c39f34893ab0ad71a7e9
KazuCocoa,https://api.github.com/repos/appium/appium/pulls/15999,https://api.github.com/repos/appium/appium/issues/15999,closed,2021-10-24,2021-10-24,2021-10-24,fb1e42a23a0f5709e477d70c2c889820ea3b2fbd
renovate[bot],https://api.github.com/repos/appium/appium/pulls/15998,https://api.github.com/repos/appium/appium/issues/15998,closed,2021-10-23,2021-10-23,2021-10-23,3b16633a0a748caee49a1214c86ecc17d75f5715
renovate[bot],https://api.github.com/repos/appium/appium/pulls/15993,https://api.github.com/repos/appium/appium/issues/15993,closed,2021-10-21,2021-10-21,2021-10-21,54ed9292ac4198f0be4440766010cb85691999df
renovate[bot],https://api.github.com/repos/appium/appium/pulls/15992,https://api.github.com/repos/appium/appium/issues/15992,closed,2021-10-21,2021-10-21,2021-10-21,276f5697eee09ab98d24c03f56110b41d75ed0db
renovate[bot],https://api.github.com/repos/appium/appium/pulls/15991,https://api.github.com/repos/appium/appium/issues/15991,closed,2021-10-21,2021-10-21,2021-10-21,c3fa3c841fc6a10507c1b2daa21b9fc2a91f5539
renovate[bot],https://api.github.com/repos/appium/appium/pulls/15990,https://api.github.com/repos/appium/appium/issues/15990,closed,2021-10-21,2021-10-21,2021-10-21,5c6a630686078378bb19e1f5e5ce47b76fc952a7
renovate[bot],https://api.github.com/repos/appium/appium/pulls/15989,https://api.github.com/repos/appium/appium/issues/15989,closed,2021-10-21,2021-10-21,2021-10-21,0d787d9002a36c7285e9834407760e704e94d850
renovate[bot],https://api.github.com/repos/appium/appium/pulls/15988,https://api.github.com/repos/appium/appium/issues/15988,closed,2021-10-21,2021-10-21,2021-10-21,1a6cf81d5502f0ceb360ac8cc71c1051e4a99716
boneskull,https://api.github.com/repos/appium/appium/pulls/15987,https://api.github.com/repos/appium/appium/issues/15987,closed,2021-10-20,2021-10-20,2021-10-20,a91bec345697bf3f124aacb8dd3aca52e942fa42
renovate[bot],https://api.github.com/repos/appium/appium/pulls/15984,https://api.github.com/repos/appium/appium/issues/15984,closed,2021-10-19,2021-10-21,2021-10-21,c69815b5e4fcba0d638fc4d5a7926f35b490a859
dlenroc,https://api.github.com/repos/appium/appium/pulls/15982,https://api.github.com/repos/appium/appium/issues/15982,closed,2021-10-18,2021-10-18,2021-10-18,0e633939f9b6451899ce963391eaeb9e44bbba5d
renovate[bot],https://api.github.com/repos/appium/appium/pulls/15978,https://api.github.com/repos/appium/appium/issues/15978,closed,2021-10-17,2021-10-21,2021-10-21,7cbe1f220f1364d3c54ec0a960fe9d45c1e605c9
KazuCocoa,https://api.github.com/repos/appium/appium/pulls/15977,https://api.github.com/repos/appium/appium/issues/15977,closed,2021-10-16,2021-10-22,,e045fe8588ccfc0712415c2c5ebfb2353753c6ce
renovate[bot],https://api.github.com/repos/appium/appium/pulls/15975,https://api.github.com/repos/appium/appium/issues/15975,closed,2021-10-16,2021-10-21,2021-10-21,b295d85198e63ad3e0f1a15f58245b900221d010
KazuCocoa,https://api.github.com/repos/appium/appium/pulls/15974,https://api.github.com/repos/appium/appium/issues/15974,closed,2021-10-15,2021-10-16,2021-10-16,829eb6623d99b2939d024a674b1ccdd1091e03ad
dependabot[bot],https://api.github.com/repos/appium/appium/pulls/15970,https://api.github.com/repos/appium/appium/issues/15970,closed,2021-10-15,2022-01-17,,1309c16632f10460a3ebcad348db5042ba3fd662
dependabot[bot],https://api.github.com/repos/appium/appium/pulls/15969,https://api.github.com/repos/appium/appium/issues/15969,closed,2021-10-15,2022-01-17,,7b51c0d31f316752d776203a2d73e30cded1cc42
renovate[bot],https://api.github.com/repos/appium/appium/pulls/15968,https://api.github.com/repos/appium/appium/issues/15968,closed,2021-10-15,2021-10-21,2021-10-21,fb602e3741e8bd1ff18a2785b30e598ee0c03444
KazuCocoa,https://api.github.com/repos/appium/appium/pulls/15966,https://api.github.com/repos/appium/appium/issues/15966,closed,2021-10-15,2021-10-15,2021-10-15,97f89190258e68dee488fae00203524af9ef22c8
renovate[bot],https://api.github.com/repos/appium/appium/pulls/15956,https://api.github.com/repos/appium/appium/issues/15956,closed,2021-10-13,2021-10-21,2021-10-21,2fae09b9f1dd3ad8142c6119606ee87d5c8d5776
renovate[bot],https://api.github.com/repos/appium/appium/pulls/15954,https://api.github.com/repos/appium/appium/issues/15954,closed,2021-10-12,2021-10-21,2021-10-21,863e44e657e30f26d717c3827b2b811fc19fadee
renovate[bot],https://api.github.com/repos/appium/appium/pulls/15948,https://api.github.com/repos/appium/appium/issues/15948,closed,2021-10-10,2021-10-21,2021-10-21,8a6732c47c4d87fa4df53a4650d889ea508be53f
renovate[bot],https://api.github.com/repos/appium/appium/pulls/15947,https://api.github.com/repos/appium/appium/issues/15947,closed,2021-10-10,2022-08-11,2022-08-11,6357b30051e236374c64c02eca47aa5c9a424ac0
renovate[bot],https://api.github.com/repos/appium/appium/pulls/15946,https://api.github.com/repos/appium/appium/issues/15946,closed,2021-10-10,2021-10-21,2021-10-21,64c573312373ee53d4a112846ab1cfac31e2c69d
renovate[bot],https://api.github.com/repos/appium/appium/pulls/15944,https://api.github.com/repos/appium/appium/issues/15944,closed,2021-10-09,2021-10-09,2021-10-09,f10c2c3630189783cd944eb0dfe86248426e8d2b
renovate[bot],https://api.github.com/repos/appium/appium/pulls/15939,https://api.github.com/repos/appium/appium/issues/15939,closed,2021-10-08,2021-10-08,2021-10-08,ac49b6b5db1f2d412e368accbbabd98a613926fd
boneskull,https://api.github.com/repos/appium/appium/pulls/15938,https://api.github.com/repos/appium/appium/issues/15938,closed,2021-10-07,2021-11-09,2021-11-09,88c086a3597c793dcdb22f1d402bde24b9d98e36
boneskull,https://api.github.com/repos/appium/appium/pulls/15937,https://api.github.com/repos/appium/appium/issues/15937,closed,2021-10-07,2021-10-20,2021-10-20,a63d0e50d628bccce2c9479101f28dff6586cb6c
boneskull,https://api.github.com/repos/appium/appium/pulls/15936,https://api.github.com/repos/appium/appium/issues/15936,closed,2021-10-07,2023-02-28,2021-10-20,223b2ec4d1abd9c2beb3afe856e2ce8dfd17f631
boneskull,https://api.github.com/repos/appium/appium/pulls/15935,https://api.github.com/repos/appium/appium/issues/15935,closed,2021-10-07,2021-10-20,2021-10-20,f0cb12d2e89d814b9dfeb2b8fb671df509c0e81a
renovate[bot],https://api.github.com/repos/appium/appium/pulls/15934,https://api.github.com/repos/appium/appium/issues/15934,closed,2021-10-07,2021-10-07,2021-10-07,6732b1d8f666b3717d437d37ee9c4ec2863d0afd
renovate[bot],https://api.github.com/repos/appium/appium/pulls/15932,https://api.github.com/repos/appium/appium/issues/15932,closed,2021-10-06,2021-10-06,2021-10-06,537faa6670c51fbb306baccc2d9dec07a92bd73e
dlenroc,https://api.github.com/repos/appium/appium/pulls/15931,https://api.github.com/repos/appium/appium/issues/15931,closed,2021-10-05,2021-10-09,2021-10-09,476dbf3e32b8a70cdf66fbdb5febf1ad10609e8e
renovate[bot],https://api.github.com/repos/appium/appium/pulls/15927,https://api.github.com/repos/appium/appium/issues/15927,closed,2021-10-04,2021-10-04,2021-10-04,19b6b34519bd7617f9a8f97583f18808f1042267
renovate[bot],https://api.github.com/repos/appium/appium/pulls/15926,https://api.github.com/repos/appium/appium/issues/15926,closed,2021-10-04,2022-03-10,,10f78ed9078e3d58254b267d9d351b4df85a97d6
KazuCocoa,https://api.github.com/repos/appium/appium/pulls/15925,https://api.github.com/repos/appium/appium/issues/15925,closed,2021-10-04,2021-10-04,2021-10-04,b2415a08729d64b16bf07da772fd9280de7932c8
renovate[bot],https://api.github.com/repos/appium/appium/pulls/15922,https://api.github.com/repos/appium/appium/issues/15922,closed,2021-10-01,2021-10-01,2021-10-01,7a476af92548266d4901f60222629cf719c7f82a
renovate[bot],https://api.github.com/repos/appium/appium/pulls/15921,https://api.github.com/repos/appium/appium/issues/15921,closed,2021-10-01,2021-10-01,2021-10-01,0d0eb17acbda74fd5d4f9b3c8e328c93f0bef06a
renovate[bot],https://api.github.com/repos/appium/appium/pulls/15920,https://api.github.com/repos/appium/appium/issues/15920,closed,2021-10-01,2021-10-01,2021-10-01,1dc5f2916f0c357dcbba3c2ede45fe9b60e9a4a7
renovate[bot],https://api.github.com/repos/appium/appium/pulls/15917,https://api.github.com/repos/appium/appium/issues/15917,closed,2021-09-30,2021-09-30,2021-09-30,bf4fac2ab0f508d245508a28203a7049c213f61c
zcmgyu,https://api.github.com/repos/appium/appium/pulls/15909,https://api.github.com/repos/appium/appium/issues/15909,closed,2021-09-28,2021-09-28,2021-09-28,d4b09a82eb8ec738b91b71f07db311393a8195a8
renovate[bot],https://api.github.com/repos/appium/appium/pulls/15907,https://api.github.com/repos/appium/appium/issues/15907,closed,2021-09-28,2021-09-28,2021-09-28,02a9b27799c24669e789b480b8d33bd45891c1d5
dependabot[bot],https://api.github.com/repos/appium/appium/pulls/15903,https://api.github.com/repos/appium/appium/issues/15903,closed,2021-09-27,2021-10-15,,0001bfb2408cbbd52d54bb1673db7e0c7009ee26
dependabot[bot],https://api.github.com/repos/appium/appium/pulls/15902,https://api.github.com/repos/appium/appium/issues/15902,closed,2021-09-27,2021-10-15,,e6b8a2f12c5cd03cef51c6699bfd81989afca839
renovate[bot],https://api.github.com/repos/appium/appium/pulls/15897,https://api.github.com/repos/appium/appium/issues/15897,closed,2021-09-26,2021-09-26,2021-09-26,b1c7673f8d48e75615243f903f0a7c3006d32944
renovate[bot],https://api.github.com/repos/appium/appium/pulls/15896,https://api.github.com/repos/appium/appium/issues/15896,closed,2021-09-26,2021-09-26,2021-09-26,c96069520a390540e3d0169cf164c8df366afd98
KazuCocoa,https://api.github.com/repos/appium/appium/pulls/15895,https://api.github.com/repos/appium/appium/issues/15895,closed,2021-09-25,2021-11-12,,9bc152d8b208925aad5c7869254cf406e5f47b0a
KazuCocoa,https://api.github.com/repos/appium/appium/pulls/15894,https://api.github.com/repos/appium/appium/issues/15894,closed,2021-09-25,2021-09-26,2021-09-26,98e07de19714f2bc25d78dbae4723d9ff843346b
renovate[bot],https://api.github.com/repos/appium/appium/pulls/15893,https://api.github.com/repos/appium/appium/issues/15893,closed,2021-09-25,2021-09-25,2021-09-25,85c1e46209a2cc1921384dce2710ca6f66aaa6a1
renovate[bot],https://api.github.com/repos/appium/appium/pulls/15892,https://api.github.com/repos/appium/appium/issues/15892,closed,2021-09-25,2021-09-25,2021-09-25,017925d9e05a63d56223a6f7a7a3237203a73ca9
renovate[bot],https://api.github.com/repos/appium/appium/pulls/15891,https://api.github.com/repos/appium/appium/issues/15891,closed,2021-09-25,2021-09-25,2021-09-25,6a17749a7e2a2d3a9c828aa2eb7f59e5f556f431
renovate[bot],https://api.github.com/repos/appium/appium/pulls/15883,https://api.github.com/repos/appium/appium/issues/15883,closed,2021-09-23,2021-09-23,2021-09-23,b57c5b503573e837d5d82ca50ae54eb9d0fdd133
KazuCocoa,https://api.github.com/repos/appium/appium/pulls/15882,https://api.github.com/repos/appium/appium/issues/15882,closed,2021-09-23,2021-09-23,2021-09-23,1383366899f03219ae68ed07e517ac8aee672d59
KazuCocoa,https://api.github.com/repos/appium/appium/pulls/15881,https://api.github.com/repos/appium/appium/issues/15881,closed,2021-09-23,2021-09-23,2021-09-23,0d1d3f2b66b5526c0e9efa23ad37a9fae205e8c5
renovate[bot],https://api.github.com/repos/appium/appium/pulls/15880,https://api.github.com/repos/appium/appium/issues/15880,closed,2021-09-23,2021-09-23,2021-09-23,8f50af69f05bf641740d2b1c225c833c84fe5383
renovate[bot],https://api.github.com/repos/appium/appium/pulls/15879,https://api.github.com/repos/appium/appium/issues/15879,closed,2021-09-23,2021-09-23,2021-09-23,0d5ea9a531736939b3b0b7b636d504e7e57d14aa
renovate[bot],https://api.github.com/repos/appium/appium/pulls/15872,https://api.github.com/repos/appium/appium/issues/15872,closed,2021-09-21,2021-09-21,2021-09-21,760aebadac3a467a10712502ac582159fce706c8
renovate[bot],https://api.github.com/repos/appium/appium/pulls/15870,https://api.github.com/repos/appium/appium/issues/15870,closed,2021-09-20,2021-09-20,2021-09-20,502dd81ceacc71d87bb84718f6c8cb680e4a02d5
KazuCocoa,https://api.github.com/repos/appium/appium/pulls/15868,https://api.github.com/repos/appium/appium/issues/15868,closed,2021-09-20,2021-09-20,,d145d88324e15f71e491d503373f8d3fef6da155
renovate[bot],https://api.github.com/repos/appium/appium/pulls/15864,https://api.github.com/repos/appium/appium/issues/15864,closed,2021-09-19,2021-11-10,2021-11-10,6095fae8c365e962dac9904c3776bea53801e3a6
triager,https://api.github.com/repos/appium/appium/pulls/15862,https://api.github.com/repos/appium/appium/issues/15862,closed,2021-09-17,2021-09-17,2021-09-17,49b18becf1a644072b23b98e0217da888ef6f2d1
snowron,https://api.github.com/repos/appium/appium/pulls/15859,https://api.github.com/repos/appium/appium/issues/15859,closed,2021-09-17,2021-09-17,2021-09-17,c38aa844e737d082d75aedaa9bdf142dd2cc41c0
jlipps,https://api.github.com/repos/appium/appium/pulls/15858,https://api.github.com/repos/appium/appium/issues/15858,closed,2021-09-16,2021-09-16,2021-09-16,3e5aec945bc0493dbd14d0759e5e35749e974aac
KrishnaSuravarapu,https://api.github.com/repos/appium/appium/pulls/15857,https://api.github.com/repos/appium/appium/issues/15857,closed,2021-09-16,2021-09-16,,b40df00fd5dbfcd444d97bd2afa1ec327b93296e
renovate[bot],https://api.github.com/repos/appium/appium/pulls/15855,https://api.github.com/repos/appium/appium/issues/15855,closed,2021-09-16,2021-09-16,2021-09-16,650f4e26886de2d43782af5d4f9eedc38090f07c
renovate[bot],https://api.github.com/repos/appium/appium/pulls/15852,https://api.github.com/repos/appium/appium/issues/15852,closed,2021-09-15,2021-09-15,2021-09-15,96079de6b321be4e0965f5769cf319fab5ff8e38
renovate[bot],https://api.github.com/repos/appium/appium/pulls/15851,https://api.github.com/repos/appium/appium/issues/15851,closed,2021-09-15,2021-09-15,,b643d2a7dfb4467a0be142cdbe43fa009ee7d912
jlipps,https://api.github.com/repos/appium/appium/pulls/15849,https://api.github.com/repos/appium/appium/issues/15849,closed,2021-09-14,2021-09-15,2021-09-15,ff3bb4f4b538ee5136fdc6356ca00e09fcdc5533
renovate[bot],https://api.github.com/repos/appium/appium/pulls/15846,https://api.github.com/repos/appium/appium/issues/15846,closed,2021-09-13,2021-09-14,2021-09-14,08284eacb793ccee5f8f1083800f3b05449777b7
renovate[bot],https://api.github.com/repos/appium/appium/pulls/15844,https://api.github.com/repos/appium/appium/issues/15844,closed,2021-09-12,2022-03-10,,06afb133297e26bf26e704d23e720fc6a3b9b82c
renovate[bot],https://api.github.com/repos/appium/appium/pulls/15843,https://api.github.com/repos/appium/appium/issues/15843,closed,2021-09-12,2022-01-24,,6514e22106b97f8c0f76acdb987621318e773e63
renovate[bot],https://api.github.com/repos/appium/appium/pulls/15842,https://api.github.com/repos/appium/appium/issues/15842,closed,2021-09-12,2022-04-09,,b0c045bba5fff94e5bb7a746dcbd1bab13260157
renovate[bot],https://api.github.com/repos/appium/appium/pulls/15841,https://api.github.com/repos/appium/appium/issues/15841,closed,2021-09-12,2022-03-10,,68dff643d8889e20da6e2957afc4099b5cef4ff0
renovate[bot],https://api.github.com/repos/appium/appium/pulls/15840,https://api.github.com/repos/appium/appium/issues/15840,closed,2021-09-12,2022-03-10,,33b75dd92b7400f1f6938581048cac393af417b2
renovate[bot],https://api.github.com/repos/appium/appium/pulls/15839,https://api.github.com/repos/appium/appium/issues/15839,closed,2021-09-12,2021-09-14,2021-09-14,64be12ae7f8c3ff2e57a5ab576be911d1875b6be
renovate[bot],https://api.github.com/repos/appium/appium/pulls/15836,https://api.github.com/repos/appium/appium/issues/15836,closed,2021-09-11,2021-09-14,2021-09-14,54c483ee50e22a0f3228f18aa4947b86cae1b089
renovate[bot],https://api.github.com/repos/appium/appium/pulls/15835,https://api.github.com/repos/appium/appium/issues/15835,closed,2021-09-11,2021-09-13,,9086c0716c2c0b2738ed94afa504ab9755a173ca
renovate[bot],https://api.github.com/repos/appium/appium/pulls/15834,https://api.github.com/repos/appium/appium/issues/15834,closed,2021-09-11,2021-09-18,2021-09-18,987130981a1917c0a4139d7427139eacbd53adcb
renovate[bot],https://api.github.com/repos/appium/appium/pulls/15833,https://api.github.com/repos/appium/appium/issues/15833,closed,2021-09-11,2021-09-13,,d3901390bef6b32e289e25e8eeb283297fa6be9f
renovate[bot],https://api.github.com/repos/appium/appium/pulls/15832,https://api.github.com/repos/appium/appium/issues/15832,closed,2021-09-11,2021-09-14,2021-09-14,7cb49d59ef67157f06c2bf81c6c625dcd2c96ba2
renovate[bot],https://api.github.com/repos/appium/appium/pulls/15831,https://api.github.com/repos/appium/appium/issues/15831,closed,2021-09-11,2021-09-13,,8330b40cbb2e3b4fef145ae31197a65598a38260
jlipps,https://api.github.com/repos/appium/appium/pulls/15830,https://api.github.com/repos/appium/appium/issues/15830,closed,2021-09-10,2021-09-16,2021-09-16,31af0e11678edfdeefebc32da5b07ba6625fc880
jlipps,https://api.github.com/repos/appium/appium/pulls/15821,https://api.github.com/repos/appium/appium/issues/15821,closed,2021-09-08,2022-04-04,,dbed94f6460fba5eac9019a7c6e8f93fe2ce9baf
jlipps,https://api.github.com/repos/appium/appium/pulls/15820,https://api.github.com/repos/appium/appium/issues/15820,closed,2021-09-08,2021-09-09,2021-09-09,d65c0af77db635df2c69bae438dd3275be414a92
Andrewngabriel,https://api.github.com/repos/appium/appium/pulls/15815,https://api.github.com/repos/appium/appium/issues/15815,closed,2021-09-06,2022-12-04,,9e9e3b7771be6ea2b0c800cf27cc31548841621f
KazuCocoa,https://api.github.com/repos/appium/appium/pulls/15809,https://api.github.com/repos/appium/appium/issues/15809,closed,2021-09-04,2021-09-10,2021-09-10,6b8ac24b25c0a0562fcafdb3dd6a2de3d0f8cb59
jlipps,https://api.github.com/repos/appium/appium/pulls/15806,https://api.github.com/repos/appium/appium/issues/15806,closed,2021-09-03,2021-09-10,2021-09-10,8981853e2e54bbb90c69ab414e18584ed3dae392
youngfreeFJS,https://api.github.com/repos/appium/appium/pulls/15799,https://api.github.com/repos/appium/appium/issues/15799,closed,2021-09-02,2021-09-03,2021-09-02,61661f100e22a46a7e368cfb6a7f7fb815a659ed
Andrewngabriel,https://api.github.com/repos/appium/appium/pulls/15798,https://api.github.com/repos/appium/appium/issues/15798,closed,2021-09-02,2021-09-02,2021-09-02,1bcc5f1a2b210f555751cbfc40664b62607f0884
dependabot[bot],https://api.github.com/repos/appium/appium/pulls/15791,https://api.github.com/repos/appium/appium/issues/15791,closed,2021-08-30,2021-09-27,,decd8317445eb37008b3053f8c03da8ee7893b08
dependabot[bot],https://api.github.com/repos/appium/appium/pulls/15790,https://api.github.com/repos/appium/appium/issues/15790,closed,2021-08-30,2021-09-27,,4467e2dbfe931005a59c2b26d000a12b82de3841
KazuCocoa,https://api.github.com/repos/appium/appium/pulls/15788,https://api.github.com/repos/appium/appium/issues/15788,closed,2021-08-28,2021-08-30,2021-08-30,71e50c5619b854afb5e14a789e6dba94802c1c5b
ferhorv,https://api.github.com/repos/appium/appium/pulls/15786,https://api.github.com/repos/appium/appium/issues/15786,closed,2021-08-27,2021-08-31,,e7531cf5d9fb68a40f417cc6f042c5776e59dc99
deepakforct,https://api.github.com/repos/appium/appium/pulls/15782,https://api.github.com/repos/appium/appium/issues/15782,closed,2021-08-24,2021-08-27,2021-08-27,253a2939e894b9fc095822e6f037d2375d512a8f
CorentinSailly62,https://api.github.com/repos/appium/appium/pulls/15781,https://api.github.com/repos/appium/appium/issues/15781,closed,2021-08-24,2021-08-24,,
leobooth,https://api.github.com/repos/appium/appium/pulls/15772,https://api.github.com/repos/appium/appium/issues/15772,closed,2021-08-21,2021-08-21,2021-08-21,b8c76033b498edea3fb8a786c17fd2a8b44f9486
dependabot[bot],https://api.github.com/repos/appium/appium/pulls/15770,https://api.github.com/repos/appium/appium/issues/15770,closed,2021-08-20,2021-08-30,,2f22fbfebc310b016c34e4f812dd2e2a3164c352
dependabot[bot],https://api.github.com/repos/appium/appium/pulls/15769,https://api.github.com/repos/appium/appium/issues/15769,closed,2021-08-20,2021-08-30,,f356d247837c5c8189c7fa6ceb73b3b6dc0b6e7b
testingbot,https://api.github.com/repos/appium/appium/pulls/15768,https://api.github.com/repos/appium/appium/issues/15768,closed,2021-08-20,2021-09-22,,25b47a0d53392d247babd00fb51f41abe1dbb170
renovate[bot],https://api.github.com/repos/appium/appium/pulls/15767,https://api.github.com/repos/appium/appium/issues/15767,closed,2021-08-20,2021-09-10,,79d050ba8341c19e6229c5e97bc9fb8cee283ca6
jlipps,https://api.github.com/repos/appium/appium/pulls/15765,https://api.github.com/repos/appium/appium/issues/15765,closed,2021-08-19,2021-08-19,2021-08-19,5c962965e420e3ae088db0b29005e06bc83327e2
renovate[bot],https://api.github.com/repos/appium/appium/pulls/15762,https://api.github.com/repos/appium/appium/issues/15762,closed,2021-08-19,2021-09-10,,920db8a6bdb5e0ba07a05bd66290fa7771d6c224
renovate[bot],https://api.github.com/repos/appium/appium/pulls/15761,https://api.github.com/repos/appium/appium/issues/15761,closed,2021-08-19,2021-09-10,,d3fd7b25709100a0f934ed21ac9ac171f279ab9f
renovate[bot],https://api.github.com/repos/appium/appium/pulls/15760,https://api.github.com/repos/appium/appium/issues/15760,closed,2021-08-19,2021-09-10,,21a8608a3ccf6eb2e1b9b6ae2074b4fc3d431001
renovate[bot],https://api.github.com/repos/appium/appium/pulls/15759,https://api.github.com/repos/appium/appium/issues/15759,closed,2021-08-19,2021-09-10,,3b56ad7e3f15685a9c16802ae61bf2d4ce5e77e6
renovate[bot],https://api.github.com/repos/appium/appium/pulls/15758,https://api.github.com/repos/appium/appium/issues/15758,closed,2021-08-19,2021-09-10,,bc4d3c86a42a34796609ca24824d38556ac1c4c5
renovate[bot],https://api.github.com/repos/appium/appium/pulls/15757,https://api.github.com/repos/appium/appium/issues/15757,closed,2021-08-19,2021-09-10,,ea90c2ec436b566fbecd031cf4bceebbc66ec8b3
renovate[bot],https://api.github.com/repos/appium/appium/pulls/15756,https://api.github.com/repos/appium/appium/issues/15756,closed,2021-08-19,2021-09-10,,d95b41f75fc8cdf00b266035e30833b7bc7dc08d
renovate[bot],https://api.github.com/repos/appium/appium/pulls/15755,https://api.github.com/repos/appium/appium/issues/15755,closed,2021-08-19,2021-09-10,,6f892e1bab3b3dc7c20ea286caf47249a37c7b3d
renovate[bot],https://api.github.com/repos/appium/appium/pulls/15754,https://api.github.com/repos/appium/appium/issues/15754,closed,2021-08-19,2021-09-10,,c95e5339c152e69a97e58264bc9af2ccb898dae1
renovate[bot],https://api.github.com/repos/appium/appium/pulls/15753,https://api.github.com/repos/appium/appium/issues/15753,closed,2021-08-19,2021-09-10,,644cc448cf14912d8f9c7785cb997ad593dcdf00
renovate[bot],https://api.github.com/repos/appium/appium/pulls/15750,https://api.github.com/repos/appium/appium/issues/15750,closed,2021-08-18,2021-09-10,,7ebaadc49ce013b7b14767df2bb921ac607647b1
renovate[bot],https://api.github.com/repos/appium/appium/pulls/15749,https://api.github.com/repos/appium/appium/issues/15749,closed,2021-08-18,2021-09-10,,833075f16493f5f41fc844e7456bf36704833ec6
renovate[bot],https://api.github.com/repos/appium/appium/pulls/15748,https://api.github.com/repos/appium/appium/issues/15748,closed,2021-08-18,2021-09-10,,f016d8ada334f9f4e25f1904a59d472c1ec3c464
renovate[bot],https://api.github.com/repos/appium/appium/pulls/15747,https://api.github.com/repos/appium/appium/issues/15747,closed,2021-08-18,2021-09-10,,5e70dbdbf3f44d7186b2e7788737a7e52c3ca281
renovate[bot],https://api.github.com/repos/appium/appium/pulls/15746,https://api.github.com/repos/appium/appium/issues/15746,closed,2021-08-18,2021-09-10,,c7225eb81791277b817b9768a9ce4fd98f8b529e
renovate[bot],https://api.github.com/repos/appium/appium/pulls/15745,https://api.github.com/repos/appium/appium/issues/15745,closed,2021-08-18,2021-09-10,,535bc06dd79a680aa7dacf2051cf85c1c19782ce
renovate[bot],https://api.github.com/repos/appium/appium/pulls/15744,https://api.github.com/repos/appium/appium/issues/15744,closed,2021-08-18,2021-09-10,,2e90142cc594d2de9894e367bc568fb269c7dd06
renovate[bot],https://api.github.com/repos/appium/appium/pulls/15743,https://api.github.com/repos/appium/appium/issues/15743,closed,2021-08-18,2021-09-10,,b33563e41ee38500dca0ff6b3010aad1389488df
jlipps,https://api.github.com/repos/appium/appium/pulls/15742,https://api.github.com/repos/appium/appium/issues/15742,closed,2021-08-17,2021-08-19,2021-08-19,b671d0cef339bc4c6319bb2dabff7bf863f71f48
jlipps,https://api.github.com/repos/appium/appium/pulls/15734,https://api.github.com/repos/appium/appium/issues/15734,closed,2021-08-16,2021-08-23,2021-08-23,ab68a70856488c46054bb42063597e52267f07a9
jlipps,https://api.github.com/repos/appium/appium/pulls/15733,https://api.github.com/repos/appium/appium/issues/15733,closed,2021-08-16,2021-09-09,2021-09-09,feaa90ac21efba7731dfa9d76ad13926d7258abc
KazuCocoa,https://api.github.com/repos/appium/appium/pulls/15732,https://api.github.com/repos/appium/appium/issues/15732,closed,2021-08-16,2021-08-16,2021-08-16,7d5a5d1563dffe117755eecd372262ad0e247c32
KazuCocoa,https://api.github.com/repos/appium/appium/pulls/15730,https://api.github.com/repos/appium/appium/issues/15730,closed,2021-08-16,2021-08-16,2021-08-16,700a8ac550154d2e3868a4f10707c6366c66d1b5
renovate[bot],https://api.github.com/repos/appium/appium/pulls/15727,https://api.github.com/repos/appium/appium/issues/15727,closed,2021-08-13,2021-08-17,2021-08-17,797a1990a6972c84868bf1373096d6afa60c3d8e
renovate[bot],https://api.github.com/repos/appium/appium/pulls/15726,https://api.github.com/repos/appium/appium/issues/15726,closed,2021-08-13,2021-08-17,2021-08-17,4a7b02d03ae39089554c1e4cc6905c40a901cfc4
renovate[bot],https://api.github.com/repos/appium/appium/pulls/15725,https://api.github.com/repos/appium/appium/issues/15725,closed,2021-08-13,2021-08-13,2021-08-13,b514971e99a1c997c34ed2a1deb349cb9d3b5160
renovate[bot],https://api.github.com/repos/appium/appium/pulls/15724,https://api.github.com/repos/appium/appium/issues/15724,closed,2021-08-13,2021-08-13,2021-08-13,549defda9112d2d5a47b08bb2c2adf3f206cfa51
renovate[bot],https://api.github.com/repos/appium/appium/pulls/15723,https://api.github.com/repos/appium/appium/issues/15723,closed,2021-08-13,2021-08-13,2021-08-13,11c2c802ed3bbd6887fb9ca00372d02aadcf600a
renovate[bot],https://api.github.com/repos/appium/appium/pulls/15722,https://api.github.com/repos/appium/appium/issues/15722,closed,2021-08-13,2021-08-13,2021-08-13,fc23e073486dc48c2acbcae09c57606991944de2
boneskull,https://api.github.com/repos/appium/appium/pulls/15720,https://api.github.com/repos/appium/appium/issues/15720,closed,2021-08-12,2021-08-13,2021-08-13,ee00285b38d42155c4a7e990abf032907aaf9fed
boneskull,https://api.github.com/repos/appium/appium/pulls/15719,https://api.github.com/repos/appium/appium/issues/15719,closed,2021-08-12,2021-08-18,2021-08-18,76d147aba15a5184e61460e7be77d5950e478270
renovate[bot],https://api.github.com/repos/appium/appium/pulls/15718,https://api.github.com/repos/appium/appium/issues/15718,closed,2021-08-12,2021-08-13,2021-08-13,b2233e84a147a3f2c06a07fa1381d1b2a3d17222
renovate[bot],https://api.github.com/repos/appium/appium/pulls/15717,https://api.github.com/repos/appium/appium/issues/15717,closed,2021-08-12,2021-08-13,2021-08-13,d8d799a19c92cd551844eaec1f91bbeca7d2ae71
renovate[bot],https://api.github.com/repos/appium/appium/pulls/15716,https://api.github.com/repos/appium/appium/issues/15716,closed,2021-08-12,2021-08-13,2021-08-13,c3d328cb81713c07f9d25c2f39ad3ca070db6471
renovate[bot],https://api.github.com/repos/appium/appium/pulls/15715,https://api.github.com/repos/appium/appium/issues/15715,closed,2021-08-12,2021-08-12,2021-08-12,bdc9bcbd0258ae3e674e315a9922381e4fd20786
renovate[bot],https://api.github.com/repos/appium/appium/pulls/15713,https://api.github.com/repos/appium/appium/issues/15713,closed,2021-08-12,2021-08-12,2021-08-12,f59e79d649dcbe70136c56f02fdf9b373fb75676
renovate[bot],https://api.github.com/repos/appium/appium/pulls/15712,https://api.github.com/repos/appium/appium/issues/15712,closed,2021-08-12,2021-08-12,2021-08-12,589d776ab1c7460f9e2e583e2eaada1103be9aba
jlipps,https://api.github.com/repos/appium/appium/pulls/15711,https://api.github.com/repos/appium/appium/issues/15711,closed,2021-08-11,2021-08-16,2021-08-16,c5bcd82263bff607a0658c50d05e481cc3a292b6
jlipps,https://api.github.com/repos/appium/appium/pulls/15706,https://api.github.com/repos/appium/appium/issues/15706,closed,2021-08-09,2021-08-12,2021-08-12,483941974881bf2ad362c6e6cc35883743abcd2a
triager,https://api.github.com/repos/appium/appium/pulls/15704,https://api.github.com/repos/appium/appium/issues/15704,closed,2021-08-08,2021-08-08,2021-08-08,1efa0a17862d0d279e743cb278ee014973beddd8
KazuCocoa,https://api.github.com/repos/appium/appium/pulls/15703,https://api.github.com/repos/appium/appium/issues/15703,closed,2021-08-08,2021-08-08,2021-08-08,e5c17ffc033d9ce97f9260cc4636bbc081f7c3fa
boneskull,https://api.github.com/repos/appium/appium/pulls/15702,https://api.github.com/repos/appium/appium/issues/15702,closed,2021-08-06,2021-08-10,2021-08-10,2ad262b77502ea00e9cc34dad65e2d7a5a558e00
mykola-mokhnach,https://api.github.com/repos/appium/appium/pulls/15695,https://api.github.com/repos/appium/appium/issues/15695,closed,2021-08-05,2021-11-28,,046d8a48fa64d77e604ecdf181fef322b65e180b
KazuCocoa,https://api.github.com/repos/appium/appium/pulls/15679,https://api.github.com/repos/appium/appium/issues/15679,closed,2021-08-02,2021-08-04,2021-08-03,3c5372606256d24a76b1382c16419d02fa38a944
boneskull,https://api.github.com/repos/appium/appium/pulls/15664,https://api.github.com/repos/appium/appium/issues/15664,closed,2021-07-26,2021-10-07,,94442952aed9d5c9d4b352f8b26f07c97a2fefe9
dependabot[bot],https://api.github.com/repos/appium/appium/pulls/15662,https://api.github.com/repos/appium/appium/issues/15662,closed,2021-07-26,2021-08-20,,a306f775546d569a8cb651927fa9f8245552f0eb
dependabot[bot],https://api.github.com/repos/appium/appium/pulls/15661,https://api.github.com/repos/appium/appium/issues/15661,closed,2021-07-26,2021-08-20,,003a96aebfb8f72537fbfb376cf63906edef9f33
triager,https://api.github.com/repos/appium/appium/pulls/15659,https://api.github.com/repos/appium/appium/issues/15659,closed,2021-07-25,2021-07-25,2021-07-25,e4f23504a82f4326d5275d4cd8451feed3096a82
KazuCocoa,https://api.github.com/repos/appium/appium/pulls/15657,https://api.github.com/repos/appium/appium/issues/15657,closed,2021-07-25,2021-07-25,2021-07-25,8a3e6d953da84ff0fb405c6a167194d37918443a
KazuCocoa,https://api.github.com/repos/appium/appium/pulls/15656,https://api.github.com/repos/appium/appium/issues/15656,closed,2021-07-25,2021-07-25,2021-07-25,f831abe6aed7dec924f0500457c01680461c9bb4
dependabot[bot],https://api.github.com/repos/appium/appium/pulls/15653,https://api.github.com/repos/appium/appium/issues/15653,closed,2021-07-23,2021-07-23,2021-07-23,a5964b083f1af5f9787118556de9e47c651b4101
boneskull,https://api.github.com/repos/appium/appium/pulls/15650,https://api.github.com/repos/appium/appium/issues/15650,closed,2021-07-21,2021-07-22,2021-07-22,25cc27d161e9425a2ce7420d4417f85d03984921
boneskull,https://api.github.com/repos/appium/appium/pulls/15649,https://api.github.com/repos/appium/appium/issues/15649,closed,2021-07-21,2021-07-22,2021-07-22,2955c172b1307f7c0fd1f60da2bd75a952fd1292
foad,https://api.github.com/repos/appium/appium/pulls/15646,https://api.github.com/repos/appium/appium/issues/15646,closed,2021-07-19,2021-07-19,2021-07-19,778d9e21c22caeb9b33e9416c3e9d4c5874677f5
KazuCocoa,https://api.github.com/repos/appium/appium/pulls/15640,https://api.github.com/repos/appium/appium/issues/15640,closed,2021-07-18,2021-09-22,2021-09-22,84c06e40f5e360c5a008cd8db8fc024709637a52
KazuCocoa,https://api.github.com/repos/appium/appium/pulls/15639,https://api.github.com/repos/appium/appium/issues/15639,closed,2021-07-18,2021-07-18,2021-07-18,59715c658a6b7f8a94877808946fb743de90ed78
khanayan123,https://api.github.com/repos/appium/appium/pulls/15638,https://api.github.com/repos/appium/appium/issues/15638,closed,2021-07-16,2021-09-03,,dd9a39bb1e493c365ed91e9c9f53ab7d2ef8fdef
khanayan123,https://api.github.com/repos/appium/appium/pulls/15637,https://api.github.com/repos/appium/appium/issues/15637,closed,2021-07-15,2021-07-15,,
lundstrj,https://api.github.com/repos/appium/appium/pulls/15614,https://api.github.com/repos/appium/appium/issues/15614,closed,2021-07-07,2021-07-08,2021-07-07,0651bf82202a97b7eb61848fca98d5ae13c52247
KazuCocoa,https://api.github.com/repos/appium/appium/pulls/15612,https://api.github.com/repos/appium/appium/issues/15612,closed,2021-07-06,2021-07-06,2021-07-06,5dbcc3f48ac133a848edec46c33222bf82b46a56
dependabot[bot],https://api.github.com/repos/appium/appium/pulls/15608,https://api.github.com/repos/appium/appium/issues/15608,closed,2021-07-05,2021-07-26,,369edd9533d794743e71aaddcccab9f1c7b9fe33
dependabot[bot],https://api.github.com/repos/appium/appium/pulls/15607,https://api.github.com/repos/appium/appium/issues/15607,closed,2021-07-05,2021-07-26,,6bfb8995434f07d81f60a25a6b857cdd71c2e8ee
KazuCocoa,https://api.github.com/repos/appium/appium/pulls/15605,https://api.github.com/repos/appium/appium/issues/15605,closed,2021-07-05,2021-07-06,2021-07-06,4213532815e41ea8466cce9f89e33fc5d09ce54d
boneskull,https://api.github.com/repos/appium/appium/pulls/15586,https://api.github.com/repos/appium/appium/issues/15586,closed,2021-06-28,2021-06-30,2021-06-30,de428c60c82ca648dd5e94ea363c440393068729
KazuCocoa,https://api.github.com/repos/appium/appium/pulls/15583,https://api.github.com/repos/appium/appium/issues/15583,closed,2021-06-27,2021-06-28,2021-06-28,77bf18def6bb6ca36b96364c12074bcef9e509c2
KazuCocoa,https://api.github.com/repos/appium/appium/pulls/15582,https://api.github.com/repos/appium/appium/issues/15582,closed,2021-06-27,2021-06-27,2021-06-27,94be80697c5c4adffab762c78efdcc2bace9cb33
boneskull,https://api.github.com/repos/appium/appium/pulls/15580,https://api.github.com/repos/appium/appium/issues/15580,closed,2021-06-25,2022-03-25,,02113d0990cf5a8c552f9b84dbc994b8ae295642
boneskull,https://api.github.com/repos/appium/appium/pulls/15579,https://api.github.com/repos/appium/appium/issues/15579,closed,2021-06-25,2022-06-21,2021-07-04,c20a13ea95070c1fb705147f65254b50af761b95
triager,https://api.github.com/repos/appium/appium/pulls/15569,https://api.github.com/repos/appium/appium/issues/15569,closed,2021-06-23,2021-06-27,2021-06-27,96c215c81e7f850c82f6d2fe1d9cbf7c0bb233d5
youngfreeFJS,https://api.github.com/repos/appium/appium/pulls/15568,https://api.github.com/repos/appium/appium/issues/15568,closed,2021-06-23,2021-06-24,2021-06-24,fbe864f74654c02061fb5a543e219233085c87a3
youngfreeFJS,https://api.github.com/repos/appium/appium/pulls/15561,https://api.github.com/repos/appium/appium/issues/15561,closed,2021-06-21,2021-06-24,2021-06-23,c28452e206359df70918aede7265fdc4cd1dc98d
renovate[bot],https://api.github.com/repos/appium/appium/pulls/15559,https://api.github.com/repos/appium/appium/issues/15559,closed,2021-06-20,2021-08-13,2021-08-13,7f57f4ec45337d2cb3de59e2dd2becbdd6292999
renovate[bot],https://api.github.com/repos/appium/appium/pulls/15558,https://api.github.com/repos/appium/appium/issues/15558,closed,2021-06-20,2021-08-13,2021-08-13,5ed2e36b475b7c399f829644825b46ef08d3f08a
renovate[bot],https://api.github.com/repos/appium/appium/pulls/15557,https://api.github.com/repos/appium/appium/issues/15557,closed,2021-06-20,2021-08-13,2021-08-13,ab2245dcfb817b106b50a46c82c00ad4fc3b58af
renovate[bot],https://api.github.com/repos/appium/appium/pulls/15556,https://api.github.com/repos/appium/appium/issues/15556,closed,2021-06-20,2021-08-13,2021-08-13,94bcad8570e90419779b4af7cf96aaa129aac977
renovate[bot],https://api.github.com/repos/appium/appium/pulls/15555,https://api.github.com/repos/appium/appium/issues/15555,closed,2021-06-20,2021-08-12,2021-08-12,a6f45e55290927b5442831b80ee4b56f0d42dd27
renovate[bot],https://api.github.com/repos/appium/appium/pulls/15554,https://api.github.com/repos/appium/appium/issues/15554,closed,2021-06-19,2021-08-12,2021-08-12,59222ca0d38f18b159e0dba863c812c21c2cccda
renovate[bot],https://api.github.com/repos/appium/appium/pulls/15553,https://api.github.com/repos/appium/appium/issues/15553,closed,2021-06-19,2021-08-12,2021-08-12,6b9c778d35f834a749be86606a6a90a3bb808d02
renovate[bot],https://api.github.com/repos/appium/appium/pulls/15552,https://api.github.com/repos/appium/appium/issues/15552,closed,2021-06-19,2021-08-12,2021-08-12,8cb6df6952ed1568df948b9bd3f97be93d044678
renovate[bot],https://api.github.com/repos/appium/appium/pulls/15551,https://api.github.com/repos/appium/appium/issues/15551,closed,2021-06-19,2021-08-12,2021-08-12,26bcc8db7027920b171f9f7e4ff1e216c4d123d9
renovate[bot],https://api.github.com/repos/appium/appium/pulls/15550,https://api.github.com/repos/appium/appium/issues/15550,closed,2021-06-19,2021-08-12,2021-08-12,b81d43978acf0ff37baed074e66785314f7d272a
renovate[bot],https://api.github.com/repos/appium/appium/pulls/15549,https://api.github.com/repos/appium/appium/issues/15549,closed,2021-06-19,2021-08-12,2021-08-12,7095d9e7e672f4a7008ee3a2bca5b35f173c67fe
renovate[bot],https://api.github.com/repos/appium/appium/pulls/15548,https://api.github.com/repos/appium/appium/issues/15548,closed,2021-06-19,2021-08-12,2021-08-12,d414b6e8ed0175f29f7dcb7520e482ea2f5ccb51
renovate[bot],https://api.github.com/repos/appium/appium/pulls/15547,https://api.github.com/repos/appium/appium/issues/15547,closed,2021-06-19,2021-08-12,2021-08-12,5a09fdf7225808778ac468c2774de52025553d75
renovate[bot],https://api.github.com/repos/appium/appium/pulls/15546,https://api.github.com/repos/appium/appium/issues/15546,closed,2021-06-19,2021-08-12,2021-08-12,07787168a7e4adf2923de2c7304533e58079d0c7
renovate[bot],https://api.github.com/repos/appium/appium/pulls/15545,https://api.github.com/repos/appium/appium/issues/15545,closed,2021-06-19,2021-08-12,2021-08-12,55a5f6eac58e3b54652476bed62456c4a7b756d6
renovate[bot],https://api.github.com/repos/appium/appium/pulls/15544,https://api.github.com/repos/appium/appium/issues/15544,closed,2021-06-19,2021-08-11,2021-08-11,40208145c92a758275ed7e2268e8153fac5968f3
renovate[bot],https://api.github.com/repos/appium/appium/pulls/15543,https://api.github.com/repos/appium/appium/issues/15543,closed,2021-06-19,2021-08-11,2021-08-11,4eae53f1b85e49caf0e32176c6f8767dcd2bd14a
boneskull,https://api.github.com/repos/appium/appium/pulls/15542,https://api.github.com/repos/appium/appium/issues/15542,closed,2021-06-18,2021-06-18,2021-06-18,b74612cae8ccad767ce400f14a194f59aac79bfb
renovate[bot],https://api.github.com/repos/appium/appium/pulls/15539,https://api.github.com/repos/appium/appium/issues/15539,closed,2021-06-18,2021-06-18,2021-06-18,5db7517cee775129e0b2fd95a745ed04dbc731e3
renovate[bot],https://api.github.com/repos/appium/appium/pulls/15538,https://api.github.com/repos/appium/appium/issues/15538,closed,2021-06-18,2021-06-18,2021-06-18,17a2b8cad004daebd52f50a4cda219cc4aaf131f
dependabot[bot],https://api.github.com/repos/appium/appium/pulls/15537,https://api.github.com/repos/appium/appium/issues/15537,closed,2021-06-18,2021-06-18,,fface0b5864d175f87e0efd908a4f408fe8a750a
dependabot[bot],https://api.github.com/repos/appium/appium/pulls/15536,https://api.github.com/repos/appium/appium/issues/15536,closed,2021-06-18,2021-06-18,,7bebcfe84ee67c49d867755f26093c1ec27e72df
renovate[bot],https://api.github.com/repos/appium/appium/pulls/15535,https://api.github.com/repos/appium/appium/issues/15535,closed,2021-06-18,2021-08-11,2021-08-11,ceb70e1950faefc742b0978263aaff840d60ccec
renovate[bot],https://api.github.com/repos/appium/appium/pulls/15534,https://api.github.com/repos/appium/appium/issues/15534,closed,2021-06-18,2021-06-18,2021-06-18,487bfd30c21a3325c03a70164e6bcb880c1508cb
renovate[bot],https://api.github.com/repos/appium/appium/pulls/15533,https://api.github.com/repos/appium/appium/issues/15533,closed,2021-06-18,2021-06-18,2021-06-18,38ebd45b519f023f91502d5662f488b201fac7a6
renovate[bot],https://api.github.com/repos/appium/appium/pulls/15532,https://api.github.com/repos/appium/appium/issues/15532,closed,2021-06-18,2021-08-11,2021-08-11,314c597e2447ac14d165867766d02e117e816c49
renovate[bot],https://api.github.com/repos/appium/appium/pulls/15531,https://api.github.com/repos/appium/appium/issues/15531,closed,2021-06-18,2021-06-18,2021-06-18,04d11619cbdf805b0f2204772515d8590946265c
renovate[bot],https://api.github.com/repos/appium/appium/pulls/15530,https://api.github.com/repos/appium/appium/issues/15530,closed,2021-06-18,2021-06-18,2021-06-18,256c2ad20044d904f92e41d4c8a42f4ab614a788
renovate[bot],https://api.github.com/repos/appium/appium/pulls/15529,https://api.github.com/repos/appium/appium/issues/15529,closed,2021-06-18,2021-06-18,2021-06-18,eff94987daaf2aab91a37961a20e018dce114098
renovate[bot],https://api.github.com/repos/appium/appium/pulls/15528,https://api.github.com/repos/appium/appium/issues/15528,closed,2021-06-18,2021-06-18,2021-06-18,88de3b390630b1f5d219274c97604f84e6ef5756
renovate[bot],https://api.github.com/repos/appium/appium/pulls/15525,https://api.github.com/repos/appium/appium/issues/15525,closed,2021-06-17,2021-06-17,2021-06-17,a461c58f2b99f0f6be2f2b5279436a0d9a75b150
renovate[bot],https://api.github.com/repos/appium/appium/pulls/15524,https://api.github.com/repos/appium/appium/issues/15524,closed,2021-06-17,2021-06-18,2021-06-18,e512c87109518c5ae5ed89697409e2d8ffd6f811
renovate[bot],https://api.github.com/repos/appium/appium/pulls/15521,https://api.github.com/repos/appium/appium/issues/15521,closed,2021-06-17,2021-06-17,2021-06-17,47a0e66dbd09320d34eac30616edf373554eda0f
renovate[bot],https://api.github.com/repos/appium/appium/pulls/15520,https://api.github.com/repos/appium/appium/issues/15520,closed,2021-06-17,2021-06-18,2021-06-18,023ec51a0c084e6972806aa7d83291fe0b94e0e2
renovate[bot],https://api.github.com/repos/appium/appium/pulls/15519,https://api.github.com/repos/appium/appium/issues/15519,closed,2021-06-17,2021-06-17,2021-06-17,91d47496ef941905a25279b5bb8955540e11e135
renovate[bot],https://api.github.com/repos/appium/appium/pulls/15518,https://api.github.com/repos/appium/appium/issues/15518,closed,2021-06-17,2021-06-18,2021-06-18,9b9f7e9acfe02b8839db1ee65925db8cd8775577
renovate[bot],https://api.github.com/repos/appium/appium/pulls/15516,https://api.github.com/repos/appium/appium/issues/15516,closed,2021-06-16,2021-06-16,2021-06-16,b78a8f4deb558252884ca6477e057445d845371f
renovate[bot],https://api.github.com/repos/appium/appium/pulls/15515,https://api.github.com/repos/appium/appium/issues/15515,closed,2021-06-16,2021-06-16,2021-06-16,2bd49ef5fa46c8406f9b0876142c581f6b7bd11e
renovate[bot],https://api.github.com/repos/appium/appium/pulls/15514,https://api.github.com/repos/appium/appium/issues/15514,closed,2021-06-16,2021-06-16,2021-06-16,f11a34f7af7b27221a05e7a7c33ab6f09b5f2f4a
renovate[bot],https://api.github.com/repos/appium/appium/pulls/15513,https://api.github.com/repos/appium/appium/issues/15513,closed,2021-06-16,2021-06-16,2021-06-16,ad76ffc1a8cec16970b784de2e3a677e63f91415
renovate[bot],https://api.github.com/repos/appium/appium/pulls/15512,https://api.github.com/repos/appium/appium/issues/15512,closed,2021-06-16,2021-06-16,2021-06-16,55efe2c411573d5136011e69d4beaec0e98f607d
renovate[bot],https://api.github.com/repos/appium/appium/pulls/15511,https://api.github.com/repos/appium/appium/issues/15511,closed,2021-06-16,2021-06-16,,98f72b3bfd6b0a4791c438e4e2c4d72426ddd68d
renovate[bot],https://api.github.com/repos/appium/appium/pulls/15509,https://api.github.com/repos/appium/appium/issues/15509,closed,2021-06-16,2021-06-16,2021-06-16,1cdcba2e022956d3f1f5cac54ff600c6836b0974
renovate[bot],https://api.github.com/repos/appium/appium/pulls/15508,https://api.github.com/repos/appium/appium/issues/15508,closed,2021-06-16,2021-06-17,2021-06-17,1704eb55135d5cfaab07e4ca0ecce31ada543398
boneskull,https://api.github.com/repos/appium/appium/pulls/15506,https://api.github.com/repos/appium/appium/issues/15506,closed,2021-06-15,2021-06-16,2021-06-16,5109e6852b03aa68c1220c95177aac4b55e16d8f
boneskull,https://api.github.com/repos/appium/appium/pulls/15503,https://api.github.com/repos/appium/appium/issues/15503,closed,2021-06-14,2022-06-21,2021-06-14,9295d0c68284443ecd73add1f8fe0ff7910a7d7d
boneskull,https://api.github.com/repos/appium/appium/pulls/15502,https://api.github.com/repos/appium/appium/issues/15502,closed,2021-06-14,2022-06-21,2021-06-15,e00fe2644bac55f8a0bf790a6067448b6807db28
KazuCocoa,https://api.github.com/repos/appium/appium/pulls/15500,https://api.github.com/repos/appium/appium/issues/15500,closed,2021-06-13,2022-03-10,,197736b4ac3491a96e8a29007e8ccd8507ad34dc
renovate[bot],https://api.github.com/repos/appium/appium/pulls/15498,https://api.github.com/repos/appium/appium/issues/15498,closed,2021-06-12,2021-06-15,,660117bc66da044bbbc308f3953de16f406f5356
renovate[bot],https://api.github.com/repos/appium/appium/pulls/15496,https://api.github.com/repos/appium/appium/issues/15496,closed,2021-06-11,2021-06-11,2021-06-11,ce47f82d1799bff8f1ba63c01f682334e659a6d2
renovate[bot],https://api.github.com/repos/appium/appium/pulls/15495,https://api.github.com/repos/appium/appium/issues/15495,closed,2021-06-11,2021-06-11,2021-06-11,4ce589030a97b6dae5bd53ab55a6c5d821e84002
renovate[bot],https://api.github.com/repos/appium/appium/pulls/15494,https://api.github.com/repos/appium/appium/issues/15494,closed,2021-06-11,2021-06-11,2021-06-11,7a7049fa51d0654edae4284d2c674b5ac8a816e3
renovate[bot],https://api.github.com/repos/appium/appium/pulls/15493,https://api.github.com/repos/appium/appium/issues/15493,closed,2021-06-11,2021-06-11,2021-06-11,993ad769ad6f8f4865cf008f9b6f291127cf4a5b
renovate[bot],https://api.github.com/repos/appium/appium/pulls/15492,https://api.github.com/repos/appium/appium/issues/15492,closed,2021-06-11,2021-06-11,2021-06-11,2ffe27730b82a28bca13b2e4dae65c2644da54cc
renovate[bot],https://api.github.com/repos/appium/appium/pulls/15491,https://api.github.com/repos/appium/appium/issues/15491,closed,2021-06-11,2021-06-11,2021-06-11,1e7026a532e7aed972b6f0135b818c7122cd8bc4
renovate[bot],https://api.github.com/repos/appium/appium/pulls/15490,https://api.github.com/repos/appium/appium/issues/15490,closed,2021-06-11,2021-06-11,2021-06-11,cece26cbb3b4f2b2a4419840e7a28e78f71dd681
renovate[bot],https://api.github.com/repos/appium/appium/pulls/15489,https://api.github.com/repos/appium/appium/issues/15489,closed,2021-06-11,2022-04-04,2022-04-04,d23907def550fb0e2a5f90a085808ea19c40bcef
renovate[bot],https://api.github.com/repos/appium/appium/pulls/15488,https://api.github.com/repos/appium/appium/issues/15488,closed,2021-06-11,2021-06-11,2021-06-11,81a2bfe14176cfe9efdd93b6e4e617c2d7f13a8f
renovate[bot],https://api.github.com/repos/appium/appium/pulls/15487,https://api.github.com/repos/appium/appium/issues/15487,closed,2021-06-11,2021-06-11,,49007f3687e11ce9fee80a859eb3a26dcb80295a
renovate[bot],https://api.github.com/repos/appium/appium/pulls/15480,https://api.github.com/repos/appium/appium/issues/15480,closed,2021-06-10,2021-06-10,2021-06-10,87c33f4af1b782c17b42614801a19b5173d8f202
dependabot[bot],https://api.github.com/repos/appium/appium/pulls/15477,https://api.github.com/repos/appium/appium/issues/15477,closed,2021-06-08,2021-06-09,2021-06-09,020d58bfdeee75ae8557cc959d0d62d681623734
dependabot[bot],https://api.github.com/repos/appium/appium/pulls/15476,https://api.github.com/repos/appium/appium/issues/15476,closed,2021-06-08,2021-06-11,,5b4887429bb75ab21a9b9b490353a84822d05a1c
dependabot[bot],https://api.github.com/repos/appium/appium/pulls/15475,https://api.github.com/repos/appium/appium/issues/15475,closed,2021-06-08,2021-06-11,,88f83402839946cf1b318d6749d096f59f583c54
boneskull,https://api.github.com/repos/appium/appium/pulls/15472,https://api.github.com/repos/appium/appium/issues/15472,closed,2021-06-07,2022-06-21,2021-06-08,950372c1bdf556463eac285999eba482682666db
merrill-kashiwabara-bose,https://api.github.com/repos/appium/appium/pulls/15465,https://api.github.com/repos/appium/appium/issues/15465,closed,2021-06-04,2021-06-07,2021-06-04,30125e1bb75fa423ce47cab0339739d83ab90322
ufbycd,https://api.github.com/repos/appium/appium/pulls/15459,https://api.github.com/repos/appium/appium/issues/15459,closed,2021-06-03,2021-12-15,,d419a5513b8c677e42053d520355354f742112fc
KazuCocoa,https://api.github.com/repos/appium/appium/pulls/15455,https://api.github.com/repos/appium/appium/issues/15455,closed,2021-06-02,2021-06-02,2021-06-02,385e5c5b237e1f0cb62bdd275e7a640b8d5d232f
KazuCocoa,https://api.github.com/repos/appium/appium/pulls/15454,https://api.github.com/repos/appium/appium/issues/15454,closed,2021-06-02,2021-06-02,2021-06-02,254cc638c52063149878866c2abdfe83c5dbee7b
khanayan123,https://api.github.com/repos/appium/appium/pulls/15452,https://api.github.com/repos/appium/appium/issues/15452,closed,2021-06-01,2021-06-09,2021-06-09,9331969c23bbb9c137a7ee56fb126a0dd10c67c6
khanayan123,https://api.github.com/repos/appium/appium/pulls/15451,https://api.github.com/repos/appium/appium/issues/15451,closed,2021-06-01,2021-06-01,2021-06-01,21e8d60a5c768762ebaa7a3232962b0dec385bd0
Dharin-shah,https://api.github.com/repos/appium/appium/pulls/15441,https://api.github.com/repos/appium/appium/issues/15441,closed,2021-05-31,2021-06-01,2021-06-01,52f4fc6a2cbdb612888ab2a23a704be32594a006
KazuCocoa,https://api.github.com/repos/appium/appium/pulls/15440,https://api.github.com/repos/appium/appium/issues/15440,closed,2021-05-31,2021-06-02,2021-05-31,01abeac864d55c30e8b3cf4d36dc83d4259fd4ba
Dharin-shah,https://api.github.com/repos/appium/appium/pulls/15439,https://api.github.com/repos/appium/appium/issues/15439,closed,2021-05-30,2021-05-30,,
mykola-mokhnach,https://api.github.com/repos/appium/appium/pulls/15438,https://api.github.com/repos/appium/appium/issues/15438,closed,2021-05-29,2021-08-13,,bf9d73a0afbcd5bca04d58fea9f998f7905a0727
boneskull,https://api.github.com/repos/appium/appium/pulls/15436,https://api.github.com/repos/appium/appium/issues/15436,closed,2021-05-28,2021-06-07,2021-06-07,c66144d62b23681f91b45c45648dddf51f0ea991
boneskull,https://api.github.com/repos/appium/appium/pulls/15433,https://api.github.com/repos/appium/appium/issues/15433,closed,2021-05-27,2021-08-13,2021-08-13,07a854acd28eb9f2d9cd858cf459e29dc1fe6ef7
dependabot[bot],https://api.github.com/repos/appium/appium/pulls/15431,https://api.github.com/repos/appium/appium/issues/15431,closed,2021-05-27,2021-07-23,2021-07-23,81fd737efae56f4eac28664adcb448ceb04c2928
dependabot[bot],https://api.github.com/repos/appium/appium/pulls/15428,https://api.github.com/repos/appium/appium/issues/15428,closed,2021-05-26,2021-05-27,,530d79ad06a43e4af6e230e5f128b5743aac3739
joshuapinter,https://api.github.com/repos/appium/appium/pulls/15426,https://api.github.com/repos/appium/appium/issues/15426,closed,2021-05-25,2021-12-15,2021-12-15,800b05a02b63fd1fbe55582d17ea4bce5b50def2
boneskull,https://api.github.com/repos/appium/appium/pulls/15424,https://api.github.com/repos/appium/appium/issues/15424,closed,2021-05-25,2021-09-28,2021-09-28,a5d91addd1806b3907f502f9ebae079c8d69ef72
dependabot[bot],https://api.github.com/repos/appium/appium/pulls/15423,https://api.github.com/repos/appium/appium/issues/15423,closed,2021-05-25,2021-05-26,,06b685438f669eb1b16c4bd7880b67aafddbc272
boneskull,https://api.github.com/repos/appium/appium/pulls/15420,https://api.github.com/repos/appium/appium/issues/15420,closed,2021-05-24,2021-05-26,2021-05-24,7b38ac941717f63afaaa940b6e38f7dbdf06ee26
jlipps,https://api.github.com/repos/appium/appium/pulls/15408,https://api.github.com/repos/appium/appium/issues/15408,closed,2021-05-21,2021-05-24,2021-05-24,9471f13270f3559da2a3d311b2b70192308afa5f
triager,https://api.github.com/repos/appium/appium/pulls/15407,https://api.github.com/repos/appium/appium/issues/15407,closed,2021-05-21,2021-05-24,2021-05-24,83f9a229eca93e841e60d1cdfa380b212c68803b
mykola-mokhnach,https://api.github.com/repos/appium/appium/pulls/15406,https://api.github.com/repos/appium/appium/issues/15406,closed,2021-05-21,2021-05-24,2021-05-21,5034563a6500481185eab8bf01ca52d312d00e9f
khanayan123,https://api.github.com/repos/appium/appium/pulls/15388,https://api.github.com/repos/appium/appium/issues/15388,closed,2021-05-18,2021-08-04,2021-07-15,d3c11e364dffff87ac38ac8dc3ad65a1e4534a9a
KazuCocoa,https://api.github.com/repos/appium/appium/pulls/15386,https://api.github.com/repos/appium/appium/issues/15386,closed,2021-05-18,2021-06-13,,9f1b0c828791de59db9325ef1b013faaa2cb213b
KazuCocoa,https://api.github.com/repos/appium/appium/pulls/15379,https://api.github.com/repos/appium/appium/issues/15379,closed,2021-05-15,2021-05-15,2021-05-15,f6e31765b97ef661aa5b0d000f0ba02065c0e84b
KazuCocoa,https://api.github.com/repos/appium/appium/pulls/15375,https://api.github.com/repos/appium/appium/issues/15375,closed,2021-05-13,2021-05-13,2021-05-13,51fb442dc42a485f800b7ce3cdbd53033ddda159
triager,https://api.github.com/repos/appium/appium/pulls/15370,https://api.github.com/repos/appium/appium/issues/15370,closed,2021-05-12,2021-05-12,2021-05-12,fbff36990824bd4be9a223226dea7e77cfd986e0
JhonAlx,https://api.github.com/repos/appium/appium/pulls/15369,https://api.github.com/repos/appium/appium/issues/15369,closed,2021-05-12,2021-05-12,2021-05-12,4c3275040e7ed8d980d6c6449a4db865c9bf1a2e
KazuCocoa,https://api.github.com/repos/appium/appium/pulls/15362,https://api.github.com/repos/appium/appium/issues/15362,closed,2021-05-12,2021-05-12,2021-05-12,a177e686b760de4a0c2ef15029aa3d390e4cfb66
dependabot[bot],https://api.github.com/repos/appium/appium/pulls/15359,https://api.github.com/repos/appium/appium/issues/15359,closed,2021-05-11,2021-05-24,,57198c5f8692c5ef1cd82e6d122a614e3b074064
khanayan123,https://api.github.com/repos/appium/appium/pulls/15356,https://api.github.com/repos/appium/appium/issues/15356,closed,2021-05-11,2021-07-15,2021-07-15,a2654762b6a9156380bcdf53df4cb0a8deb061fa
triager,https://api.github.com/repos/appium/appium/pulls/15351,https://api.github.com/repos/appium/appium/issues/15351,closed,2021-05-10,2021-05-10,2021-05-10,a0e276b13eff904c9401215d3badc009bb0606f8
KazuCocoa,https://api.github.com/repos/appium/appium/pulls/15350,https://api.github.com/repos/appium/appium/issues/15350,closed,2021-05-10,2021-05-10,2021-05-10,4f38f5d6180608b2e9a80b67fa9fc1dbe4602a45
triager,https://api.github.com/repos/appium/appium/pulls/15349,https://api.github.com/repos/appium/appium/issues/15349,closed,2021-05-10,2021-05-10,2021-05-10,f88b667d75bc3fd3690f5cb6d6a0cbdea06f6fad
KazuCocoa,https://api.github.com/repos/appium/appium/pulls/15346,https://api.github.com/repos/appium/appium/issues/15346,closed,2021-05-09,2021-05-10,2021-05-10,b8d7153499e511a88b5444422dd1bf58ec67faed
KazuCocoa,https://api.github.com/repos/appium/appium/pulls/15345,https://api.github.com/repos/appium/appium/issues/15345,closed,2021-05-09,2021-05-10,2021-05-10,54307c91fd6d4e080fb3f1b78a3c8ceddbd73381
triager,https://api.github.com/repos/appium/appium/pulls/15344,https://api.github.com/repos/appium/appium/issues/15344,closed,2021-05-08,2021-05-08,2021-05-08,8e4f4f944e3ef904d43c942b24bcfc21f75aa13c
boneskull,https://api.github.com/repos/appium/appium/pulls/15343,https://api.github.com/repos/appium/appium/issues/15343,closed,2021-05-07,2022-01-25,2021-05-21,7550b790b9c43057f8077ed55924660b53197bc2
boneskull,https://api.github.com/repos/appium/appium/pulls/15335,https://api.github.com/repos/appium/appium/issues/15335,closed,2021-05-06,2021-05-18,,5a7e1e068aeb832888e7fc011f0289ddc1c9ca34
KazuCocoa,https://api.github.com/repos/appium/appium/pulls/15334,https://api.github.com/repos/appium/appium/issues/15334,closed,2021-05-06,2021-05-13,2021-05-08,5713e4ac7368388974d2269a8c5dfa62d4f77c9d
dependabot[bot],https://api.github.com/repos/appium/appium/pulls/15326,https://api.github.com/repos/appium/appium/issues/15326,closed,2021-05-05,2021-05-11,,adb56ec8fc7181f439193de7726165413c0fb371
jvdeijnden,https://api.github.com/repos/appium/appium/pulls/15323,https://api.github.com/repos/appium/appium/issues/15323,closed,2021-05-04,2021-05-04,2021-05-04,e7d917929c1371ecbe837d908756748fb8db64e7
KazuCocoa,https://api.github.com/repos/appium/appium/pulls/15316,https://api.github.com/repos/appium/appium/issues/15316,closed,2021-05-02,2021-05-04,2021-05-04,7d14e60e605643165e1e277ba030cf5bf0e63ec8
KazuCocoa,https://api.github.com/repos/appium/appium/pulls/15298,https://api.github.com/repos/appium/appium/issues/15298,closed,2021-04-24,2021-05-02,2021-05-02,cc2271f9b1ed3248f586341aa3185c6491bfe88b
cmjaolan,https://api.github.com/repos/appium/appium/pulls/15292,https://api.github.com/repos/appium/appium/issues/15292,closed,2021-04-22,2021-04-22,,44a892ae61f25558263d80a16fa5e3db442efd9e
KazuCocoa,https://api.github.com/repos/appium/appium/pulls/15290,https://api.github.com/repos/appium/appium/issues/15290,closed,2021-04-22,2021-04-22,2021-04-22,af3063b5ac9e69893cd98859635cd085c8742387
foad,https://api.github.com/repos/appium/appium/pulls/15282,https://api.github.com/repos/appium/appium/issues/15282,closed,2021-04-19,2021-04-20,2021-04-20,db4c057cf8fe01efddb431ec40615250049a8d6a
KazuCocoa,https://api.github.com/repos/appium/appium/pulls/15278,https://api.github.com/repos/appium/appium/issues/15278,closed,2021-04-17,2021-04-18,2021-04-18,1f8a7981d59e94b63ca3b2002eea37923387d6bf
KazuCocoa,https://api.github.com/repos/appium/appium/pulls/15267,https://api.github.com/repos/appium/appium/issues/15267,closed,2021-04-12,2021-04-17,,3caeddefce8a8f67ab9295d4d54d8811985ce3e7
cbuelvasc,https://api.github.com/repos/appium/appium/pulls/15260,https://api.github.com/repos/appium/appium/issues/15260,closed,2021-04-07,2021-04-11,2021-04-11,1e30207ec4e413c64396420fbb0388392e88cc54
KazuCocoa,https://api.github.com/repos/appium/appium/pulls/15259,https://api.github.com/repos/appium/appium/issues/15259,closed,2021-04-07,2021-04-08,2021-04-08,f7f6e72ca73f019898765edd12d9582fc693cf25
KazuCocoa,https://api.github.com/repos/appium/appium/pulls/15258,https://api.github.com/repos/appium/appium/issues/15258,closed,2021-04-07,2021-04-08,2021-04-08,604081798291801de8df4b970ff58617d24661c9
KazuCocoa,https://api.github.com/repos/appium/appium/pulls/15257,https://api.github.com/repos/appium/appium/issues/15257,closed,2021-04-07,2021-05-02,,7d83dd2595c8a2414507e1041312c2817b7cb56d
FrederickEngelhardt,https://api.github.com/repos/appium/appium/pulls/15241,https://api.github.com/repos/appium/appium/issues/15241,closed,2021-03-31,2021-04-01,2021-04-01,f5d004501476a338941b966cd03a7888835035f3
triager,https://api.github.com/repos/appium/appium/pulls/15237,https://api.github.com/repos/appium/appium/issues/15237,closed,2021-03-30,2021-03-31,,1521ee064404e45e21fe46ca54264de2119d6986
triager,https://api.github.com/repos/appium/appium/pulls/15235,https://api.github.com/repos/appium/appium/issues/15235,closed,2021-03-30,2021-03-31,2021-03-31,bae236aae5d3211435f0f91a9c9b58693e82b451
Berolfingen,https://api.github.com/repos/appium/appium/pulls/15228,https://api.github.com/repos/appium/appium/issues/15228,closed,2021-03-27,2021-03-30,2021-03-30,1905b2ac8508208148887192b93f9be4154ef257
cbuelvasc,https://api.github.com/repos/appium/appium/pulls/15227,https://api.github.com/repos/appium/appium/issues/15227,closed,2021-03-26,2021-04-12,2021-03-30,29f7f9e741a06a6d7e2f0dfdd5db85244e01a93e
dependabot[bot],https://api.github.com/repos/appium/appium/pulls/15213,https://api.github.com/repos/appium/appium/issues/15213,closed,2021-03-23,2021-04-05,2021-04-05,fcfa7151e30a4df93c84838ba298cd34c1a2c3d0
KazuCocoa,https://api.github.com/repos/appium/appium/pulls/15211,https://api.github.com/repos/appium/appium/issues/15211,closed,2021-03-22,2022-12-15,2021-03-25,ea3baf034fb69ae14bfe499e74a6c1ea4aa47e0a
triager,https://api.github.com/repos/appium/appium/pulls/15208,https://api.github.com/repos/appium/appium/issues/15208,closed,2021-03-21,2021-03-22,2021-03-22,10373683d9e68a6e11e85c9af1326726375d63e8
mykola-mokhnach,https://api.github.com/repos/appium/appium/pulls/15207,https://api.github.com/repos/appium/appium/issues/15207,closed,2021-03-21,2021-03-22,2021-03-22,5dbb9a403b3c1abba2186113537a5d836a93bbaf
dependabot[bot],https://api.github.com/repos/appium/appium/pulls/15198,https://api.github.com/repos/appium/appium/issues/15198,closed,2021-03-17,2021-03-18,2021-03-18,bfe01b344b8454f0d94d3b8b038d33f72d28ec76
sotayamashita,https://api.github.com/repos/appium/appium/pulls/15193,https://api.github.com/repos/appium/appium/issues/15193,closed,2021-03-15,2021-03-25,2021-03-21,7d0832ed593275e988d8de690e0343333f8f2657
mwakizaka,https://api.github.com/repos/appium/appium/pulls/15191,https://api.github.com/repos/appium/appium/issues/15191,closed,2021-03-14,2021-03-14,2021-03-14,eb2c7aaf1b9f259a4bf0a137fc41e39bb3a78bdb
thomasrockhu,https://api.github.com/repos/appium/appium/pulls/15188,https://api.github.com/repos/appium/appium/issues/15188,closed,2021-03-13,2021-03-21,,fff4adf88fe47baf1e95b603f4206f49100698a0
mykola-mokhnach,https://api.github.com/repos/appium/appium/pulls/15183,https://api.github.com/repos/appium/appium/issues/15183,closed,2021-03-11,2021-03-11,2021-03-11,ae4b1fa917197fe6e0c4dae8cb51f18bb72d90e1
dependabot[bot],https://api.github.com/repos/appium/appium/pulls/15174,https://api.github.com/repos/appium/appium/issues/15174,closed,2021-03-09,2021-03-17,,41b956d9b3e26996e5a68a20ecc2e7da6c033675
dependabot[bot],https://api.github.com/repos/appium/appium/pulls/15170,https://api.github.com/repos/appium/appium/issues/15170,closed,2021-03-08,2021-03-09,,a2c85fdd1a3c8db209f28f2fc91b40a4d35a79bd
triager,https://api.github.com/repos/appium/appium/pulls/15162,https://api.github.com/repos/appium/appium/issues/15162,closed,2021-03-04,2021-03-04,2021-03-04,12dc5cf652ef5e2bd589180440556be66841435f
jlipps,https://api.github.com/repos/appium/appium/pulls/15160,https://api.github.com/repos/appium/appium/issues/15160,closed,2021-03-03,2021-03-04,2021-03-04,d0794edb357ae8fc9464cb8705057be546982cc9
KazuCocoa,https://api.github.com/repos/appium/appium/pulls/15158,https://api.github.com/repos/appium/appium/issues/15158,closed,2021-03-03,2021-05-06,2021-03-04,562e1d52c4ee29f5f6f8ca01f2d4df59f5e9cbc9
dependabot[bot],https://api.github.com/repos/appium/appium/pulls/15150,https://api.github.com/repos/appium/appium/issues/15150,closed,2021-03-02,2021-03-08,,a3e126e691da517758252773ad2ac601b634db7e
Andrewngabriel,https://api.github.com/repos/appium/appium/pulls/15149,https://api.github.com/repos/appium/appium/issues/15149,closed,2021-03-02,2021-03-02,2021-03-02,78bd23abcb2809dd19be041f0b59b5264afb4b9e
dependabot[bot],https://api.github.com/repos/appium/appium/pulls/15140,https://api.github.com/repos/appium/appium/issues/15140,closed,2021-02-25,2021-03-02,,df02e42d0eaf7475e96794b50747f4881834c27f
dependabot[bot],https://api.github.com/repos/appium/appium/pulls/15135,https://api.github.com/repos/appium/appium/issues/15135,closed,2021-02-24,2021-05-05,,4b608070e6c2f8e3e3c8bdf63b2d53445c129ce5
KazuCocoa,https://api.github.com/repos/appium/appium/pulls/15133,https://api.github.com/repos/appium/appium/issues/15133,closed,2021-02-24,2021-02-24,2021-02-24,0b9e80f9ac48189e7365a2c975c8c750f8e82527
jlipps,https://api.github.com/repos/appium/appium/pulls/15128,https://api.github.com/repos/appium/appium/issues/15128,closed,2021-02-23,2021-02-23,2021-02-23,c10c243760db9975488d3ee0514bba25af9bf1a2
mykola-mokhnach,https://api.github.com/repos/appium/appium/pulls/15126,https://api.github.com/repos/appium/appium/issues/15126,closed,2021-02-22,2021-02-22,2021-02-22,48726516d07f165851fc4815228131a5fd8d0fd6
dependabot[bot],https://api.github.com/repos/appium/appium/pulls/15121,https://api.github.com/repos/appium/appium/issues/15121,closed,2021-02-19,2021-02-25,,10921509648e41292ec1fbe460f48a028aebfcf3
triager,https://api.github.com/repos/appium/appium/pulls/15120,https://api.github.com/repos/appium/appium/issues/15120,closed,2021-02-18,2021-02-18,2021-02-18,92bf2ca06517cdae524742b68f79ed3960e0b938
dependabot[bot],https://api.github.com/repos/appium/appium/pulls/15118,https://api.github.com/repos/appium/appium/issues/15118,closed,2021-02-17,2021-02-19,,3b7ae2f746b7a71dcabb96e1effe413d2d213860
KazuCocoa,https://api.github.com/repos/appium/appium/pulls/15117,https://api.github.com/repos/appium/appium/issues/15117,closed,2021-02-17,2021-02-17,2021-02-17,f40a2070ba320b97b3c3d3fc610ca4aedbe32c2f
dependabot[bot],https://api.github.com/repos/appium/appium/pulls/15113,https://api.github.com/repos/appium/appium/issues/15113,closed,2021-02-16,2021-02-17,,bbf7a481dbe95fdbaf00f12ac7038845ef86e73d
dependabot[bot],https://api.github.com/repos/appium/appium/pulls/15109,https://api.github.com/repos/appium/appium/issues/15109,closed,2021-02-12,2021-02-16,,755c13524fa1f01a2065112588cd14a51df878cb
KazuCocoa,https://api.github.com/repos/appium/appium/pulls/15107,https://api.github.com/repos/appium/appium/issues/15107,closed,2021-02-12,2021-02-12,2021-02-12,ac3059b6627073f8563e8131edcf88e9de95c854
mykola-mokhnach,https://api.github.com/repos/appium/appium/pulls/15106,https://api.github.com/repos/appium/appium/issues/15106,closed,2021-02-11,2021-02-12,2021-02-12,024aab3f4544719b469eea0c586f61ca3db80f7b
mykola-mokhnach,https://api.github.com/repos/appium/appium/pulls/15104,https://api.github.com/repos/appium/appium/issues/15104,closed,2021-02-11,2021-02-11,2021-02-11,1e8b1e361c0d9df9fa644d4220d1f4a6ff4c7ef9
dependabot[bot],https://api.github.com/repos/appium/appium/pulls/15098,https://api.github.com/repos/appium/appium/issues/15098,closed,2021-02-10,2021-02-12,,d4bb072b5093f90274fa609566eb95f6c3db1e58
jlipps,https://api.github.com/repos/appium/appium/pulls/15082,https://api.github.com/repos/appium/appium/issues/15082,closed,2021-02-03,2021-02-03,2021-02-03,a9084d150d9d3d00ecd984a22c09795b24a9a666
jlipps,https://api.github.com/repos/appium/appium/pulls/15078,https://api.github.com/repos/appium/appium/issues/15078,closed,2021-02-02,2021-02-03,2021-02-03,be4b46d84e55e04a842ffd40d667c7659cf7d290
blane1988,https://api.github.com/repos/appium/appium/pulls/15075,https://api.github.com/repos/appium/appium/issues/15075,closed,2021-02-01,2021-02-01,2021-02-01,a539a5613099523ad9b7dd3c5d98144927ff38ed
LionFat,https://api.github.com/repos/appium/appium/pulls/15070,https://api.github.com/repos/appium/appium/issues/15070,closed,2021-01-29,2021-01-30,2021-01-30,8667777b01f7a383581287b4e3581871b6ea1787
KazuCocoa,https://api.github.com/repos/appium/appium/pulls/15069,https://api.github.com/repos/appium/appium/issues/15069,closed,2021-01-29,2021-01-31,2021-01-31,f25bb663a249a2ae756c2a2882ba42a95f22cea3
KazuCocoa,https://api.github.com/repos/appium/appium/pulls/15066,https://api.github.com/repos/appium/appium/issues/15066,closed,2021-01-28,2021-01-28,2021-01-28,2835b953bee93dc77579932e8fd28f9d796a1ee3
KazuCocoa,https://api.github.com/repos/appium/appium/pulls/15062,https://api.github.com/repos/appium/appium/issues/15062,closed,2021-01-27,2021-01-27,2021-01-27,974a8c38917d3af17feb1eff499631859398e254
KazuCocoa,https://api.github.com/repos/appium/appium/pulls/15053,https://api.github.com/repos/appium/appium/issues/15053,closed,2021-01-24,2021-01-25,2021-01-25,d37090e67e88d2f59113b62174f1dcd1d2e8611f
mykola-mokhnach,https://api.github.com/repos/appium/appium/pulls/15051,https://api.github.com/repos/appium/appium/issues/15051,closed,2021-01-24,2021-01-24,2021-01-24,ca001513ab16394255a9fd0f32a1309ebf9bead4
KazuCocoa,https://api.github.com/repos/appium/appium/pulls/15050,https://api.github.com/repos/appium/appium/issues/15050,closed,2021-01-24,2021-01-24,2021-01-24,5b72c1e6fff27b601f5236dbfd7000179665620b
silverskyvicto,https://api.github.com/repos/appium/appium/pulls/15048,https://api.github.com/repos/appium/appium/issues/15048,closed,2021-01-22,2021-01-25,2021-01-25,297d70f70a5e42b3394c666b0cb5698cba501536
KazuCocoa,https://api.github.com/repos/appium/appium/pulls/15043,https://api.github.com/repos/appium/appium/issues/15043,closed,2021-01-21,2021-01-22,2021-01-22,05466e45a7bdf15c9ba402e732bd0946f68d7a5f
jlipps,https://api.github.com/repos/appium/appium/pulls/15035,https://api.github.com/repos/appium/appium/issues/15035,closed,2021-01-20,2021-01-22,2021-01-22,4213c5fbec0284b85657e5159c07ca9d798ed694
KazuCocoa,https://api.github.com/repos/appium/appium/pulls/15030,https://api.github.com/repos/appium/appium/issues/15030,closed,2021-01-16,2021-01-17,2021-01-17,ea8ac8a57c0004ac5b5d72aad90e36293fd7026d
dependabot[bot],https://api.github.com/repos/appium/appium/pulls/15026,https://api.github.com/repos/appium/appium/issues/15026,closed,2021-01-15,2021-02-24,,0778d27874652201b868f0e4eadd5eff2bdf83b2
triager,https://api.github.com/repos/appium/appium/pulls/15025,https://api.github.com/repos/appium/appium/issues/15025,closed,2021-01-15,2021-01-15,2021-01-15,f1a56274febe090f8938b5224f631ca6cba91459
jlipps,https://api.github.com/repos/appium/appium/pulls/15024,https://api.github.com/repos/appium/appium/issues/15024,closed,2021-01-15,2021-01-20,2021-01-20,01c76d391325e84f7bf31e8ed7d54019657a8626
KazuCocoa,https://api.github.com/repos/appium/appium/pulls/15023,https://api.github.com/repos/appium/appium/issues/15023,closed,2021-01-14,2021-01-14,2021-01-14,84aaf5eae6471b007ae136db804359f013ad0a3f
jlipps,https://api.github.com/repos/appium/appium/pulls/15018,https://api.github.com/repos/appium/appium/issues/15018,closed,2021-01-14,2021-01-14,2021-01-14,2947ae6492abc689f1b0679565101ebc77900166
alaahong,https://api.github.com/repos/appium/appium/pulls/15014,https://api.github.com/repos/appium/appium/issues/15014,closed,2021-01-13,2021-01-15,2021-01-15,3d7d9802ab80f314e24a72993f86908212ab6342
KazuCocoa,https://api.github.com/repos/appium/appium/pulls/15010,https://api.github.com/repos/appium/appium/issues/15010,closed,2021-01-11,2021-01-11,2021-01-11,b4b4c3cc89cb36e07482e35f4ae7329aa394683c
KazuCocoa,https://api.github.com/repos/appium/appium/pulls/15007,https://api.github.com/repos/appium/appium/issues/15007,closed,2021-01-08,2021-01-10,2021-01-10,3e98cc98f34bdaa9ede30546426cdf1370a4c1df
KazuCocoa,https://api.github.com/repos/appium/appium/pulls/15005,https://api.github.com/repos/appium/appium/issues/15005,closed,2021-01-08,2021-01-08,2021-01-08,8e128e92e96769accb061d44a485674d2b0ef419
KazuCocoa,https://api.github.com/repos/appium/appium/pulls/15000,https://api.github.com/repos/appium/appium/issues/15000,closed,2021-01-07,2021-02-12,2021-02-12,ef966aa862aa38e5d947e5df4a3540afd298991d
clarabez,https://api.github.com/repos/appium/appium/pulls/14999,https://api.github.com/repos/appium/appium/issues/14999,closed,2021-01-07,2021-01-07,2021-01-07,628dc1aef2ee1b3cf48053570e2eed9c5bc8555b
BoldAsLove,https://api.github.com/repos/appium/appium/pulls/14995,https://api.github.com/repos/appium/appium/issues/14995,closed,2021-01-05,2021-02-02,2021-01-06,793e9e17e05f8e435d78cf01ef46c572d5d84f05
dpgraham,https://api.github.com/repos/appium/appium/pulls/14985,https://api.github.com/repos/appium/appium/issues/14985,closed,2020-12-31,2021-01-05,2021-01-05,7a7d0ced1028f5205fa75b84ae4a4a1394357ee1
mykola-mokhnach,https://api.github.com/repos/appium/appium/pulls/14978,https://api.github.com/repos/appium/appium/issues/14978,closed,2020-12-26,2021-01-01,2021-01-01,a776456ed53a22974efaa4d6d1c359aa999bd24c
chandan-verma,https://api.github.com/repos/appium/appium/pulls/14973,https://api.github.com/repos/appium/appium/issues/14973,closed,2020-12-24,2021-03-21,,4de3f5d08542be87a94e7cd8b795c18db83ea5cf
KazuCocoa,https://api.github.com/repos/appium/appium/pulls/14947,https://api.github.com/repos/appium/appium/issues/14947,closed,2020-12-13,2020-12-14,2020-12-14,a1ef920af1d6e14c55ea2c7161bc74dd40e70053
KazuCocoa,https://api.github.com/repos/appium/appium/pulls/14946,https://api.github.com/repos/appium/appium/issues/14946,closed,2020-12-12,2020-12-12,2020-12-12,149ce03b84085d511d7a8d1ab6e799832457a33c
KazuCocoa,https://api.github.com/repos/appium/appium/pulls/14942,https://api.github.com/repos/appium/appium/issues/14942,closed,2020-12-10,2020-12-10,2020-12-10,09437412c8e6ddfc73034cf304fa6a41c8ce5a54
jlipps,https://api.github.com/repos/appium/appium/pulls/14938,https://api.github.com/repos/appium/appium/issues/14938,closed,2020-12-08,2020-12-15,2020-12-15,601a6f785bdb5d95e805450229b671f9ec793c7e
jlipps,https://api.github.com/repos/appium/appium/pulls/14936,https://api.github.com/repos/appium/appium/issues/14936,closed,2020-12-08,2020-12-15,2020-12-15,9d8779a22457177644a48d9b8e44cdb127ad161c
roman-olshevskiy,https://api.github.com/repos/appium/appium/pulls/14934,https://api.github.com/repos/appium/appium/issues/14934,closed,2020-12-07,2020-12-09,2020-12-09,0256991162023ea40de6dcd45ec9bd6ce192d171
triager,https://api.github.com/repos/appium/appium/pulls/14930,https://api.github.com/repos/appium/appium/issues/14930,closed,2020-12-04,2020-12-04,2020-12-04,604170a7adb022334c541b0e82b671323a74909c
KazuCocoa,https://api.github.com/repos/appium/appium/pulls/14929,https://api.github.com/repos/appium/appium/issues/14929,closed,2020-12-04,2020-12-04,2020-12-04,509ab16612bc8ccf5406b5b4e749ca695847678d
KazuCocoa,https://api.github.com/repos/appium/appium/pulls/14928,https://api.github.com/repos/appium/appium/issues/14928,closed,2020-12-03,2020-12-03,2020-12-03,f877df6fb583ac89b5d39e76138aa3b1bd4a306f
jlipps,https://api.github.com/repos/appium/appium/pulls/14926,https://api.github.com/repos/appium/appium/issues/14926,closed,2020-12-02,2020-12-04,2020-12-04,e76f1d5914baae96b1b155d93857d46b5b0b1788
dpgraham,https://api.github.com/repos/appium/appium/pulls/14922,https://api.github.com/repos/appium/appium/issues/14922,closed,2020-11-30,2020-12-02,2020-12-02,b084dcfba53fc7eeded4be29b08f741172f46859
iboshkov,https://api.github.com/repos/appium/appium/pulls/14920,https://api.github.com/repos/appium/appium/issues/14920,closed,2020-11-30,2020-12-01,2020-12-01,6184bf96b653a96699d0f3cee5306456998d8faa
dpgraham,https://api.github.com/repos/appium/appium/pulls/14918,https://api.github.com/repos/appium/appium/issues/14918,closed,2020-11-29,2020-11-29,2020-11-29,12e28c9e08d0c697101b6e12e590dbd573f01d95
mykola-mokhnach,https://api.github.com/repos/appium/appium/pulls/14914,https://api.github.com/repos/appium/appium/issues/14914,closed,2020-11-25,2020-11-25,2020-11-25,090640e348b4fe5fca79fc7c4ba6e172f8205bc9
triager,https://api.github.com/repos/appium/appium/pulls/14913,https://api.github.com/repos/appium/appium/issues/14913,closed,2020-11-25,2020-11-25,2020-11-25,8d181dd19fd3ca511517cbe7d22cb4dcdcffd924
mykola-mokhnach,https://api.github.com/repos/appium/appium/pulls/14911,https://api.github.com/repos/appium/appium/issues/14911,closed,2020-11-24,2020-11-30,2020-11-25,a5c6f1c80e031679b16cea2d92fc45281223975f
KazuCocoa,https://api.github.com/repos/appium/appium/pulls/14910,https://api.github.com/repos/appium/appium/issues/14910,closed,2020-11-24,2020-11-24,2020-11-24,eb189d4588eff802b675b5c5da016d8e617472cf
KazuCocoa,https://api.github.com/repos/appium/appium/pulls/14909,https://api.github.com/repos/appium/appium/issues/14909,closed,2020-11-24,2020-11-24,2020-11-24,1a8ab8d7969c7ee8b748ff80f90aa051e7314ba5
KazuCocoa,https://api.github.com/repos/appium/appium/pulls/14904,https://api.github.com/repos/appium/appium/issues/14904,closed,2020-11-23,2020-12-31,,45e47fec144cc1ad1363bdeb67d35bab40a9b5c2
jlipps,https://api.github.com/repos/appium/appium/pulls/14895,https://api.github.com/repos/appium/appium/issues/14895,closed,2020-11-18,2020-11-23,2020-11-23,8b68b1fbf65c1f87f05a45e342efca5ce4d56243
triager,https://api.github.com/repos/appium/appium/pulls/14890,https://api.github.com/repos/appium/appium/issues/14890,closed,2020-11-16,2020-11-16,2020-11-16,c083af52fde28ba4c84e2f1113cff5cc538ef3ec
mykola-mokhnach,https://api.github.com/repos/appium/appium/pulls/14889,https://api.github.com/repos/appium/appium/issues/14889,closed,2020-11-16,2020-11-17,2020-11-17,8ed7bae02f8b84c5f9a7686df077e7297afe24b2
dependabot[bot],https://api.github.com/repos/appium/appium/pulls/14878,https://api.github.com/repos/appium/appium/issues/14878,closed,2020-11-10,2020-11-10,2020-11-10,bd362d72a1c9615792cae7eaf230a875a6d4d25e
mykola-mokhnach,https://api.github.com/repos/appium/appium/pulls/14874,https://api.github.com/repos/appium/appium/issues/14874,closed,2020-11-08,2020-11-08,2020-11-08,dbf9170d2dec18f7072281fc95b8d7a1119b3ef4
mykola-mokhnach,https://api.github.com/repos/appium/appium/pulls/14873,https://api.github.com/repos/appium/appium/issues/14873,closed,2020-11-07,2020-11-08,2020-11-08,b8f5af82ce720e0ad8c9aecb9a56dc797575c50d
mykola-mokhnach,https://api.github.com/repos/appium/appium/pulls/14871,https://api.github.com/repos/appium/appium/issues/14871,closed,2020-11-06,2020-11-07,2020-11-07,2fab8a48748f07d12e0e02b0aa4029c779163fbb
mykola-mokhnach,https://api.github.com/repos/appium/appium/pulls/14866,https://api.github.com/repos/appium/appium/issues/14866,closed,2020-11-05,2020-11-06,2020-11-06,7d6c5167f3118d98ac97a31681a4adb604f429da
dependabot[bot],https://api.github.com/repos/appium/appium/pulls/14845,https://api.github.com/repos/appium/appium/issues/14845,closed,2020-10-26,2020-11-07,2020-11-07,4ef1254ecab90ec07a9c2187793928ab4ead65a6
KazuCocoa,https://api.github.com/repos/appium/appium/pulls/14844,https://api.github.com/repos/appium/appium/issues/14844,closed,2020-10-26,2020-10-26,2020-10-26,6ae2834b23fed9755737aa4e63ca278f82d7217a
triager,https://api.github.com/repos/appium/appium/pulls/14842,https://api.github.com/repos/appium/appium/issues/14842,closed,2020-10-24,2020-10-24,2020-10-24,a7af094aa42d46033fffe8f51e70830159da96e1
KazuCocoa,https://api.github.com/repos/appium/appium/pulls/14840,https://api.github.com/repos/appium/appium/issues/14840,closed,2020-10-24,2020-11-16,2020-11-16,15172a9c298d2f307c87aa2a8746b02b51d215ab
mykola-mokhnach,https://api.github.com/repos/appium/appium/pulls/14839,https://api.github.com/repos/appium/appium/issues/14839,closed,2020-10-23,2020-10-24,2020-10-24,05be431a549a844c007663e9f7a0cb397eee55d1
mykola-mokhnach,https://api.github.com/repos/appium/appium/pulls/14838,https://api.github.com/repos/appium/appium/issues/14838,closed,2020-10-23,2020-10-24,2020-10-24,2b4cc6b8a9eec5b474330ae36f1a2419fbdf118a
Imperixal,https://api.github.com/repos/appium/appium/pulls/14832,https://api.github.com/repos/appium/appium/issues/14832,closed,2020-10-21,2020-10-21,2020-10-21,ed025c8cf91b97edf7a0f870c1251620906cf8e9
Imperixal,https://api.github.com/repos/appium/appium/pulls/14831,https://api.github.com/repos/appium/appium/issues/14831,closed,2020-10-21,2020-10-21,2020-10-21,ebe0a2525f180b75205a9ebf09980c1d3980e9b2
KazuCocoa,https://api.github.com/repos/appium/appium/pulls/14824,https://api.github.com/repos/appium/appium/issues/14824,closed,2020-10-20,2020-10-20,2020-10-20,2c8ecc13db65dd0a6368496b731e35f2b29e47df
KazuCocoa,https://api.github.com/repos/appium/appium/pulls/14822,https://api.github.com/repos/appium/appium/issues/14822,closed,2020-10-19,2020-10-30,2020-10-30,ee847823acf5fbda550cd2faddc06aaed17b0ce6
wswebcreation,https://api.github.com/repos/appium/appium/pulls/14799,https://api.github.com/repos/appium/appium/issues/14799,closed,2020-10-11,2020-10-11,2020-10-11,f9d20882565dd668f00a7978e9ef2e0204369a5d
MihirSomani,https://api.github.com/repos/appium/appium/pulls/14798,https://api.github.com/repos/appium/appium/issues/14798,closed,2020-10-10,2020-10-10,2020-10-10,b500f13a2a2d476a8215356ce354065f48d919aa
triager,https://api.github.com/repos/appium/appium/pulls/14794,https://api.github.com/repos/appium/appium/issues/14794,closed,2020-10-08,2020-10-08,,52c6f518d83f5feedbbce00b6b9ae43a04a7f5e1
mykola-mokhnach,https://api.github.com/repos/appium/appium/pulls/14793,https://api.github.com/repos/appium/appium/issues/14793,closed,2020-10-08,2020-10-23,2020-10-08,047670313704ab1fc97d5a9cd5aac3f1168745b8
triager,https://api.github.com/repos/appium/appium/pulls/14791,https://api.github.com/repos/appium/appium/issues/14791,closed,2020-10-08,2020-10-08,2020-10-08,3195a6b958dbd53144c8f9160cb206b06c72d29b
KazuCocoa,https://api.github.com/repos/appium/appium/pulls/14787,https://api.github.com/repos/appium/appium/issues/14787,closed,2020-10-06,2020-10-08,2020-10-08,6014b96ba30f500df1bbe5495ef3b5c2953825a9
ghimanshuss,https://api.github.com/repos/appium/appium/pulls/14781,https://api.github.com/repos/appium/appium/issues/14781,closed,2020-10-03,2020-10-04,,dc8e9eeaf2a2a67af521a9daad46bd6c3edf8b56
triager,https://api.github.com/repos/appium/appium/pulls/14777,https://api.github.com/repos/appium/appium/issues/14777,closed,2020-10-01,2020-10-01,2020-10-01,2b57b762a4cae95329d45fc7082ef08fdffc7fcb
mykola-mokhnach,https://api.github.com/repos/appium/appium/pulls/14776,https://api.github.com/repos/appium/appium/issues/14776,closed,2020-10-01,2020-10-08,2020-10-01,45a384075b02a8cc7f8a6d757ba5b3bf3e598d09
alfeg,https://api.github.com/repos/appium/appium/pulls/14774,https://api.github.com/repos/appium/appium/issues/14774,closed,2020-10-01,2020-10-02,2020-10-02,be9baab52d1900ee5b6c323ddc14196e3e7cd31d
jlipps,https://api.github.com/repos/appium/appium/pulls/14772,https://api.github.com/repos/appium/appium/issues/14772,closed,2020-10-01,2020-10-02,2020-10-02,1f50580fdc2f0ac2c2dad0808c9f23771a878802
mwakizaka,https://api.github.com/repos/appium/appium/pulls/14765,https://api.github.com/repos/appium/appium/issues/14765,closed,2020-09-28,2020-10-01,2020-10-01,bd20249ff5d21e09e0fe7bcf1ba2c80229dea10b
roubalsehgal,https://api.github.com/repos/appium/appium/pulls/14762,https://api.github.com/repos/appium/appium/issues/14762,closed,2020-09-25,2020-09-28,2020-09-27,a29f545a78b5d27c63d69486efad9b9b8530e283
triager,https://api.github.com/repos/appium/appium/pulls/14758,https://api.github.com/repos/appium/appium/issues/14758,closed,2020-09-24,2020-09-24,2020-09-24,7a357176b34816bea2c767e81a52d24309750a2f
mykola-mokhnach,https://api.github.com/repos/appium/appium/pulls/14757,https://api.github.com/repos/appium/appium/issues/14757,closed,2020-09-24,2020-09-24,2020-09-24,45c801956167ceec088af2b2c38346d4cb5fe3c1
KazuCocoa,https://api.github.com/repos/appium/appium/pulls/14756,https://api.github.com/repos/appium/appium/issues/14756,closed,2020-09-24,2020-09-24,2020-09-24,939d8d0a18df89e969012a8f071ad392289838ab
conradkirschner,https://api.github.com/repos/appium/appium/pulls/14754,https://api.github.com/repos/appium/appium/issues/14754,closed,2020-09-23,2020-09-24,2020-09-24,7a6c058e28264e0a9e17344df97182d42f93d771
KazuCocoa,https://api.github.com/repos/appium/appium/pulls/14746,https://api.github.com/repos/appium/appium/issues/14746,closed,2020-09-21,2020-09-21,2020-09-21,ae3a02634ad4e27354ee9331745853ca6d58cc53
alaahong,https://api.github.com/repos/appium/appium/pulls/14739,https://api.github.com/repos/appium/appium/issues/14739,closed,2020-09-17,2020-09-17,2020-09-17,05869f7841d3c569f400aae6081aac2a2b1b0309
christian-bromann,https://api.github.com/repos/appium/appium/pulls/14562,https://api.github.com/repos/appium/appium/issues/14562,closed,2020-09-16,2021-05-21,,effdaff33d6883f440604b7b29f5023899f18c6f
triager,https://api.github.com/repos/appium/appium/pulls/14729,https://api.github.com/repos/appium/appium/issues/14729,closed,2020-09-13,2021-01-07,2020-09-13,f60df166b54627f41cebbcbd4b2a1ed63a0a93aa
sbabcoc,https://api.github.com/repos/appium/appium/pulls/14728,https://api.github.com/repos/appium/appium/issues/14728,closed,2020-09-13,2020-09-13,2020-09-13,c8846abf18e0e67e9c7002e706c0696841b1fad9
mykola-mokhnach,https://api.github.com/repos/appium/appium/pulls/14718,https://api.github.com/repos/appium/appium/issues/14718,closed,2020-09-08,2020-09-08,2020-09-08,bfe01e13f3301ee7c26ec31c6e11587a6f3cc3ac
KazuCocoa,https://api.github.com/repos/appium/appium/pulls/14716,https://api.github.com/repos/appium/appium/issues/14716,closed,2020-09-07,2020-09-07,2020-09-07,4c8a4798253247e7ed6a8c05e6db51bb9ac308f4
dependabot-preview[bot],https://api.github.com/repos/appium/appium/pulls/14712,https://api.github.com/repos/appium/appium/issues/14712,closed,2020-09-06,2020-09-06,2020-09-06,c440fdc58dd3920a7ae1789765a079d97b97a746
triager,https://api.github.com/repos/appium/appium/pulls/14705,https://api.github.com/repos/appium/appium/issues/14705,closed,2020-09-03,2020-09-04,2020-09-04,bafa8ef757848cf5d430663467cba904f6c92ef7
KazuCocoa,https://api.github.com/repos/appium/appium/pulls/14702,https://api.github.com/repos/appium/appium/issues/14702,closed,2020-09-03,2020-09-04,2020-09-04,502938d6f125b5eab3b4f260016ba026f5e2dddc
yejianfengblue,https://api.github.com/repos/appium/appium/pulls/14694,https://api.github.com/repos/appium/appium/issues/14694,closed,2020-09-01,2020-09-03,2020-09-03,0a9dab7314c873e721afc9ec18033e407dfc6879
jlipps,https://api.github.com/repos/appium/appium/pulls/14692,https://api.github.com/repos/appium/appium/issues/14692,closed,2020-08-31,2020-09-01,2020-09-01,ab00c81dd14f1bb9f133d77d61b9b0487954744d
ghost,https://api.github.com/repos/appium/appium/pulls/14690,https://api.github.com/repos/appium/appium/issues/14690,closed,2020-08-30,2020-09-10,,3d5ceb6c352c6a8740c369819cf2f404d4b47b75
ghost,https://api.github.com/repos/appium/appium/pulls/14689,https://api.github.com/repos/appium/appium/issues/14689,closed,2020-08-30,2020-08-31,,2f08a0e2ebf18a2c4e9ba04afe49c380ae7326b2
dependabot-preview[bot],https://api.github.com/repos/appium/appium/pulls/14687,https://api.github.com/repos/appium/appium/issues/14687,closed,2020-08-29,2020-09-02,2020-09-02,163b34dc2fcd4e7bfb7e1e6acefd60ac44db98c5
KazuCocoa,https://api.github.com/repos/appium/appium/pulls/14676,https://api.github.com/repos/appium/appium/issues/14676,closed,2020-08-23,2020-08-24,2020-08-24,cd316819ea508fd304ba169a703cbd5e6867f35f
dependabot-preview[bot],https://api.github.com/repos/appium/appium/pulls/14674,https://api.github.com/repos/appium/appium/issues/14674,closed,2020-08-21,2020-08-29,2020-08-29,a88f51d70bf39f3860b49ebcc6b1e5a443c83a72
jahmed2345,https://api.github.com/repos/appium/appium/pulls/14665,https://api.github.com/repos/appium/appium/issues/14665,closed,2020-08-19,2020-09-29,2020-08-20,5e7180ff2d7743784282500ba514ccf61a392102
KazuCocoa,https://api.github.com/repos/appium/appium/pulls/14660,https://api.github.com/repos/appium/appium/issues/14660,closed,2020-08-18,2020-08-18,2020-08-18,8fa967ad4dd575f1327714dd3cb194e0df4e9495
KazuCocoa,https://api.github.com/repos/appium/appium/pulls/14659,https://api.github.com/repos/appium/appium/issues/14659,closed,2020-08-18,2020-08-18,2020-08-18,5acfa884247f8652dabeaf43c63910ca3152eaa9
ghost,https://api.github.com/repos/appium/appium/pulls/14656,https://api.github.com/repos/appium/appium/issues/14656,closed,2020-08-16,2020-08-16,,43f3e65389f3dd610274872fce46a1229608f4b8
ghost,https://api.github.com/repos/appium/appium/pulls/14655,https://api.github.com/repos/appium/appium/issues/14655,closed,2020-08-16,2020-08-16,,72b92517be644ef30bf05b1dccbc10d7420b1379
napsta32,https://api.github.com/repos/appium/appium/pulls/14653,https://api.github.com/repos/appium/appium/issues/14653,closed,2020-08-15,2020-08-15,2020-08-15,5bad098cd32ddfaf38c5a1173c71916e0918e627
KazuCocoa,https://api.github.com/repos/appium/appium/pulls/14652,https://api.github.com/repos/appium/appium/issues/14652,closed,2020-08-15,2020-08-17,2020-08-17,3d80baae63b2ff4f3feeab7250999d787a58646f
dependabot-preview[bot],https://api.github.com/repos/appium/appium/pulls/14651,https://api.github.com/repos/appium/appium/issues/14651,closed,2020-08-14,2020-08-29,,2c811968ec43c60450a6b1fa763ccf71ee5b7906
KazuCocoa,https://api.github.com/repos/appium/appium/pulls/14643,https://api.github.com/repos/appium/appium/issues/14643,closed,2020-08-11,2020-08-12,2020-08-12,11ece4ce91e476a30216ce96754268d8d2ec8b55
harsha509,https://api.github.com/repos/appium/appium/pulls/14635,https://api.github.com/repos/appium/appium/issues/14635,closed,2020-08-09,2020-08-09,2020-08-09,a370d60ec71f8fb41c38f632c7ec992c32839877
KazuCocoa,https://api.github.com/repos/appium/appium/pulls/14634,https://api.github.com/repos/appium/appium/issues/14634,closed,2020-08-09,2020-08-12,2020-08-12,0d1e91516ecbef09f5fabf9a207d801002a56815
serhatbolsu,https://api.github.com/repos/appium/appium/pulls/14608,https://api.github.com/repos/appium/appium/issues/14608,closed,2020-07-28,2020-07-29,2020-07-29,a2950b7dc09b31331eace50aae1175a15bc94b0c
serhatbolsu,https://api.github.com/repos/appium/appium/pulls/14606,https://api.github.com/repos/appium/appium/issues/14606,closed,2020-07-28,2020-07-28,,4df8dcf43fa8c85262e3b56f3a464f08bc1ac47a
thanksdanny,https://api.github.com/repos/appium/appium/pulls/14599,https://api.github.com/repos/appium/appium/issues/14599,closed,2020-07-26,2020-07-29,2020-07-29,a2fe02be081b4825e1a0d540597dfd02fe9be9ff
thanksdanny,https://api.github.com/repos/appium/appium/pulls/14598,https://api.github.com/repos/appium/appium/issues/14598,closed,2020-07-26,2020-07-26,,83970933ae09c899a51647a9a29e8ce241190d77
thanksdanny,https://api.github.com/repos/appium/appium/pulls/14597,https://api.github.com/repos/appium/appium/issues/14597,closed,2020-07-26,2020-07-26,,45073dd7fa29c40d3b680cb5a691adc4bdc75e29
thanksdanny,https://api.github.com/repos/appium/appium/pulls/14596,https://api.github.com/repos/appium/appium/issues/14596,closed,2020-07-26,2020-07-26,,af8374ccfb7a8552992413c294245ae7e1dff4e0
KazuCocoa,https://api.github.com/repos/appium/appium/pulls/14593,https://api.github.com/repos/appium/appium/issues/14593,closed,2020-07-23,2020-07-29,2020-07-29,862c36bf3749d0f83d3ea6453e936e5a820c5126
dependabot-preview[bot],https://api.github.com/repos/appium/appium/pulls/14589,https://api.github.com/repos/appium/appium/issues/14589,closed,2020-07-22,2020-08-11,2020-08-11,28f4567fe6f479909b904cedee78bf2d05c1e5b4
KazuCocoa,https://api.github.com/repos/appium/appium/pulls/14587,https://api.github.com/repos/appium/appium/issues/14587,closed,2020-07-22,2020-08-12,2020-08-12,1d7561071d6da0d854d0c0382f08a78757da9e87
KazuCocoa,https://api.github.com/repos/appium/appium/pulls/14574,https://api.github.com/repos/appium/appium/issues/14574,closed,2020-07-18,2020-07-18,2020-07-18,8939a26beb9e45b0d1a6f3d5758251e1abd0b21e
triager,https://api.github.com/repos/appium/appium/pulls/14573,https://api.github.com/repos/appium/appium/issues/14573,closed,2020-07-18,2020-07-18,2020-07-18,56e7799ae8e2bbc75eb33b00b94a2e447ec42063
ChaseSkywalker,https://api.github.com/repos/appium/appium/pulls/14572,https://api.github.com/repos/appium/appium/issues/14572,closed,2020-07-18,2020-07-18,,4bb1dcf938588ef0a995b2fcf4fa2a333b9d1421
KazuCocoa,https://api.github.com/repos/appium/appium/pulls/14569,https://api.github.com/repos/appium/appium/issues/14569,closed,2020-07-18,2020-07-18,2020-07-18,dc267fdcf1c0e9cbd2ee097e4add4b58740920bc
jlipps,https://api.github.com/repos/appium/appium/pulls/14556,https://api.github.com/repos/appium/appium/issues/14556,closed,2020-07-14,2020-08-31,2020-08-31,70c886fe8cceef46eb58ca4640765516c6bd69b0
KazuCocoa,https://api.github.com/repos/appium/appium/pulls/14552,https://api.github.com/repos/appium/appium/issues/14552,closed,2020-07-14,2020-07-20,2020-07-20,d7952a51109a800076cbf763398cb92caccd7f02
triager,https://api.github.com/repos/appium/appium/pulls/14549,https://api.github.com/repos/appium/appium/issues/14549,closed,2020-07-14,2020-07-14,2020-07-14,36768513453ca7afb1930651372f5560a894b87d
thanksdanny,https://api.github.com/repos/appium/appium/pulls/14548,https://api.github.com/repos/appium/appium/issues/14548,closed,2020-07-14,2020-07-26,,4e72896085bb35b7504dfdb1178ee6f4f0f57de9
thanksdanny,https://api.github.com/repos/appium/appium/pulls/14547,https://api.github.com/repos/appium/appium/issues/14547,closed,2020-07-14,2020-07-26,,
sunnyyukaige,https://api.github.com/repos/appium/appium/pulls/14545,https://api.github.com/repos/appium/appium/issues/14545,closed,2020-07-13,2020-07-14,2020-07-14,fbf2b0c812ad92dfbf74626d0b3ee0970f8e0fb3
zhangfeng91,https://api.github.com/repos/appium/appium/pulls/14544,https://api.github.com/repos/appium/appium/issues/14544,closed,2020-07-13,2020-07-14,,e68a9344b8f661d46ca78b9ec6d5b074ee777d42
KazuCocoa,https://api.github.com/repos/appium/appium/pulls/14541,https://api.github.com/repos/appium/appium/issues/14541,closed,2020-07-12,2020-07-12,2020-07-12,ff534b544a2078ea8cf65c0ac22c9683259e2f1b
PauloGoncalvesBH,https://api.github.com/repos/appium/appium/pulls/14533,https://api.github.com/repos/appium/appium/issues/14533,closed,2020-07-09,2020-07-10,2020-07-10,1ed1a6f7e376cbfa6b7abb4df715693ea528d9fc
jlipps,https://api.github.com/repos/appium/appium/pulls/14527,https://api.github.com/repos/appium/appium/issues/14527,closed,2020-07-07,2020-07-08,2020-07-07,6e7c5ee5298b56898fd24a82a0e07d8c78e25c8f
sunqbc,https://api.github.com/repos/appium/appium/pulls/14521,https://api.github.com/repos/appium/appium/issues/14521,closed,2020-07-07,2020-07-07,,63c773bb7bc8d0e7002777cae0185b299f4021dc
mykola-mokhnach,https://api.github.com/repos/appium/appium/pulls/14519,https://api.github.com/repos/appium/appium/issues/14519,closed,2020-07-06,2021-08-24,2020-07-07,8aa5ab78409bf0636d1abb135972e1957f275127
KazuCocoa,https://api.github.com/repos/appium/appium/pulls/14517,https://api.github.com/repos/appium/appium/issues/14517,closed,2020-07-06,2020-07-06,2020-07-06,6afe8f2bd3694bd450ad3d7acc3f5466b40f0129
triager,https://api.github.com/repos/appium/appium/pulls/14512,https://api.github.com/repos/appium/appium/issues/14512,closed,2020-07-04,2020-07-04,2020-07-04,c6c941bb0f95f3a1fac6355cc48b74b038b4d5bd
KazuCocoa,https://api.github.com/repos/appium/appium/pulls/14511,https://api.github.com/repos/appium/appium/issues/14511,closed,2020-07-04,2020-07-04,2020-07-04,6a0de58d9fcb17d5c60fd9e41cc5c2c9c30fb868
KazuCocoa,https://api.github.com/repos/appium/appium/pulls/14510,https://api.github.com/repos/appium/appium/issues/14510,closed,2020-07-04,2020-07-05,,cdd81d6d9243915ac996abd2aac68eb7ff4cd395
sshock,https://api.github.com/repos/appium/appium/pulls/14505,https://api.github.com/repos/appium/appium/issues/14505,closed,2020-07-02,2020-07-03,2020-07-03,f4b1b83b25bfa4afa479bc6823e7fa9c45d1c0be
KazuCocoa,https://api.github.com/repos/appium/appium/pulls/14500,https://api.github.com/repos/appium/appium/issues/14500,closed,2020-06-30,2020-07-04,2020-07-04,39e2fe1c2b392ebdf386fe4888d12cf1e45b49ee
mykola-mokhnach,https://api.github.com/repos/appium/appium/pulls/14492,https://api.github.com/repos/appium/appium/issues/14492,closed,2020-06-28,2020-06-30,2020-06-30,93004b75c44b7801e0bad3eeab4338c2caecaa35
triager,https://api.github.com/repos/appium/appium/pulls/14485,https://api.github.com/repos/appium/appium/issues/14485,closed,2020-06-25,2020-06-25,2020-06-25,19067c58a1fe8cf683f1db6e89e026302d1d31f0
dpgraham,https://api.github.com/repos/appium/appium/pulls/14484,https://api.github.com/repos/appium/appium/issues/14484,closed,2020-06-24,2020-11-10,,c8d39d61a68d96bf6200a51a189766b93214a58b
KazuCocoa,https://api.github.com/repos/appium/appium/pulls/14482,https://api.github.com/repos/appium/appium/issues/14482,closed,2020-06-24,2020-06-25,2020-06-25,28f3602b0c812033184e90ffa20f75c7a0b44314
dpgraham,https://api.github.com/repos/appium/appium/pulls/14474,https://api.github.com/repos/appium/appium/issues/14474,closed,2020-06-22,2022-03-27,,cd656cc07d758a79b161957cb5820a22faed8ee1
khanhdodang,https://api.github.com/repos/appium/appium/pulls/14471,https://api.github.com/repos/appium/appium/issues/14471,closed,2020-06-22,2020-06-22,2020-06-22,73bdc164b5aad66178bf4e3ae3d2067f32337923
jlipps,https://api.github.com/repos/appium/appium/pulls/14454,https://api.github.com/repos/appium/appium/issues/14454,closed,2020-06-15,2020-06-29,2020-06-29,da521fbf76353619657a3fd7899f193ab341001d
KazuCocoa,https://api.github.com/repos/appium/appium/pulls/14452,https://api.github.com/repos/appium/appium/issues/14452,closed,2020-06-15,2020-06-16,2020-06-16,7d542dab4c9d2f853e02e9f1f12b97dd1b7da4b7
itaibh,https://api.github.com/repos/appium/appium/pulls/14450,https://api.github.com/repos/appium/appium/issues/14450,closed,2020-06-15,2020-06-16,2020-06-16,87b3a42f13e8f324fcfa63f7ca53841ae1a1ed28
dependabot-preview[bot],https://api.github.com/repos/appium/appium/pulls/14440,https://api.github.com/repos/appium/appium/issues/14440,closed,2020-06-11,2020-06-11,2020-06-11,0fe7b56f2b31ef8306094623874a57e55dea2ca4
dependabot-preview[bot],https://api.github.com/repos/appium/appium/pulls/14439,https://api.github.com/repos/appium/appium/issues/14439,closed,2020-06-11,2020-06-12,2020-06-12,c3ed46729102f7934bf35613b16cc629c0ab6d38
dependabot-preview[bot],https://api.github.com/repos/appium/appium/pulls/14438,https://api.github.com/repos/appium/appium/issues/14438,closed,2020-06-11,2020-06-11,2020-06-11,782526c5b183f40791231f0548de2ab39a808ad3
dependabot-preview[bot],https://api.github.com/repos/appium/appium/pulls/14437,https://api.github.com/repos/appium/appium/issues/14437,closed,2020-06-11,2020-06-11,2020-06-11,1361411cc75ece295dc98d0648b49ca4a37c4dc2
jlipps,https://api.github.com/repos/appium/appium/pulls/14433,https://api.github.com/repos/appium/appium/issues/14433,closed,2020-06-10,2020-06-11,2020-06-11,e1e23a77a6b29fdafa2ebb4f59a651692b7a35e6
KazuCocoa,https://api.github.com/repos/appium/appium/pulls/14423,https://api.github.com/repos/appium/appium/issues/14423,closed,2020-06-08,2020-06-08,2020-06-08,0e7c6640a506d5f9066624e7d260a6c31c914629
triager,https://api.github.com/repos/appium/appium/pulls/14421,https://api.github.com/repos/appium/appium/issues/14421,closed,2020-06-05,2020-06-06,2020-06-06,a11f693bbe2bcf2e47fa6a40872a7580ab45d6bb
mykola-mokhnach,https://api.github.com/repos/appium/appium/pulls/14420,https://api.github.com/repos/appium/appium/issues/14420,closed,2020-06-05,2020-06-06,2020-06-06,ce8fd0b70dba1220d8cf2c5c69e26d6fb41a3cd9
mykola-mokhnach,https://api.github.com/repos/appium/appium/pulls/14406,https://api.github.com/repos/appium/appium/issues/14406,closed,2020-06-02,2020-06-02,2020-06-02,0adc4ed931e9a979b5b712abb04ff3deab8b3569
jamesmcroft,https://api.github.com/repos/appium/appium/pulls/14402,https://api.github.com/repos/appium/appium/issues/14402,closed,2020-06-01,2020-06-02,2020-06-02,220c9aeb3e1f67720d396cfd00ffb3cb5a7b6b67
mykola-mokhnach,https://api.github.com/repos/appium/appium/pulls/14401,https://api.github.com/repos/appium/appium/issues/14401,closed,2020-06-01,2020-06-02,2020-06-02,62cd44e83a48b3836362efad31ccc6f818d8520d
triager,https://api.github.com/repos/appium/appium/pulls/14396,https://api.github.com/repos/appium/appium/issues/14396,closed,2020-05-31,2020-05-31,2020-05-31,e194ad17339a83798925f3df479af24fdf9abf3e
KazuCocoa,https://api.github.com/repos/appium/appium/pulls/14395,https://api.github.com/repos/appium/appium/issues/14395,closed,2020-05-31,2020-05-31,2020-05-31,af58a7d11168b8cb23ea9ac5c555104ebd105af0
triager,https://api.github.com/repos/appium/appium/pulls/14394,https://api.github.com/repos/appium/appium/issues/14394,closed,2020-05-31,2020-05-31,2020-05-31,5acebc6cd320a0c3f74e5d3b7e999ef790e64f30
KazuCocoa,https://api.github.com/repos/appium/appium/pulls/14393,https://api.github.com/repos/appium/appium/issues/14393,closed,2020-05-31,2020-05-31,2020-05-31,5595cd023f4ea58e5ac66d7af527b5dc0658ce42
KazuCocoa,https://api.github.com/repos/appium/appium/pulls/14389,https://api.github.com/repos/appium/appium/issues/14389,closed,2020-05-30,2020-05-31,2020-05-31,dfbfa29da9e9caa8dc91c11cc3961bd105ed0e45
KazuCocoa,https://api.github.com/repos/appium/appium/pulls/14388,https://api.github.com/repos/appium/appium/issues/14388,closed,2020-05-29,2020-06-05,2020-06-05,3f6686ca46a19b42a2348ff3a6e5634a938a23a4
triager,https://api.github.com/repos/appium/appium/pulls/14371,https://api.github.com/repos/appium/appium/issues/14371,closed,2020-05-24,2020-05-24,2020-05-24,5d901911d648ebd4432fdb1a1157f66cf93da7ae
KazuCocoa,https://api.github.com/repos/appium/appium/pulls/14369,https://api.github.com/repos/appium/appium/issues/14369,closed,2020-05-23,2020-05-24,2020-05-24,f0cf0867fe784a6b7696554c4b3f574895876b7b
mykola-mokhnach,https://api.github.com/repos/appium/appium/pulls/14336,https://api.github.com/repos/appium/appium/issues/14336,closed,2020-05-14,2020-05-14,2020-05-14,c9fb89387a41cc90f2ea0450955f45f81ca2418b
victor-borges,https://api.github.com/repos/appium/appium/pulls/14331,https://api.github.com/repos/appium/appium/issues/14331,closed,2020-05-12,2020-05-13,2020-05-13,7b1e85d65a0bde1118d2688f2c91bb2cd85537d8
martianyi,https://api.github.com/repos/appium/appium/pulls/14327,https://api.github.com/repos/appium/appium/issues/14327,closed,2020-05-12,2020-05-13,2020-05-13,35368fc9565ac5a712050578d523adb704a73358
triager,https://api.github.com/repos/appium/appium/pulls/14326,https://api.github.com/repos/appium/appium/issues/14326,closed,2020-05-12,2020-05-15,2020-05-15,4f98d0e759bad2adcaff907e834134075cee53e2
KazuCocoa,https://api.github.com/repos/appium/appium/pulls/14321,https://api.github.com/repos/appium/appium/issues/14321,closed,2020-05-11,2020-05-12,2020-05-12,8fa295dfd0de8a6bc47f1414698fbd72fb6ccaa5
KazuCocoa,https://api.github.com/repos/appium/appium/pulls/14319,https://api.github.com/repos/appium/appium/issues/14319,closed,2020-05-11,2020-05-11,2020-05-11,502ffe88ee499fcd87ed27bece3f4ec291469146
KazuCocoa,https://api.github.com/repos/appium/appium/pulls/14317,https://api.github.com/repos/appium/appium/issues/14317,closed,2020-05-11,2020-05-11,2020-05-11,f519e5b42fb1cac70a1fbeeae0e45caa72ad6836
triager,https://api.github.com/repos/appium/appium/pulls/14316,https://api.github.com/repos/appium/appium/issues/14316,closed,2020-05-11,2020-05-11,2020-05-11,2b60bef0264515c912137d038c8f64e580050497
mykola-mokhnach,https://api.github.com/repos/appium/appium/pulls/14315,https://api.github.com/repos/appium/appium/issues/14315,closed,2020-05-10,2020-05-11,2020-05-11,d4429154e7a809d5e0d518a0673c95be6584207e
martinfrancois,https://api.github.com/repos/appium/appium/pulls/14312,https://api.github.com/repos/appium/appium/issues/14312,closed,2020-05-10,2020-05-11,2020-05-11,8709747d56c6f502e5256969030611176d37f2d8
triager,https://api.github.com/repos/appium/appium/pulls/14307,https://api.github.com/repos/appium/appium/issues/14307,closed,2020-05-08,2020-05-11,,f5ce05063aaaa7b3591fa25684f6106af0d7c0e0
KazuCocoa,https://api.github.com/repos/appium/appium/pulls/14302,https://api.github.com/repos/appium/appium/issues/14302,closed,2020-05-07,2020-05-08,2020-05-08,38a9c6d0f925052613b10c843e641bb28d770789
jlipps,https://api.github.com/repos/appium/appium/pulls/14301,https://api.github.com/repos/appium/appium/issues/14301,closed,2020-05-07,2020-06-10,2020-06-10,bb3d668ec4fab22790186d9323b8c4d16a7af67f
mykola-mokhnach,https://api.github.com/repos/appium/appium/pulls/14300,https://api.github.com/repos/appium/appium/issues/14300,closed,2020-05-06,2020-05-06,2020-05-06,7e344367d61ec49db6104bdd4e473d8a2582f7c8
amedvedjev,https://api.github.com/repos/appium/appium/pulls/14296,https://api.github.com/repos/appium/appium/issues/14296,closed,2020-05-06,2020-06-25,2020-06-02,83cf58155c73522325e455442dae449a65eee3f9
KazuCocoa,https://api.github.com/repos/appium/appium/pulls/14294,https://api.github.com/repos/appium/appium/issues/14294,closed,2020-05-06,2020-05-06,2020-05-06,905c385b6f7d8998de0fe21e54344afce45a2eaf
KazuCocoa,https://api.github.com/repos/appium/appium/pulls/14290,https://api.github.com/repos/appium/appium/issues/14290,closed,2020-05-06,2020-05-06,2020-05-06,516efc75e600fc66833fed8a7ec7b6f2ebdf9760
dependabot-preview[bot],https://api.github.com/repos/appium/appium/pulls/14289,https://api.github.com/repos/appium/appium/issues/14289,closed,2020-05-05,2020-05-06,2020-05-06,ea51b51f8ed0be5e74599ea8925957c3901e25c4
dependabot-preview[bot],https://api.github.com/repos/appium/appium/pulls/14283,https://api.github.com/repos/appium/appium/issues/14283,closed,2020-05-05,2020-05-05,,6e076cdfdfe72530c4086e5dcc336ef62c5963d1
triager,https://api.github.com/repos/appium/appium/pulls/14280,https://api.github.com/repos/appium/appium/issues/14280,closed,2020-05-05,2020-05-05,2020-05-05,e520e33c495c56e726fee0593c94eea18fecd2fc
triager,https://api.github.com/repos/appium/appium/pulls/14279,https://api.github.com/repos/appium/appium/issues/14279,closed,2020-05-05,2020-05-05,2020-05-05,145a65e5634923b62277159f38164981463c38a5
KazuCocoa,https://api.github.com/repos/appium/appium/pulls/14278,https://api.github.com/repos/appium/appium/issues/14278,closed,2020-05-05,2020-05-05,2020-05-05,ffdeafc4e4378f5ed26daaf39618af50db422355
KazuCocoa,https://api.github.com/repos/appium/appium/pulls/14276,https://api.github.com/repos/appium/appium/issues/14276,closed,2020-05-05,2020-05-05,2020-05-05,3d5b55fcba43c8a1e9c06e1991216267eec3afc2
KazuCocoa,https://api.github.com/repos/appium/appium/pulls/14274,https://api.github.com/repos/appium/appium/issues/14274,closed,2020-05-05,2020-05-05,2020-05-05,c2ff85cac06592bc6287c20479074a50038cf5c2
mykola-mokhnach,https://api.github.com/repos/appium/appium/pulls/14269,https://api.github.com/repos/appium/appium/issues/14269,closed,2020-05-04,2020-05-05,2020-05-05,da83532ba075c6ab7ed7ee40d9b32590a5b66ad3
dpgraham,https://api.github.com/repos/appium/appium/pulls/14268,https://api.github.com/repos/appium/appium/issues/14268,closed,2020-05-04,2020-05-04,2020-05-04,05816b3902cf0cdd0b31c38df801d8928cdc6502
dependabot-preview[bot],https://api.github.com/repos/appium/appium/pulls/14267,https://api.github.com/repos/appium/appium/issues/14267,closed,2020-05-04,2020-05-06,,5383fd66bcfad94260cf92f0c6e2a5784edd80ca
1161754620,https://api.github.com/repos/appium/appium/pulls/14266,https://api.github.com/repos/appium/appium/issues/14266,closed,2020-05-03,2020-05-03,,be3b6a03718bf1d8eacb39d0d652e29ae19cac99
KazuCocoa,https://api.github.com/repos/appium/appium/pulls/14258,https://api.github.com/repos/appium/appium/issues/14258,closed,2020-04-30,2020-05-01,2020-05-01,b9f382d498b29cb29d90fb044dcb9afbe0a87556
KazuCocoa,https://api.github.com/repos/appium/appium/pulls/14250,https://api.github.com/repos/appium/appium/issues/14250,closed,2020-04-29,2020-04-30,2020-04-30,0bc2bbf2c6214ada2d60899c586b6f79dedb14f2
triager,https://api.github.com/repos/appium/appium/pulls/14249,https://api.github.com/repos/appium/appium/issues/14249,closed,2020-04-29,2020-04-29,2020-04-29,a211d8fa981895033b741a903b8ee724add5384e
KazuCocoa,https://api.github.com/repos/appium/appium/pulls/14243,https://api.github.com/repos/appium/appium/issues/14243,closed,2020-04-28,2020-04-28,2020-04-28,abaea35fc194c1b34aef0fa2956fb481e9e73aec
mykola-mokhnach,https://api.github.com/repos/appium/appium/pulls/14239,https://api.github.com/repos/appium/appium/issues/14239,closed,2020-04-28,2020-04-29,2020-04-29,2033ce6c553904ff6068eee200b3c2f2fede821d
KazuCocoa,https://api.github.com/repos/appium/appium/pulls/14237,https://api.github.com/repos/appium/appium/issues/14237,closed,2020-04-27,2020-04-28,2020-04-28,2ba63e6fa756a0800ebad3547b7ea55c154d4c43
jzaleski,https://api.github.com/repos/appium/appium/pulls/14235,https://api.github.com/repos/appium/appium/issues/14235,closed,2020-04-26,2020-04-27,2020-04-27,bd95e2296a7097996a16ad94f7c690e938506b6c
mykola-mokhnach,https://api.github.com/repos/appium/appium/pulls/14234,https://api.github.com/repos/appium/appium/issues/14234,closed,2020-04-26,2020-04-26,2020-04-26,ab8d3403687fd85f0b8f823c02e41be16e2e05fc
KazuCocoa,https://api.github.com/repos/appium/appium/pulls/14233,https://api.github.com/repos/appium/appium/issues/14233,closed,2020-04-26,2020-04-30,2020-04-30,6e8fc184da829207e241128f7012657589267d18
KazuCocoa,https://api.github.com/repos/appium/appium/pulls/14231,https://api.github.com/repos/appium/appium/issues/14231,closed,2020-04-25,2020-05-02,2020-05-02,17004739b90c18caac5b89c1afbe691a3f8a766b
KazuCocoa,https://api.github.com/repos/appium/appium/pulls/14225,https://api.github.com/repos/appium/appium/issues/14225,closed,2020-04-24,2020-04-25,2020-04-25,98c8217b9211ca9db244fc882fecc1fa68255204
mykola-mokhnach,https://api.github.com/repos/appium/appium/pulls/14219,https://api.github.com/repos/appium/appium/issues/14219,closed,2020-04-23,2020-04-23,2020-04-23,01615fb171c7b169ae4048ad64a64a10ea0f59ce
dpgraham,https://api.github.com/repos/appium/appium/pulls/14212,https://api.github.com/repos/appium/appium/issues/14212,closed,2020-04-21,2020-04-24,2020-04-24,64399280c08f6cda77574c22ae00c15bba272ec6
jzaleski,https://api.github.com/repos/appium/appium/pulls/14203,https://api.github.com/repos/appium/appium/issues/14203,closed,2020-04-20,2020-04-21,2020-04-21,6208275f493eb34a186bf9aae60befc8ae0dee09
KazuCocoa,https://api.github.com/repos/appium/appium/pulls/14197,https://api.github.com/repos/appium/appium/issues/14197,closed,2020-04-18,2020-04-19,2020-04-19,6d2cfb110843ac44705a899957438495929ad89e
eliaspschernig,https://api.github.com/repos/appium/appium/pulls/14196,https://api.github.com/repos/appium/appium/issues/14196,closed,2020-04-17,2020-04-17,2020-04-17,8f35e8f673b2dad6fac3c842ca71030c956a6329
amedvedjev,https://api.github.com/repos/appium/appium/pulls/14189,https://api.github.com/repos/appium/appium/issues/14189,closed,2020-04-16,2020-05-06,,56542004b9d92a8b055b3ab2efaa8d9141553807
triager,https://api.github.com/repos/appium/appium/pulls/14179,https://api.github.com/repos/appium/appium/issues/14179,closed,2020-04-13,2020-04-13,2020-04-13,38072a04223c069d3ffd151ee4ceb1b08c6bc86a
gluxhappy,https://api.github.com/repos/appium/appium/pulls/14170,https://api.github.com/repos/appium/appium/issues/14170,closed,2020-04-10,2020-04-11,2020-04-10,3019ea828f34822215e46b02405648f18991600c
KazuCocoa,https://api.github.com/repos/appium/appium/pulls/14156,https://api.github.com/repos/appium/appium/issues/14156,closed,2020-04-08,2020-04-09,2020-04-09,f58dab27ceefe0ed949ba5663193070fa4dcee0f
titusfortner,https://api.github.com/repos/appium/appium/pulls/14133,https://api.github.com/repos/appium/appium/issues/14133,closed,2020-04-01,2020-04-02,,ff646016758e2b9259946f6228942b699f61b9ba
KazuCocoa,https://api.github.com/repos/appium/appium/pulls/14121,https://api.github.com/repos/appium/appium/issues/14121,closed,2020-03-30,2020-03-31,2020-03-31,c6cb1c64760dc8c428f7eb3e7bc6c44e36c7c234
rhysd,https://api.github.com/repos/appium/appium/pulls/14120,https://api.github.com/repos/appium/appium/issues/14120,closed,2020-03-30,2020-03-30,2020-03-30,cb97770b269f2984d55f83dee3044f2e436e1d6b
dependabot-preview[bot],https://api.github.com/repos/appium/appium/pulls/14117,https://api.github.com/repos/appium/appium/issues/14117,closed,2020-03-27,2020-03-27,2020-03-27,d5119daba932a01eaa4a48f465c0dc672339d5d5
imurchie,https://api.github.com/repos/appium/appium/pulls/14115,https://api.github.com/repos/appium/appium/issues/14115,closed,2020-03-27,2020-03-27,2020-03-27,4c64b5f390bf67e06cea748d826e242138d33866
KazuCocoa,https://api.github.com/repos/appium/appium/pulls/14113,https://api.github.com/repos/appium/appium/issues/14113,closed,2020-03-27,2020-04-01,2020-04-01,cecb45b28a5d81fdebf05a7a4dd3fb9c7b1f002a
greenkeeper[bot],https://api.github.com/repos/appium/appium/pulls/14111,https://api.github.com/repos/appium/appium/issues/14111,closed,2020-03-26,2020-03-27,,227ad61d64836f4f3e251f7801b1404ee38950ac
KazuCocoa,https://api.github.com/repos/appium/appium/pulls/14067,https://api.github.com/repos/appium/appium/issues/14067,closed,2020-03-15,2022-01-07,2020-04-13,8762c50d9176278a1aa594d7f43412c8bf7ab059
wmaiouiru,https://api.github.com/repos/appium/appium/pulls/14065,https://api.github.com/repos/appium/appium/issues/14065,closed,2020-03-14,2020-03-14,2020-03-14,022fdc5304ee18425ea43b6a790e5112bc66c075
triager,https://api.github.com/repos/appium/appium/pulls/14042,https://api.github.com/repos/appium/appium/issues/14042,closed,2020-03-07,2020-03-07,2020-03-07,a67cef7fea12f147c3208290e1365c998232dccf
philippruff,https://api.github.com/repos/appium/appium/pulls/14035,https://api.github.com/repos/appium/appium/issues/14035,closed,2020-03-05,2020-03-05,2020-03-05,40ef5dd5e1056961a757b970663dcdbc4f326744
KazuCocoa,https://api.github.com/repos/appium/appium/pulls/14028,https://api.github.com/repos/appium/appium/issues/14028,closed,2020-03-05,2020-03-07,2020-03-07,b9af92b037e53a826065c6b48cb8c3a64b96b675
triager,https://api.github.com/repos/appium/appium/pulls/14023,https://api.github.com/repos/appium/appium/issues/14023,closed,2020-03-04,2020-03-04,2020-03-04,1be5bd8c1e22fe46188dd9c498766ae587c88887
KazuCocoa,https://api.github.com/repos/appium/appium/pulls/14021,https://api.github.com/repos/appium/appium/issues/14021,closed,2020-03-03,2020-03-04,,5d4a1e4e2c4b615963c7568256b424f5a50e7a9d
KazuCocoa,https://api.github.com/repos/appium/appium/pulls/14017,https://api.github.com/repos/appium/appium/issues/14017,closed,2020-03-03,2020-03-04,2020-03-04,93c0153a9f6f92f959095aed37f89e7c9fd4920b
imurchie,https://api.github.com/repos/appium/appium/pulls/14015,https://api.github.com/repos/appium/appium/issues/14015,closed,2020-03-02,2020-03-15,2020-03-15,8cffb5274854c4cc1e639d56fb2e539c6a5c1786
imurchie,https://api.github.com/repos/appium/appium/pulls/13987,https://api.github.com/repos/appium/appium/issues/13987,closed,2020-02-24,2020-02-25,2020-02-25,9fccbc426b1f0131e8a51a5132f97c07bbe23174
KazuCocoa,https://api.github.com/repos/appium/appium/pulls/13981,https://api.github.com/repos/appium/appium/issues/13981,closed,2020-02-22,2020-03-07,2020-03-07,402dd888fb41af126d2f981c24cf37c6ebb38c47
KazuCocoa,https://api.github.com/repos/appium/appium/pulls/13971,https://api.github.com/repos/appium/appium/issues/13971,closed,2020-02-21,2020-02-21,2020-02-21,e34d6f30ce1874f962cd31e07866df6d33332af0
KazuCocoa,https://api.github.com/repos/appium/appium/pulls/13966,https://api.github.com/repos/appium/appium/issues/13966,closed,2020-02-20,2020-02-20,2020-02-20,933b91e7b306aa1d77a43bb7076c9b6ef0d94ff8
greenkeeper[bot],https://api.github.com/repos/appium/appium/pulls/13959,https://api.github.com/repos/appium/appium/issues/13959,closed,2020-02-19,2020-02-20,2020-02-20,3d48bba00c30e0d04bd49a1011bbb7272a350c0a
sapandang,https://api.github.com/repos/appium/appium/pulls/13954,https://api.github.com/repos/appium/appium/issues/13954,closed,2020-02-18,2020-02-21,2020-02-21,08c3c5204af0eed6d1a45854f1da224245edb4e8
christian-bromann,https://api.github.com/repos/appium/appium/pulls/13950,https://api.github.com/repos/appium/appium/issues/13950,closed,2020-02-17,2020-02-18,2020-02-18,a67ac0b79a06f7a0a88e71803a221548e956f7d8
triager,https://api.github.com/repos/appium/appium/pulls/13934,https://api.github.com/repos/appium/appium/issues/13934,closed,2020-02-12,2020-02-12,2020-02-12,efb74488db6f79ef8eadbf46dc3fabc51306d1ba
vikaschoudhary89,https://api.github.com/repos/appium/appium/pulls/13933,https://api.github.com/repos/appium/appium/issues/13933,closed,2020-02-12,2020-02-12,2020-02-12,ab9808fa2bed1bc5242cbdf108d8183e078b67c4
imurchie,https://api.github.com/repos/appium/appium/pulls/13926,https://api.github.com/repos/appium/appium/issues/13926,closed,2020-02-07,2020-02-07,2020-02-07,74ebc3aff8801cf7c5ecc1582227be4604cc1436
KazuCocoa,https://api.github.com/repos/appium/appium/pulls/13915,https://api.github.com/repos/appium/appium/issues/13915,closed,2020-02-05,2020-03-28,,349ff3e07754e66fa57c382c0437e3d5e76fa122
mykola-mokhnach,https://api.github.com/repos/appium/appium/pulls/13913,https://api.github.com/repos/appium/appium/issues/13913,closed,2020-02-04,2020-02-05,2020-02-05,30c8cb353fd54d5bb28d6cf7471385d45afa6d19
KazuCocoa,https://api.github.com/repos/appium/appium/pulls/13902,https://api.github.com/repos/appium/appium/issues/13902,closed,2020-02-02,2020-02-02,2020-02-02,d613ee67c4e4d5fce16565198316df67e3bed47b
rajdeepv,https://api.github.com/repos/appium/appium/pulls/13901,https://api.github.com/repos/appium/appium/issues/13901,closed,2020-02-01,2020-04-23,,b9671f9710531507d4a9e518e85eda7f0b422e2b
triager,https://api.github.com/repos/appium/appium/pulls/13899,https://api.github.com/repos/appium/appium/issues/13899,closed,2020-02-01,2020-02-01,2020-02-01,60aad64f7bda09c5efcafb682a027bc16b5e1dbe
KazuCocoa,https://api.github.com/repos/appium/appium/pulls/13898,https://api.github.com/repos/appium/appium/issues/13898,closed,2020-02-01,2020-02-01,2020-02-01,acbc298202bcfbd5383964225899b293ef834a9c
kyoungmo-yang,https://api.github.com/repos/appium/appium/pulls/13893,https://api.github.com/repos/appium/appium/issues/13893,closed,2020-01-30,2020-01-30,,252fe67ddbf9d958e908a888b060bab1f5ffcb5b
mykola-mokhnach,https://api.github.com/repos/appium/appium/pulls/13887,https://api.github.com/repos/appium/appium/issues/13887,closed,2020-01-29,2020-01-29,2020-01-29,3a41f32e42e852675df2c94e33b030711840f5e5
greenkeeper[bot],https://api.github.com/repos/appium/appium/pulls/13876,https://api.github.com/repos/appium/appium/issues/13876,closed,2020-01-26,2020-01-27,2020-01-27,0cd15541dafbbd79e745ab32814b503e009fb546
greenkeeper[bot],https://api.github.com/repos/appium/appium/pulls/13875,https://api.github.com/repos/appium/appium/issues/13875,closed,2020-01-26,2020-01-27,2020-01-27,e46e8aff291c0809b2312e1d0c58e741fb66be79
blane1988,https://api.github.com/repos/appium/appium/pulls/13869,https://api.github.com/repos/appium/appium/issues/13869,closed,2020-01-23,2020-02-03,2020-01-27,444bf9f68184f82d75c75d657f3fae84743550a7
triager,https://api.github.com/repos/appium/appium/pulls/13867,https://api.github.com/repos/appium/appium/issues/13867,closed,2020-01-22,2020-01-22,2020-01-22,e0e1b94241cc3e7e9bfed768273b8a4537f2e454
jwoff25,https://api.github.com/repos/appium/appium/pulls/13857,https://api.github.com/repos/appium/appium/issues/13857,closed,2020-01-21,2020-01-29,2020-01-29,5acbc1c62d40c1645dcaa1a17cdb561d640e88fe
dpgraham,https://api.github.com/repos/appium/appium/pulls/13855,https://api.github.com/repos/appium/appium/issues/13855,closed,2020-01-20,2020-01-21,2020-01-21,fceff0c1b14b024e16dcd03daddf383f9d777e2b
KazuCocoa,https://api.github.com/repos/appium/appium/pulls/13852,https://api.github.com/repos/appium/appium/issues/13852,closed,2020-01-19,2020-02-01,2020-02-01,8f3df2221921b82350b0f3ecd72e1c822322327a
MagicPoulp,https://api.github.com/repos/appium/appium/pulls/13847,https://api.github.com/repos/appium/appium/issues/13847,closed,2020-01-16,2020-01-22,2020-01-22,7790715372a5123f26d9b5d6a719ca50fa381b43
KazuCocoa,https://api.github.com/repos/appium/appium/pulls/13837,https://api.github.com/repos/appium/appium/issues/13837,closed,2020-01-14,2020-01-18,2020-01-18,153f90fa57feee32f3cfc4486d0be0ddf4e745b4
MagicPoulp,https://api.github.com/repos/appium/appium/pulls/13833,https://api.github.com/repos/appium/appium/issues/13833,closed,2020-01-14,2020-01-16,,5ca458dcdc3a346dbc6e249ba29612ecda5fac65
livenlearnaday,https://api.github.com/repos/appium/appium/pulls/13832,https://api.github.com/repos/appium/appium/issues/13832,closed,2020-01-14,2020-01-14,,61b979fab548c553edff6af00cf81f79272bbfe9
mykola-mokhnach,https://api.github.com/repos/appium/appium/pulls/13815,https://api.github.com/repos/appium/appium/issues/13815,closed,2020-01-08,2020-01-08,2020-01-08,67eeed52799de1a3f7891965a927bbda9c03dc7d
dpgraham,https://api.github.com/repos/appium/appium/pulls/13808,https://api.github.com/repos/appium/appium/issues/13808,closed,2020-01-07,2020-01-08,2020-01-08,f2dea5486c2885b9470e8bd8d2c7522c403992c3
KazuCocoa,https://api.github.com/repos/appium/appium/pulls/13796,https://api.github.com/repos/appium/appium/issues/13796,closed,2020-01-04,2020-01-18,2020-01-18,0c8560134c5ae860d576e5ec21971cd19900814b
KazuCocoa,https://api.github.com/repos/appium/appium/pulls/13795,https://api.github.com/repos/appium/appium/issues/13795,closed,2020-01-04,2020-02-01,2020-02-01,ba62bdd5213605e0505c5996d701e7f60a2546c6
triager,https://api.github.com/repos/appium/appium/pulls/13779,https://api.github.com/repos/appium/appium/issues/13779,closed,2019-12-31,2019-12-31,2019-12-31,d05573600bb3ef2663a9c1e37a02c2ff5ec62155
greenkeeper[bot],https://api.github.com/repos/appium/appium/pulls/13772,https://api.github.com/repos/appium/appium/issues/13772,closed,2019-12-26,2019-12-26,2019-12-26,2a39b33e8f58588af53dd7946f2c05450fbd0d33
imurchie,https://api.github.com/repos/appium/appium/pulls/13771,https://api.github.com/repos/appium/appium/issues/13771,closed,2019-12-26,2019-12-26,2019-12-26,68d4cca0314f0464caadf21a0f57d88a19acf531
tinder-ktarasov,https://api.github.com/repos/appium/appium/pulls/13766,https://api.github.com/repos/appium/appium/issues/13766,closed,2019-12-24,2020-01-09,2020-01-06,6252174c516f7a850e60da8c72fa84ceb17568a9
KazuCocoa,https://api.github.com/repos/appium/appium/pulls/13765,https://api.github.com/repos/appium/appium/issues/13765,closed,2019-12-24,2019-12-31,2019-12-31,8c40f79e5ecbea51c978aacd0f0ca9d4bc20d6a6
triager,https://api.github.com/repos/appium/appium/pulls/13763,https://api.github.com/repos/appium/appium/issues/13763,closed,2019-12-24,2019-12-24,2019-12-24,8999a858c069041a35c53e08fad31c9b4970ba60
triager,https://api.github.com/repos/appium/appium/pulls/13762,https://api.github.com/repos/appium/appium/issues/13762,closed,2019-12-23,2019-12-24,,5fd537835c96d3faeabed77adfaa3ded0359f605
greenkeeper[bot],https://api.github.com/repos/appium/appium/pulls/13759,https://api.github.com/repos/appium/appium/issues/13759,closed,2019-12-22,2019-12-23,2019-12-23,b64118c311e6026cfd028170240e25b198cbaef1
KazuCocoa,https://api.github.com/repos/appium/appium/pulls/13750,https://api.github.com/repos/appium/appium/issues/13750,closed,2019-12-19,2020-01-30,2019-12-23,61e1f0e31cd64f88044ea978b71d2810b721f5cb
TyCmd,https://api.github.com/repos/appium/appium/pulls/13739,https://api.github.com/repos/appium/appium/issues/13739,closed,2019-12-17,2019-12-18,2019-12-18,c7a0ee3b828fdc70a640e789d8ab34eff8a265ed
triager,https://api.github.com/repos/appium/appium/pulls/13732,https://api.github.com/repos/appium/appium/issues/13732,closed,2019-12-17,2019-12-17,2019-12-17,5b5fe67aec33112f87e669d5a6f06d64fbe92509
nphumy98,https://api.github.com/repos/appium/appium/pulls/13724,https://api.github.com/repos/appium/appium/issues/13724,closed,2019-12-15,2019-12-16,2019-12-16,3318a25205e4c1523019a331d112f0ec20468f5d
greenkeeper[bot],https://api.github.com/repos/appium/appium/pulls/13721,https://api.github.com/repos/appium/appium/issues/13721,closed,2019-12-14,2019-12-16,2019-12-16,f98b50f3f4b852cc508b16336065f278cc9595ca
santius,https://api.github.com/repos/appium/appium/pulls/13718,https://api.github.com/repos/appium/appium/issues/13718,closed,2019-12-13,2019-12-17,2019-12-17,fe293dcaf4621ae68f4d61f891b872442f7627bc
mykola-mokhnach,https://api.github.com/repos/appium/appium/pulls/13717,https://api.github.com/repos/appium/appium/issues/13717,closed,2019-12-13,2020-01-05,2020-01-05,7edb1da9ffea97afaee7415a9d2ba5a086d54159
laolubenson,https://api.github.com/repos/appium/appium/pulls/13715,https://api.github.com/repos/appium/appium/issues/13715,closed,2019-12-13,2019-12-13,2019-12-13,15dfb6657da50668214fc2540e04c4688a1acd4e
triager,https://api.github.com/repos/appium/appium/pulls/13713,https://api.github.com/repos/appium/appium/issues/13713,closed,2019-12-12,2019-12-15,2019-12-15,e4da46ccb16ce1880235ba70482614f5673568a3
laolubenson,https://api.github.com/repos/appium/appium/pulls/13708,https://api.github.com/repos/appium/appium/issues/13708,closed,2019-12-11,2019-12-12,2019-12-12,c96f701b424f8544de44851891766d77b546b40a
DerKnerd,https://api.github.com/repos/appium/appium/pulls/13704,https://api.github.com/repos/appium/appium/issues/13704,closed,2019-12-11,2019-12-18,2019-12-12,68da5da2fc335077828b2f98df4dd4e18d32301e
blane1988,https://api.github.com/repos/appium/appium/pulls/13700,https://api.github.com/repos/appium/appium/issues/13700,closed,2019-12-10,2019-12-10,2019-12-10,d9cb752a5368a122c06c3aaa70dcd3f65049df83
manivannan184,https://api.github.com/repos/appium/appium/pulls/13697,https://api.github.com/repos/appium/appium/issues/13697,closed,2019-12-10,2019-12-12,2019-12-12,27ec7b02046d08ee79b7568ff573ec1787ccb07b
KazuCocoa,https://api.github.com/repos/appium/appium/pulls/13693,https://api.github.com/repos/appium/appium/issues/13693,closed,2019-12-07,2019-12-24,2019-12-24,9207f516819546cae5bb7f27cec921e765399056
zeroth,https://api.github.com/repos/appium/appium/pulls/13674,https://api.github.com/repos/appium/appium/issues/13674,closed,2019-12-03,2019-12-27,2019-12-27,f89a374a8972a9a24175db694486d59b627c6cd4
mykola-mokhnach,https://api.github.com/repos/appium/appium/pulls/13662,https://api.github.com/repos/appium/appium/issues/13662,closed,2019-12-02,2019-12-04,2019-12-04,5ecd5a4790b7d4a9ca97c473022e9ac5590538f3
triager,https://api.github.com/repos/appium/appium/pulls/13653,https://api.github.com/repos/appium/appium/issues/13653,closed,2019-11-28,2019-11-28,2019-11-28,673a75c6b497b897bac350b2a13349c256fbf4b0
mykola-mokhnach,https://api.github.com/repos/appium/appium/pulls/13650,https://api.github.com/repos/appium/appium/issues/13650,closed,2019-11-27,2019-11-28,2019-11-28,ce8d3eb0af385872ee378e5c92985b5d2eb67235
greenkeeper[bot],https://api.github.com/repos/appium/appium/pulls/13636,https://api.github.com/repos/appium/appium/issues/13636,closed,2019-11-25,2019-12-10,,2ec80e1eabdc4b613cf5486c01742620832b7bbe
mykola-mokhnach,https://api.github.com/repos/appium/appium/pulls/13635,https://api.github.com/repos/appium/appium/issues/13635,closed,2019-11-25,2019-11-26,2019-11-26,563dc542dfacc8e74cfc93e8bc35a2f9d3027ea5
dpgraham,https://api.github.com/repos/appium/appium/pulls/13634,https://api.github.com/repos/appium/appium/issues/13634,closed,2019-11-25,2019-12-23,,33a0928a6adea53b16ab9876f094ae953ea89785
KazuCocoa,https://api.github.com/repos/appium/appium/pulls/13617,https://api.github.com/repos/appium/appium/issues/13617,closed,2019-11-19,2019-11-22,2019-11-22,67e85ff02ce0d9d1237912e38b207869431e7e07
imurchie,https://api.github.com/repos/appium/appium/pulls/13598,https://api.github.com/repos/appium/appium/issues/13598,closed,2019-11-13,2019-11-14,2019-11-14,34e6aaba927f9eaba2493f39e63eb5e0d5553d8e
triager,https://api.github.com/repos/appium/appium/pulls/13592,https://api.github.com/repos/appium/appium/issues/13592,closed,2019-11-12,2019-11-14,,2887ed2d7a0f37b9b3c225e99ebc5377ba29dcc7
imurchie,https://api.github.com/repos/appium/appium/pulls/13591,https://api.github.com/repos/appium/appium/issues/13591,closed,2019-11-12,2019-11-12,2019-11-12,d43b7e34b3978522b2fbae11b40088b1bcd2588a
triager,https://api.github.com/repos/appium/appium/pulls/13589,https://api.github.com/repos/appium/appium/issues/13589,closed,2019-11-12,2019-11-14,2019-11-14,676ec664348811139ee3fbaeb90eec397bc856c9
serhatbolsu,https://api.github.com/repos/appium/appium/pulls/13588,https://api.github.com/repos/appium/appium/issues/13588,closed,2019-11-12,2019-11-12,2019-11-12,68154ddec478ddf7d2adb7cdd020386618a3953b
selenUser,https://api.github.com/repos/appium/appium/pulls/13584,https://api.github.com/repos/appium/appium/issues/13584,closed,2019-11-12,2019-11-12,2019-11-12,894ad86bba976c6664dac4b5aea455bc714a110a
KazuCocoa,https://api.github.com/repos/appium/appium/pulls/13574,https://api.github.com/repos/appium/appium/issues/13574,closed,2019-11-09,2019-11-15,2019-11-15,c802199149a4bd8aa7c8ec5261ba3c48a6642606
KazuCocoa,https://api.github.com/repos/appium/appium/pulls/13573,https://api.github.com/repos/appium/appium/issues/13573,closed,2019-11-09,2019-11-12,2019-11-12,782d19ff31c07f5c253ecfd044da47e3f0f42f05
KazuCocoa,https://api.github.com/repos/appium/appium/pulls/13572,https://api.github.com/repos/appium/appium/issues/13572,closed,2019-11-09,2019-11-09,,e07767bea038065482390b463f1313deaf19d60a
imurchie,https://api.github.com/repos/appium/appium/pulls/13563,https://api.github.com/repos/appium/appium/issues/13563,closed,2019-11-07,2019-11-07,2019-11-07,6eb491078a7bdc67805a7a0f7a7905f017fdadc5
eto2099,https://api.github.com/repos/appium/appium/pulls/13562,https://api.github.com/repos/appium/appium/issues/13562,closed,2019-11-07,2019-11-14,,b5634d6dc688d54c3906d24cc7d1dfb39cbac3fe
imurchie,https://api.github.com/repos/appium/appium/pulls/13553,https://api.github.com/repos/appium/appium/issues/13553,closed,2019-11-06,2019-11-07,2019-11-07,2aa4e33db5f862200ac83b829d1df9dc92ab7141
mykola-mokhnach,https://api.github.com/repos/appium/appium/pulls/13544,https://api.github.com/repos/appium/appium/issues/13544,closed,2019-11-05,2019-11-25,,f76a18c418263aad6e258acb11304a6c3964cd3d
KazuCocoa,https://api.github.com/repos/appium/appium/pulls/13535,https://api.github.com/repos/appium/appium/issues/13535,closed,2019-11-02,2019-11-06,2019-11-06,abb68533699ed96f95e16ecf53f7f0f2ed7d6d50
triager,https://api.github.com/repos/appium/appium/pulls/13534,https://api.github.com/repos/appium/appium/issues/13534,closed,2019-11-02,2019-11-08,,2e518632ab015e75e5ebc3b69eb71d3c1c1a40de
triager,https://api.github.com/repos/appium/appium/pulls/13530,https://api.github.com/repos/appium/appium/issues/13530,closed,2019-11-01,2019-11-02,2019-11-02,88ed85e116eddc6c7c8c353b74dee0f3c3a191ee
chinchiheather,https://api.github.com/repos/appium/appium/pulls/13527,https://api.github.com/repos/appium/appium/issues/13527,closed,2019-11-01,2019-11-01,2019-11-01,ceba3f0d367ba1edb8ea6e6d27bfea08b3e2ee67
KazuCocoa,https://api.github.com/repos/appium/appium/pulls/13523,https://api.github.com/repos/appium/appium/issues/13523,closed,2019-10-31,2019-11-02,2019-11-02,3101101ef163ec6f9419d2a1106b2273153e82d9
KazuCocoa,https://api.github.com/repos/appium/appium/pulls/13507,https://api.github.com/repos/appium/appium/issues/13507,closed,2019-10-29,2019-10-31,2019-10-31,7af3dc990c2e0ece3c0a371662f1cf40b0620eb0
owlsnakes,https://api.github.com/repos/appium/appium/pulls/13494,https://api.github.com/repos/appium/appium/issues/13494,closed,2019-10-25,2019-10-26,2019-10-26,04a33cf08086a83f33c693ff1df8f5752cce6ce1
khanhdodang,https://api.github.com/repos/appium/appium/pulls/13489,https://api.github.com/repos/appium/appium/issues/13489,closed,2019-10-25,2019-10-25,2019-10-25,98a6c1d4ae362bc7cdf954de1ca2339d838caff4
owlsnakes,https://api.github.com/repos/appium/appium/pulls/13481,https://api.github.com/repos/appium/appium/issues/13481,closed,2019-10-23,2019-10-24,2019-10-24,927379e4f0c1b9a03f030f52c0de1c26237d6e2b
imurchie,https://api.github.com/repos/appium/appium/pulls/13479,https://api.github.com/repos/appium/appium/issues/13479,closed,2019-10-23,2019-11-01,2019-11-01,e4bdd2cd2d53f4bd3f15db7316f835384262cf4e
KazuCocoa,https://api.github.com/repos/appium/appium/pulls/13475,https://api.github.com/repos/appium/appium/issues/13475,closed,2019-10-23,2019-10-23,2019-10-23,59caec00cf1066d23e606700fbe2f81ce54b627a
guandalf,https://api.github.com/repos/appium/appium/pulls/13470,https://api.github.com/repos/appium/appium/issues/13470,closed,2019-10-22,2019-10-23,2019-10-23,4b01a592b5cf003c4d32823853c07cfabc782ee3
jlipps,https://api.github.com/repos/appium/appium/pulls/13463,https://api.github.com/repos/appium/appium/issues/13463,closed,2019-10-21,2020-06-05,2020-05-07,11a813cc7d26e66beae3f4c2c7f6ffaeab32e3bb
jlipps,https://api.github.com/repos/appium/appium/pulls/13461,https://api.github.com/repos/appium/appium/issues/13461,closed,2019-10-21,2019-10-21,2019-10-21,b9d45a660e81b58dedffc5ea44e145c68cb9429b
jlipps,https://api.github.com/repos/appium/appium/pulls/13459,https://api.github.com/repos/appium/appium/issues/13459,closed,2019-10-21,2019-10-21,,f7113d4a0c248c1da0e9c4667fba43f77470cd67
KazuCocoa,https://api.github.com/repos/appium/appium/pulls/13448,https://api.github.com/repos/appium/appium/issues/13448,closed,2019-10-18,2019-10-31,2019-10-31,91f8eed9cdbc74caf615eabf6d56c2c6e0800e71
rkpatel7,https://api.github.com/repos/appium/appium/pulls/13416,https://api.github.com/repos/appium/appium/issues/13416,closed,2019-10-11,2019-10-15,2019-10-15,c16b8550a5bbd4242ee885a061f3863f945e8833
dpgraham,https://api.github.com/repos/appium/appium/pulls/13414,https://api.github.com/repos/appium/appium/issues/13414,closed,2019-10-11,2019-10-13,2019-10-13,364be2f280793c1bc9fab5e5703ef5b4d8b94937
KazuCocoa,https://api.github.com/repos/appium/appium/pulls/13408,https://api.github.com/repos/appium/appium/issues/13408,closed,2019-10-11,2019-10-17,2019-10-17,468aa4bb2dedb2f6768b67f3b4d36620f4613eee
dpgraham,https://api.github.com/repos/appium/appium/pulls/13402,https://api.github.com/repos/appium/appium/issues/13402,closed,2019-10-10,2019-10-11,2019-10-11,cfbb169acf3cc247a51df46ab927174c7a1c1296
dpgraham,https://api.github.com/repos/appium/appium/pulls/13400,https://api.github.com/repos/appium/appium/issues/13400,closed,2019-10-09,2019-10-10,2019-10-10,b028b6f36ce850c95a95010e7d8b1db876b19264
KazuCocoa,https://api.github.com/repos/appium/appium/pulls/13393,https://api.github.com/repos/appium/appium/issues/13393,closed,2019-10-09,2019-10-23,2019-10-23,b6376dd9b785d6257ca412add756f454d9eddc70
greenkeeper[bot],https://api.github.com/repos/appium/appium/pulls/13383,https://api.github.com/repos/appium/appium/issues/13383,closed,2019-10-08,2019-11-07,,62987a3a1770c2a751b49a3093fd89581ce14869
triager,https://api.github.com/repos/appium/appium/pulls/13382,https://api.github.com/repos/appium/appium/issues/13382,closed,2019-10-08,2019-10-09,2019-10-09,19e0186bbff61f32604b74a9b322fceb5276968a
dpgraham,https://api.github.com/repos/appium/appium/pulls/13374,https://api.github.com/repos/appium/appium/issues/13374,closed,2019-10-07,2019-10-09,2019-10-07,455a11d2ef33333d61130391f2e52718a2eab6db
mykola-mokhnach,https://api.github.com/repos/appium/appium/pulls/13371,https://api.github.com/repos/appium/appium/issues/13371,closed,2019-10-06,2019-10-07,2019-10-07,d3081ca46bfcf0fcc3732f5b0a121f785f77666d
KazuCocoa,https://api.github.com/repos/appium/appium/pulls/13368,https://api.github.com/repos/appium/appium/issues/13368,closed,2019-10-05,2020-01-27,2019-10-23,7fc44e895a02fb5665d86cbd2f869890117a696e
chenrui333,https://api.github.com/repos/appium/appium/pulls/13363,https://api.github.com/repos/appium/appium/issues/13363,closed,2019-10-04,2019-11-14,,639a608041512cfc58a8c04a532e6b733e6be71d
babusekaran,https://api.github.com/repos/appium/appium/pulls/13354,https://api.github.com/repos/appium/appium/issues/13354,closed,2019-10-03,2019-10-07,2019-10-07,3e10b6a933dda30c95084fbac26ce71b806c30b1
KazuCocoa,https://api.github.com/repos/appium/appium/pulls/13349,https://api.github.com/repos/appium/appium/issues/13349,closed,2019-10-03,2019-10-03,2019-10-03,a74c299fbaef67984046b26595e7745fe1fc4261
Vivekpks,https://api.github.com/repos/appium/appium/pulls/13335,https://api.github.com/repos/appium/appium/issues/13335,closed,2019-10-01,2019-11-14,,ce6a0a06c7b66b2f281a5cb6245570797458dad9
KazuCocoa,https://api.github.com/repos/appium/appium/pulls/13315,https://api.github.com/repos/appium/appium/issues/13315,closed,2019-09-29,2019-09-30,2019-09-30,cf9f37d85e319f4af2548ce49ca1ac78146a36e4
KazuCocoa,https://api.github.com/repos/appium/appium/pulls/13314,https://api.github.com/repos/appium/appium/issues/13314,closed,2019-09-28,2019-09-29,2019-09-29,b2572ca3a45086f91e409ff8b019d853fa6eb17c
imurchie,https://api.github.com/repos/appium/appium/pulls/13312,https://api.github.com/repos/appium/appium/issues/13312,closed,2019-09-27,2019-09-27,,7296d9cf963ad9e4ccbf03d199a574510435863a
greenkeeper[bot],https://api.github.com/repos/appium/appium/pulls/13311,https://api.github.com/repos/appium/appium/issues/13311,closed,2019-09-27,2019-09-27,2019-09-27,bc8e902a6fc7966dfc0f875aafa0460e4ab52700
KazuCocoa,https://api.github.com/repos/appium/appium/pulls/13300,https://api.github.com/repos/appium/appium/issues/13300,closed,2019-09-26,2019-09-26,2019-09-26,1b193aad40b3cb10603cc13d168d0e105ae9f111
KazuCocoa,https://api.github.com/repos/appium/appium/pulls/13293,https://api.github.com/repos/appium/appium/issues/13293,closed,2019-09-26,2019-10-22,2019-10-22,1e5d13dce01059fe0e9ab1c382610093f3bc8922
dpgraham,https://api.github.com/repos/appium/appium/pulls/13281,https://api.github.com/repos/appium/appium/issues/13281,closed,2019-09-24,2019-09-24,2019-09-24,8e776b4dde675a1d7a5b3b34776add98daf6eb81
KazuCocoa,https://api.github.com/repos/appium/appium/pulls/13276,https://api.github.com/repos/appium/appium/issues/13276,closed,2019-09-23,2019-09-26,2019-09-26,3c363de0fb4813a52da9a604e474ce8aa2d26cbd
KazuCocoa,https://api.github.com/repos/appium/appium/pulls/13265,https://api.github.com/repos/appium/appium/issues/13265,closed,2019-09-20,2019-09-21,2019-09-21,aed49a8d6c81c1bc636ef89006ff15b5949a48be
imurchie,https://api.github.com/repos/appium/appium/pulls/13264,https://api.github.com/repos/appium/appium/issues/13264,closed,2019-09-19,2019-09-26,2019-09-26,7362d87bcd951d4535764cb311ab6b1c7d99ba5a
triager,https://api.github.com/repos/appium/appium/pulls/13253,https://api.github.com/repos/appium/appium/issues/13253,closed,2019-09-18,2019-09-19,2019-09-19,87088d2e4114e21f2992b274a41b7207be5590dc
KazuCocoa,https://api.github.com/repos/appium/appium/pulls/13251,https://api.github.com/repos/appium/appium/issues/13251,closed,2019-09-17,2019-09-18,2019-09-18,7d0149ebd19611b6db1bf174af19d02da2637f21
KazuCocoa,https://api.github.com/repos/appium/appium/pulls/13247,https://api.github.com/repos/appium/appium/issues/13247,closed,2019-09-17,2019-09-18,2019-09-18,bc4e6280990657d1c1edbde6b1f2e609f3ccb252
triager,https://api.github.com/repos/appium/appium/pulls/13230,https://api.github.com/repos/appium/appium/issues/13230,closed,2019-09-12,2019-09-13,2019-09-13,8a023a985601fb108c2fbdabbbb3f93f9e848b85
KazuCocoa,https://api.github.com/repos/appium/appium/pulls/13225,https://api.github.com/repos/appium/appium/issues/13225,closed,2019-09-12,2019-09-19,2019-09-19,71b9876715fb452cbe59b104007da3ba8297d795
scout208,https://api.github.com/repos/appium/appium/pulls/13222,https://api.github.com/repos/appium/appium/issues/13222,closed,2019-09-11,2019-09-11,2019-09-11,a6f6ef86d9dade165aad94ce110599e834532483
KazuCocoa,https://api.github.com/repos/appium/appium/pulls/13212,https://api.github.com/repos/appium/appium/issues/13212,closed,2019-09-09,2019-09-12,2019-09-12,c7796f844908f86e9e8bc2834583bf1ed2c9d40d
triager,https://api.github.com/repos/appium/appium/pulls/13203,https://api.github.com/repos/appium/appium/issues/13203,closed,2019-09-07,2019-11-07,2019-09-07,4f6227067e0eef81a63eb31564949dc1a58d0b8c
triager,https://api.github.com/repos/appium/appium/pulls/13202,https://api.github.com/repos/appium/appium/issues/13202,closed,2019-09-07,2019-09-07,,99388f83e1ee351114fcc8d8ca8716a8901962a7
triager,https://api.github.com/repos/appium/appium/pulls/13201,https://api.github.com/repos/appium/appium/issues/13201,closed,2019-09-07,2019-09-07,,f3ba3ce83128cd2aca69533265330110a5cf2f0f
owlsnakes,https://api.github.com/repos/appium/appium/pulls/13162,https://api.github.com/repos/appium/appium/issues/13162,closed,2019-08-30,2019-09-04,2019-09-04,d13dff99a3e6ed34886fd4b7d6015a4f32ccafa8
licanhua,https://api.github.com/repos/appium/appium/pulls/13157,https://api.github.com/repos/appium/appium/issues/13157,closed,2019-08-29,2019-08-31,2019-08-31,b38ed1efcd7989aa0b84b538263cc0665d5e6a39
KazuCocoa,https://api.github.com/repos/appium/appium/pulls/13155,https://api.github.com/repos/appium/appium/issues/13155,closed,2019-08-29,2019-09-13,2019-09-13,c9012bcc74725e5aaf9daab00099af36736c66f2
triager,https://api.github.com/repos/appium/appium/pulls/13150,https://api.github.com/repos/appium/appium/issues/13150,closed,2019-08-29,2019-08-29,2019-08-29,b12c6e22e316db2f0becf8f3754549811a57b0f4
dpgraham,https://api.github.com/repos/appium/appium/pulls/13148,https://api.github.com/repos/appium/appium/issues/13148,closed,2019-08-28,2019-08-28,2019-08-28,2e90779707359816962f4b81e33cea0ca089750e
thebeardedcoderIN,https://api.github.com/repos/appium/appium/pulls/13143,https://api.github.com/repos/appium/appium/issues/13143,closed,2019-08-28,2019-09-12,,78865ce021afb2787e637e664aa82a9fce7d006f
drfiresign,https://api.github.com/repos/appium/appium/pulls/13142,https://api.github.com/repos/appium/appium/issues/13142,closed,2019-08-28,2019-08-29,2019-08-29,8956c3f0a96f02de002943b89a7778c545b6e519
KazuCocoa,https://api.github.com/repos/appium/appium/pulls/13139,https://api.github.com/repos/appium/appium/issues/13139,closed,2019-08-28,2019-08-28,2019-08-28,15d3774b013e736b163902f9c67a417c8aa3ebf5
dpgraham,https://api.github.com/repos/appium/appium/pulls/13137,https://api.github.com/repos/appium/appium/issues/13137,closed,2019-08-27,2019-11-07,,74ea930ac9c62e0252451dd395e6ee4d796f4d94
jlipps,https://api.github.com/repos/appium/appium/pulls/13135,https://api.github.com/repos/appium/appium/issues/13135,closed,2019-08-27,2019-08-28,2019-08-28,d9dfa35c00d5381661e8fbef8fbad3fc5c24b75e
padmakarsrinivas,https://api.github.com/repos/appium/appium/pulls/13132,https://api.github.com/repos/appium/appium/issues/13132,closed,2019-08-27,2019-08-29,2019-08-29,40cb4f610cac7f8a1c276e6335736e093d22007d
triager,https://api.github.com/repos/appium/appium/pulls/13128,https://api.github.com/repos/appium/appium/issues/13128,closed,2019-08-26,2019-08-28,2019-08-28,86e3aa5e971d49ffa06be57d2382476169a304b9
mrk-han,https://api.github.com/repos/appium/appium/pulls/13120,https://api.github.com/repos/appium/appium/issues/13120,closed,2019-08-25,2019-08-26,2019-08-26,591c776b8e9e43a197c7f81d2aac4f4636ed7ecf
mrk-han,https://api.github.com/repos/appium/appium/pulls/13118,https://api.github.com/repos/appium/appium/issues/13118,closed,2019-08-25,2019-08-26,2019-08-26,6df7bae18aaade59291c34d027d3ad8d4e4175f8
imurchie,https://api.github.com/repos/appium/appium/pulls/13107,https://api.github.com/repos/appium/appium/issues/13107,closed,2019-08-22,2019-08-22,2019-08-22,be967320c2e3e7a83adcf5a626480458dc92bddd
lage1004,https://api.github.com/repos/appium/appium/pulls/13103,https://api.github.com/repos/appium/appium/issues/13103,closed,2019-08-22,2019-08-30,,de29080c1d8fe732e789584452aee4aa5bd46782
imurchie,https://api.github.com/repos/appium/appium/pulls/13101,https://api.github.com/repos/appium/appium/issues/13101,closed,2019-08-21,2019-08-22,2019-08-22,8fba6bd2396ee464c8130aca10ff77d42b05db37
triager,https://api.github.com/repos/appium/appium/pulls/13094,https://api.github.com/repos/appium/appium/issues/13094,closed,2019-08-19,2019-08-20,2019-08-20,e1f404c1a0ae430a219f2a3cc080122b82261aac
KazuCocoa,https://api.github.com/repos/appium/appium/pulls/13092,https://api.github.com/repos/appium/appium/issues/13092,closed,2019-08-18,2019-08-21,2019-08-21,5d05313808f026047ea673010f1749cf1ed07a42
ki4070ma,https://api.github.com/repos/appium/appium/pulls/13091,https://api.github.com/repos/appium/appium/issues/13091,closed,2019-08-18,2019-08-18,2019-08-18,bdb234db9e7e8a90a69543c2f78c47fa902de92a
arazantsau,https://api.github.com/repos/appium/appium/pulls/13090,https://api.github.com/repos/appium/appium/issues/13090,closed,2019-08-16,2019-08-18,2019-08-18,15a23b87f0bda909ad6458ec8bf351c531da2a83
KazuCocoa,https://api.github.com/repos/appium/appium/pulls/13089,https://api.github.com/repos/appium/appium/issues/13089,closed,2019-08-16,2019-08-16,2019-08-16,326bf8d537725f6f71ee6076f0265069a9bf9bc1
triager,https://api.github.com/repos/appium/appium/pulls/13088,https://api.github.com/repos/appium/appium/issues/13088,closed,2019-08-16,2019-08-16,2019-08-16,87deeb2b22d2376b36924146c25e161bedada333
KazuCocoa,https://api.github.com/repos/appium/appium/pulls/13087,https://api.github.com/repos/appium/appium/issues/13087,closed,2019-08-16,2019-08-21,2019-08-21,e68199eda8bc5fe844626c4688216a97c3b6f37e
arazantsau,https://api.github.com/repos/appium/appium/pulls/13082,https://api.github.com/repos/appium/appium/issues/13082,closed,2019-08-15,2019-08-15,2019-08-15,3be0bc823dd3bcc8db06054c5e7034945effc561
jlipps,https://api.github.com/repos/appium/appium/pulls/13079,https://api.github.com/repos/appium/appium/issues/13079,closed,2019-08-14,2019-08-29,2019-08-29,4d406d128d78d0a652fbb207e093c40b7a7d6e67
greenkeeper[bot],https://api.github.com/repos/appium/appium/pulls/13076,https://api.github.com/repos/appium/appium/issues/13076,closed,2019-08-14,2019-08-14,2019-08-14,a8ad687b77733c3e7927a649255c72fd369759f6
takeyaqa,https://api.github.com/repos/appium/appium/pulls/13067,https://api.github.com/repos/appium/appium/issues/13067,closed,2019-08-13,2019-08-19,2019-08-19,cf6f2e57e6f0b0bc5ce712fc56e2c1f21668d7a9
thebeardedcoderIN,https://api.github.com/repos/appium/appium/pulls/13065,https://api.github.com/repos/appium/appium/issues/13065,closed,2019-08-13,2019-08-13,2019-08-13,68981b79b6cf904c0188c72e899c70ea1f9d4d3e
thebeardedcoderIN,https://api.github.com/repos/appium/appium/pulls/13064,https://api.github.com/repos/appium/appium/issues/13064,closed,2019-08-13,2019-08-13,2019-08-13,a8538e4a75ecff6aa2fadc9fe9d43609c308ad49
jlipps,https://api.github.com/repos/appium/appium/pulls/13061,https://api.github.com/repos/appium/appium/issues/13061,closed,2019-08-12,2019-08-26,2019-08-26,753bda18c51544fc68d14561dbf4c4689bee71c3
dpgraham,https://api.github.com/repos/appium/appium/pulls/13053,https://api.github.com/repos/appium/appium/issues/13053,closed,2019-08-08,2019-08-09,2019-08-09,bdb118914ae8b8965f4374d60bf20b7ad5162da8
mykola-mokhnach,https://api.github.com/repos/appium/appium/pulls/13044,https://api.github.com/repos/appium/appium/issues/13044,closed,2019-08-07,2019-10-06,2019-08-08,805ecae784e0066da46eb17431d60e100fb46361
KazuCocoa,https://api.github.com/repos/appium/appium/pulls/13028,https://api.github.com/repos/appium/appium/issues/13028,closed,2019-08-04,2019-09-07,2019-09-07,6c4367ee54117829a478de99f7680350ce6de1c0
tadashi0713,https://api.github.com/repos/appium/appium/pulls/13027,https://api.github.com/repos/appium/appium/issues/13027,closed,2019-08-03,2019-08-04,2019-08-04,eb2ed1698dc73386713921cecabc67b1494a350a
KazuCocoa,https://api.github.com/repos/appium/appium/pulls/13015,https://api.github.com/repos/appium/appium/issues/13015,closed,2019-08-01,2019-09-07,2019-09-07,b4759c214177b06d9032f627cb8b7f931867605f
dpgraham,https://api.github.com/repos/appium/appium/pulls/13008,https://api.github.com/repos/appium/appium/issues/13008,closed,2019-07-31,2019-08-21,2019-08-21,a1d424106b5a2d079cc8e993f5519bd1246922db
KazuCocoa,https://api.github.com/repos/appium/appium/pulls/12987,https://api.github.com/repos/appium/appium/issues/12987,closed,2019-07-29,2019-09-07,2019-09-07,54230d005a71ba34bccbf226d521f77e8a6f0fbe
joeylmartin,https://api.github.com/repos/appium/appium/pulls/12977,https://api.github.com/repos/appium/appium/issues/12977,closed,2019-07-25,2019-08-16,2019-08-16,95bb05cd635f93978826262cbc672c6eac052a6b
joeylmartin,https://api.github.com/repos/appium/appium/pulls/12975,https://api.github.com/repos/appium/appium/issues/12975,closed,2019-07-25,2019-08-16,,abbaa0a94acb114b72e287ae55ab4e64186ff6f4
KazuCocoa,https://api.github.com/repos/appium/appium/pulls/12974,https://api.github.com/repos/appium/appium/issues/12974,closed,2019-07-25,2019-09-07,2019-09-07,ae8e3aa7bcd0c7379076a95ed6a901043db5d959
triager,https://api.github.com/repos/appium/appium/pulls/12973,https://api.github.com/repos/appium/appium/issues/12973,closed,2019-07-25,2019-07-25,2019-07-25,7cbc80d71402b4c82e9cd14c44d9716af6727844
truongsinh,https://api.github.com/repos/appium/appium/pulls/12967,https://api.github.com/repos/appium/appium/issues/12967,closed,2019-07-25,2019-07-25,2019-07-25,2be75732a0fb64be685caf064cb3da328aa81a54
imurchie,https://api.github.com/repos/appium/appium/pulls/12964,https://api.github.com/repos/appium/appium/issues/12964,closed,2019-07-24,2019-07-25,2019-07-25,1422473a5cc5397b7ad4f8238942d7972840cea1
truongsinh,https://api.github.com/repos/appium/appium/pulls/12945,https://api.github.com/repos/appium/appium/issues/12945,closed,2019-07-22,2019-11-21,2019-11-21,85856e764fa3da7ac315c3871f7e0bc0b32f0c02
KazuCocoa,https://api.github.com/repos/appium/appium/pulls/12941,https://api.github.com/repos/appium/appium/issues/12941,closed,2019-07-19,2019-09-07,2019-09-07,d3028a89a9f2e2a7fc6f6192b9a52a63be8ca8f5
o-x-y-g-e-n,https://api.github.com/repos/appium/appium/pulls/12939,https://api.github.com/repos/appium/appium/issues/12939,closed,2019-07-19,2019-07-19,2019-07-19,105698526ee269a07ab799b01671af67b1ffa1e0
KazuCocoa,https://api.github.com/repos/appium/appium/pulls/12934,https://api.github.com/repos/appium/appium/issues/12934,closed,2019-07-18,2019-07-22,2019-07-22,ab886f94be4c2dfd7e10b85ba45883662ae6229b
KazuCocoa,https://api.github.com/repos/appium/appium/pulls/12932,https://api.github.com/repos/appium/appium/issues/12932,closed,2019-07-18,2019-07-18,2019-07-18,2d2dbdfa3fc80428c822cf82e56d434cdb5c1439
osload,https://api.github.com/repos/appium/appium/pulls/12929,https://api.github.com/repos/appium/appium/issues/12929,closed,2019-07-17,2019-07-17,2019-07-17,8b19b3ca99fcc9b52d0d0e7ea0fe5c5c75801b36
triager,https://api.github.com/repos/appium/appium/pulls/12926,https://api.github.com/repos/appium/appium/issues/12926,closed,2019-07-17,2019-07-17,2019-07-17,9098f5873beb8b954b851417a1c32926944f412b
takeyaqa,https://api.github.com/repos/appium/appium/pulls/12923,https://api.github.com/repos/appium/appium/issues/12923,closed,2019-07-16,2019-07-17,2019-07-17,21584d354ca2e5ea3fc1b5e2e8e08c9f17848570
jlipps,https://api.github.com/repos/appium/appium/pulls/12920,https://api.github.com/repos/appium/appium/issues/12920,closed,2019-07-16,2019-08-28,,afb4b278195d97a6687ffaac680bd7188914e6eb
wsx604022350,https://api.github.com/repos/appium/appium/pulls/12907,https://api.github.com/repos/appium/appium/issues/12907,closed,2019-07-14,2023-02-28,,
ki4070ma,https://api.github.com/repos/appium/appium/pulls/12906,https://api.github.com/repos/appium/appium/issues/12906,closed,2019-07-13,2019-07-15,2019-07-15,47269801b21db9a63871bdc58603a9a3749c1f43
KazuCocoa,https://api.github.com/repos/appium/appium/pulls/12902,https://api.github.com/repos/appium/appium/issues/12902,closed,2019-07-13,2019-09-13,2019-09-13,5645cfc556f21011328ead6c2329349f5b175045
xiaowenhuman,https://api.github.com/repos/appium/appium/pulls/12897,https://api.github.com/repos/appium/appium/issues/12897,closed,2019-07-12,2019-07-12,,
dpgraham,https://api.github.com/repos/appium/appium/pulls/12895,https://api.github.com/repos/appium/appium/issues/12895,closed,2019-07-11,2019-11-14,,0fe1e570df2928e8c2279b4d344412fa873d5d5c
triager,https://api.github.com/repos/appium/appium/pulls/12875,https://api.github.com/repos/appium/appium/issues/12875,closed,2019-07-08,2019-07-11,2019-07-11,391bf32437759d7d67915f1b524da555205015a2
dpgraham,https://api.github.com/repos/appium/appium/pulls/12874,https://api.github.com/repos/appium/appium/issues/12874,closed,2019-07-08,2019-07-09,2019-07-09,de634c25d7fb4b1125d469b698c289522218e474
takeyaqa,https://api.github.com/repos/appium/appium/pulls/12870,https://api.github.com/repos/appium/appium/issues/12870,closed,2019-07-08,2020-03-29,2019-07-08,fd9f8493e7693b99ffbc9142a6cf596713894eb9
KazuCocoa,https://api.github.com/repos/appium/appium/pulls/12864,https://api.github.com/repos/appium/appium/issues/12864,closed,2019-07-06,2019-09-12,2019-09-12,8b32e3b793f81217ff4760aa6c66b4041241c63b
dpgraham,https://api.github.com/repos/appium/appium/pulls/12863,https://api.github.com/repos/appium/appium/issues/12863,closed,2019-07-05,2019-07-06,2019-07-06,7b737cd8458a26569c4c096e074d5fe8706cf415
KazuCocoa,https://api.github.com/repos/appium/appium/pulls/12861,https://api.github.com/repos/appium/appium/issues/12861,closed,2019-07-05,2019-07-05,2019-07-05,0915216699340b1682b80d7ae575b9b833cca2b7
KazuCocoa,https://api.github.com/repos/appium/appium/pulls/12860,https://api.github.com/repos/appium/appium/issues/12860,closed,2019-07-04,2019-07-05,2019-07-04,490268120598002ba1b2cc50b13cc13dd95ecde2
StanislavDonev,https://api.github.com/repos/appium/appium/pulls/12859,https://api.github.com/repos/appium/appium/issues/12859,closed,2019-07-04,2019-07-04,2019-07-04,0ef37fe73c0ee3ad1141739e6d7db3175a756611
KazuCocoa,https://api.github.com/repos/appium/appium/pulls/12852,https://api.github.com/repos/appium/appium/issues/12852,closed,2019-07-03,2019-09-07,2019-09-07,d9db8bb1d7016c1850d16c7457d56530ccff0667
KazuCocoa,https://api.github.com/repos/appium/appium/pulls/12843,https://api.github.com/repos/appium/appium/issues/12843,closed,2019-07-01,2019-07-12,2019-07-12,4785026e65cd5b96929895b7d1cd5f1e2cff0b32
umutuzgur,https://api.github.com/repos/appium/appium/pulls/12832,https://api.github.com/repos/appium/appium/issues/12832,closed,2019-06-26,2023-03-23,2019-07-04,2624bd865e9f9e019b1f009835b6bdaad97e17cf
babusekaran,https://api.github.com/repos/appium/appium/pulls/12827,https://api.github.com/repos/appium/appium/issues/12827,closed,2019-06-25,2019-06-25,2019-06-25,581e03472774976ffde51ab3f09b8f8be3ec55b4
dpgraham,https://api.github.com/repos/appium/appium/pulls/12826,https://api.github.com/repos/appium/appium/issues/12826,closed,2019-06-25,2019-07-18,,13cc7afda0f70ac1f719c71014080af0fcc3fb1b
dpgraham,https://api.github.com/repos/appium/appium/pulls/12820,https://api.github.com/repos/appium/appium/issues/12820,closed,2019-06-25,2019-06-25,2019-06-25,8a690f5abde5cf1c74f1cd185f15f51b3f7c3920
dpgraham,https://api.github.com/repos/appium/appium/pulls/12815,https://api.github.com/repos/appium/appium/issues/12815,closed,2019-06-24,2019-06-24,2019-06-24,1ecf8378183169d361d8de5cee26a903b6921eec
triager,https://api.github.com/repos/appium/appium/pulls/12814,https://api.github.com/repos/appium/appium/issues/12814,closed,2019-06-24,2019-06-25,,eed4a92531ce6d615d9514a82944af7b6f2ba1e6
triager,https://api.github.com/repos/appium/appium/pulls/12813,https://api.github.com/repos/appium/appium/issues/12813,closed,2019-06-24,2019-06-24,2019-06-24,d4844fb0bbcf39fdaed5fed635dfdf0c6e74b1cb
vrunoa,https://api.github.com/repos/appium/appium/pulls/12811,https://api.github.com/repos/appium/appium/issues/12811,closed,2019-06-22,2019-09-12,,cc4780f81b6663c1fd37a92afbcb9f4a7fda3afe
triager,https://api.github.com/repos/appium/appium/pulls/12810,https://api.github.com/repos/appium/appium/issues/12810,closed,2019-06-22,2019-06-23,,f1a5360f5e91700250128ca5e16cbea1d40f2c63
triager,https://api.github.com/repos/appium/appium/pulls/12808,https://api.github.com/repos/appium/appium/issues/12808,closed,2019-06-21,2019-06-23,2019-06-23,7036350b7675cd15f0bd5690e76311b932f94227
jlipps,https://api.github.com/repos/appium/appium/pulls/12807,https://api.github.com/repos/appium/appium/issues/12807,closed,2019-06-21,2019-06-25,2019-06-25,f7149e9d476f1618f311a94502638aa66897188d
imurchie,https://api.github.com/repos/appium/appium/pulls/12805,https://api.github.com/repos/appium/appium/issues/12805,closed,2019-06-20,2019-06-20,2019-06-20,1860828bcaea9750378d3c52d62f25cad9b0a25e
KazuCocoa,https://api.github.com/repos/appium/appium/pulls/12804,https://api.github.com/repos/appium/appium/issues/12804,closed,2019-06-20,2019-08-28,2019-06-24,82b8a5ab8825f1eee8e0a5d5b1a7cefceaf91682
takeyaqa,https://api.github.com/repos/appium/appium/pulls/12801,https://api.github.com/repos/appium/appium/issues/12801,closed,2019-06-19,2019-06-22,2019-06-20,6c3f9c2794b74a2535f705c193e9b6996be30248
dpgraham,https://api.github.com/repos/appium/appium/pulls/12800,https://api.github.com/repos/appium/appium/issues/12800,closed,2019-06-19,2019-07-13,2019-07-12,a74c9445f7d2ff7f74323e7b43b3af6f6a0333d2
triager,https://api.github.com/repos/appium/appium/pulls/12796,https://api.github.com/repos/appium/appium/issues/12796,closed,2019-06-19,2019-06-19,2019-06-19,dba3a87c54b0507bd40fc9dba759949978381ce3
triager,https://api.github.com/repos/appium/appium/pulls/12793,https://api.github.com/repos/appium/appium/issues/12793,closed,2019-06-18,2019-06-19,2019-06-19,38f2876859bd93ebaf8f9fa2005454ca54e602f5
dpgraham,https://api.github.com/repos/appium/appium/pulls/12792,https://api.github.com/repos/appium/appium/issues/12792,closed,2019-06-18,2019-06-18,2019-06-18,0c1adf1d42a6f496474eddfd3e134f31bbcfd38c
imurchie,https://api.github.com/repos/appium/appium/pulls/12791,https://api.github.com/repos/appium/appium/issues/12791,closed,2019-06-18,2019-06-19,2019-06-19,073291d29b17211afd923ca4ad28fda5a9e32cc4
ediz12,https://api.github.com/repos/appium/appium/pulls/12790,https://api.github.com/repos/appium/appium/issues/12790,closed,2019-06-18,2019-06-18,2019-06-18,920197b7ba6b4fa1beda0c2f86bcc921667b2f98
triager,https://api.github.com/repos/appium/appium/pulls/12786,https://api.github.com/repos/appium/appium/issues/12786,closed,2019-06-17,2019-06-17,2019-06-17,30193f041eca56970fbcd9b65f99a4d512e83640
jamesknowsbest,https://api.github.com/repos/appium/appium/pulls/12781,https://api.github.com/repos/appium/appium/issues/12781,closed,2019-06-16,2019-09-12,,11e923081bbecd7da00a70593343b796cf029270
greenkeeper[bot],https://api.github.com/repos/appium/appium/pulls/12780,https://api.github.com/repos/appium/appium/issues/12780,closed,2019-06-15,2019-06-17,2019-06-17,ae93e8a4bfad39acf1e52d94f2c10dcb0a340e97
jlipps,https://api.github.com/repos/appium/appium/pulls/12778,https://api.github.com/repos/appium/appium/issues/12778,closed,2019-06-15,2019-07-26,2019-06-21,11b8d36d8320060edc01a23af5e0d094171ca4f0
shridharkalagi,https://api.github.com/repos/appium/appium/pulls/12777,https://api.github.com/repos/appium/appium/issues/12777,closed,2019-06-14,2019-07-17,,755a661c583ce772fd6cf2eb05003028ba7cc62b
KazuCocoa,https://api.github.com/repos/appium/appium/pulls/12776,https://api.github.com/repos/appium/appium/issues/12776,closed,2019-06-14,2019-06-19,2019-06-18,1494b6cb4ce85d2f95880065482e7507ca8f9a32
khanhdodang,https://api.github.com/repos/appium/appium/pulls/12773,https://api.github.com/repos/appium/appium/issues/12773,closed,2019-06-14,2019-06-14,2019-06-14,efa9ce5b0b0820b75a2d795f73766724bc3de704
salk7,https://api.github.com/repos/appium/appium/pulls/12764,https://api.github.com/repos/appium/appium/issues/12764,closed,2019-06-13,2019-06-13,,b1983fb3bcaedb70c3d72707be3ec412497c7373
ritesh2689,https://api.github.com/repos/appium/appium/pulls/12763,https://api.github.com/repos/appium/appium/issues/12763,closed,2019-06-13,2019-06-13,,624b29c994d508ea067ee9d287fc772cf0201a53
viccky88,https://api.github.com/repos/appium/appium/pulls/12762,https://api.github.com/repos/appium/appium/issues/12762,closed,2019-06-13,2019-06-13,,3a4ba0df44a116d072c6e31cd7883382dd61891d
dpgraham,https://api.github.com/repos/appium/appium/pulls/12761,https://api.github.com/repos/appium/appium/issues/12761,closed,2019-06-13,2019-06-13,,ac27b30fa109fb6d1c0690e9bc06d98887549f01
anilkrverma,https://api.github.com/repos/appium/appium/pulls/12760,https://api.github.com/repos/appium/appium/issues/12760,closed,2019-06-13,2019-06-13,,6e4a64886492dfcbafa6f96391dca5199d205349
pradeepchakry,https://api.github.com/repos/appium/appium/pulls/12759,https://api.github.com/repos/appium/appium/issues/12759,closed,2019-06-13,2019-06-13,,1abc9c0a2904aab3d08999588a0617e0613e5908
triager,https://api.github.com/repos/appium/appium/pulls/12752,https://api.github.com/repos/appium/appium/issues/12752,closed,2019-06-11,2019-06-11,2019-06-11,49ed66602d930df975ef414b811e3a9348ea4281
AkshatGiri,https://api.github.com/repos/appium/appium/pulls/12744,https://api.github.com/repos/appium/appium/issues/12744,closed,2019-06-09,2019-06-11,2019-06-11,39c03cfabcadf626aabee44a8cb512cfaa915f5f
KazuCocoa,https://api.github.com/repos/appium/appium/pulls/12737,https://api.github.com/repos/appium/appium/issues/12737,closed,2019-06-08,2019-06-10,2019-06-10,b231aebadd88d03d8fdbec9a29de720424e286b8
triager,https://api.github.com/repos/appium/appium/pulls/12728,https://api.github.com/repos/appium/appium/issues/12728,closed,2019-06-05,2019-06-08,,4f5e345852cdcc80af82c8e73f99db55243293a2
triager,https://api.github.com/repos/appium/appium/pulls/12727,https://api.github.com/repos/appium/appium/issues/12727,closed,2019-06-05,2019-06-08,2019-06-08,3f102d7331493353b38d3cbd52823ea08db91fc2
mykola-mokhnach,https://api.github.com/repos/appium/appium/pulls/12725,https://api.github.com/repos/appium/appium/issues/12725,closed,2019-06-05,2019-06-05,2019-06-05,4fb04006157e56656324863f22f0d6501aad08f8
triager,https://api.github.com/repos/appium/appium/pulls/12719,https://api.github.com/repos/appium/appium/issues/12719,closed,2019-06-04,2019-06-05,,7edfa4091ff44a704bf3290ea94e0399ccbb2359
simongranger,https://api.github.com/repos/appium/appium/pulls/12718,https://api.github.com/repos/appium/appium/issues/12718,closed,2019-06-04,2019-06-04,2019-06-04,e002f05bb0631281217ea5f4f262cc6e798a7cda
triager,https://api.github.com/repos/appium/appium/pulls/12715,https://api.github.com/repos/appium/appium/issues/12715,closed,2019-06-03,2019-06-05,,1bdf1df461afdc4b6e4a8b2b8d44f47b52372c85
UlhasDeshmukh,https://api.github.com/repos/appium/appium/pulls/12712,https://api.github.com/repos/appium/appium/issues/12712,closed,2019-06-03,2019-06-03,2019-06-03,fbb6e2ea1a925ed289d4cdfd83e2a04563962b6d
KazuCocoa,https://api.github.com/repos/appium/appium/pulls/12711,https://api.github.com/repos/appium/appium/issues/12711,closed,2019-06-02,2019-06-03,2019-06-03,64fd885ac5d8df581dd91e9b8fc0f29c5bfef5f6
KazuCocoa,https://api.github.com/repos/appium/appium/pulls/12710,https://api.github.com/repos/appium/appium/issues/12710,closed,2019-05-31,2019-06-06,2019-06-06,5e636e7885e5b57c1071880bfacec9f565349bee
KazuCocoa,https://api.github.com/repos/appium/appium/pulls/12699,https://api.github.com/repos/appium/appium/issues/12699,closed,2019-05-29,2019-06-05,2019-06-05,bb9fe57325b886ff52f9457625e5d68ad3c6ccf9
triager,https://api.github.com/repos/appium/appium/pulls/12694,https://api.github.com/repos/appium/appium/issues/12694,closed,2019-05-27,2019-05-28,2019-05-28,ca4b6964fbf469e4a891bf75825bec41000f6841
ki4070ma,https://api.github.com/repos/appium/appium/pulls/12693,https://api.github.com/repos/appium/appium/issues/12693,closed,2019-05-26,2019-05-27,2019-05-27,8922016f168c6cd014890a20af46ad105877060e
Pandorym,https://api.github.com/repos/appium/appium/pulls/12692,https://api.github.com/repos/appium/appium/issues/12692,closed,2019-05-25,2019-06-05,2019-06-05,2b760944b085b96085f06f0bd9e6b3d273ea28c2
imurchie,https://api.github.com/repos/appium/appium/pulls/12687,https://api.github.com/repos/appium/appium/issues/12687,closed,2019-05-23,2019-05-24,2019-05-24,783252b09c5f932bd094b78c773da0865995f370
triager,https://api.github.com/repos/appium/appium/pulls/12685,https://api.github.com/repos/appium/appium/issues/12685,closed,2019-05-23,2019-05-23,,0223ffa0e9352b14b6a5567425b6c4b43d3ce8df
triager,https://api.github.com/repos/appium/appium/pulls/12684,https://api.github.com/repos/appium/appium/issues/12684,closed,2019-05-23,2019-05-23,,e72552260f542ef4f595b247a7fcf9439f4f02d9
triager,https://api.github.com/repos/appium/appium/pulls/12683,https://api.github.com/repos/appium/appium/issues/12683,closed,2019-05-23,2019-05-23,2019-05-23,aee8250641a87535f4b64007a99911835d968475
imurchie,https://api.github.com/repos/appium/appium/pulls/12681,https://api.github.com/repos/appium/appium/issues/12681,closed,2019-05-23,2019-05-23,2019-05-23,eb4ddafc36232de10d86d64c5b29c1e60e2cc974
triager,https://api.github.com/repos/appium/appium/pulls/12678,https://api.github.com/repos/appium/appium/issues/12678,closed,2019-05-22,2019-05-23,2019-05-23,240810d02813b36361cbf3c2e9eb0bdc343e28c7
kgething,https://api.github.com/repos/appium/appium/pulls/12677,https://api.github.com/repos/appium/appium/issues/12677,closed,2019-05-22,2019-05-28,2019-05-28,c0f952b6e32d026927c2d0a8dca3eaa0a13c477b
riteshgujral1,https://api.github.com/repos/appium/appium/pulls/12675,https://api.github.com/repos/appium/appium/issues/12675,closed,2019-05-22,2019-05-22,2019-05-22,7a8ccb530797784a22ebd341e04459a5abf78bc5
dpgraham,https://api.github.com/repos/appium/appium/pulls/12673,https://api.github.com/repos/appium/appium/issues/12673,closed,2019-05-22,2019-05-22,2019-05-22,2ca8d941c670be7f37bba1aea32a64beb9766c7a
ki4070ma,https://api.github.com/repos/appium/appium/pulls/12671,https://api.github.com/repos/appium/appium/issues/12671,closed,2019-05-21,2019-05-22,2019-05-22,77264b15dcee8df885fa43e56a28129409cc7db3
triager,https://api.github.com/repos/appium/appium/pulls/12670,https://api.github.com/repos/appium/appium/issues/12670,closed,2019-05-20,2019-05-21,2019-05-21,5e7b6cf1a6331bee2a07b2ac49775339a23a1278
imurchie,https://api.github.com/repos/appium/appium/pulls/12668,https://api.github.com/repos/appium/appium/issues/12668,closed,2019-05-20,2019-05-21,2019-05-21,2304304038ab8073ac2e59532303fdc8e2a9af1e
triager,https://api.github.com/repos/appium/appium/pulls/12667,https://api.github.com/repos/appium/appium/issues/12667,closed,2019-05-20,2019-05-21,,4d20882ff8345bbf45b5e100f2da6d3963147772
KazuCocoa,https://api.github.com/repos/appium/appium/pulls/12664,https://api.github.com/repos/appium/appium/issues/12664,closed,2019-05-20,2019-08-28,2019-05-20,0500ce828789f0bc0e91e39183db7189195c8ec9
dpgraham,https://api.github.com/repos/appium/appium/pulls/12662,https://api.github.com/repos/appium/appium/issues/12662,closed,2019-05-18,2019-05-18,,b3587520658f14509632ce46b78d37a6de0d971d
dpgraham,https://api.github.com/repos/appium/appium/pulls/12658,https://api.github.com/repos/appium/appium/issues/12658,closed,2019-05-17,2019-05-20,2019-05-20,90a73e6fd5b8deb0de2db0199b285820f654f7ef
KazuCocoa,https://api.github.com/repos/appium/appium/pulls/12643,https://api.github.com/repos/appium/appium/issues/12643,closed,2019-05-15,2019-05-21,2019-05-21,66f07b288c44507d259c24d29046d83d3b41c419
greenkeeper[bot],https://api.github.com/repos/appium/appium/pulls/12633,https://api.github.com/repos/appium/appium/issues/12633,closed,2019-05-12,2019-05-13,2019-05-13,cd07564127bdd7abab8935ad8acdf39969adb223
KazuCocoa,https://api.github.com/repos/appium/appium/pulls/12632,https://api.github.com/repos/appium/appium/issues/12632,closed,2019-05-12,2019-05-12,2019-05-12,cdfd8fabfc28c03f7be418945a0ae6b95092c504
dpgraham,https://api.github.com/repos/appium/appium/pulls/12630,https://api.github.com/repos/appium/appium/issues/12630,closed,2019-05-10,2019-06-18,,77598c95e52eba067fc29707c1818ce8bafb3ad4
greenkeeper[bot],https://api.github.com/repos/appium/appium/pulls/12629,https://api.github.com/repos/appium/appium/issues/12629,closed,2019-05-10,2019-05-13,2019-05-13,02c729ef9c9d11c85be510d5cf009891114afedb
triager,https://api.github.com/repos/appium/appium/pulls/12627,https://api.github.com/repos/appium/appium/issues/12627,closed,2019-05-10,2019-05-10,2019-05-10,ef38020a14a1a9f66a567831ebd162957839b52f
triager,https://api.github.com/repos/appium/appium/pulls/12626,https://api.github.com/repos/appium/appium/issues/12626,closed,2019-05-10,2019-05-10,,47074fb4f37a26ececfaeae80290081236d6cbee
ki4070ma,https://api.github.com/repos/appium/appium/pulls/12625,https://api.github.com/repos/appium/appium/issues/12625,closed,2019-05-10,2019-05-11,2019-05-10,c596608bfde4ed0dc763952712e940000cfb2e67
JessefSpecialisterren,https://api.github.com/repos/appium/appium/pulls/12624,https://api.github.com/repos/appium/appium/issues/12624,closed,2019-05-10,2019-05-10,2019-05-10,ef6fa9088f8103bf46d418807fab53774013e8da
dpgraham,https://api.github.com/repos/appium/appium/pulls/12621,https://api.github.com/repos/appium/appium/issues/12621,closed,2019-05-10,2019-05-10,2019-05-10,bc9718899f2079c33945f4816b415b07e2ffbfba
dpgraham,https://api.github.com/repos/appium/appium/pulls/12620,https://api.github.com/repos/appium/appium/issues/12620,closed,2019-05-09,2019-05-10,,
dpgraham,https://api.github.com/repos/appium/appium/pulls/12617,https://api.github.com/repos/appium/appium/issues/12617,closed,2019-05-09,2019-05-10,,f0d735a448719f675e39141631003f4132d4a8d0
dpgraham,https://api.github.com/repos/appium/appium/pulls/12616,https://api.github.com/repos/appium/appium/issues/12616,closed,2019-05-09,2019-07-05,,db9e4e09f57804affab647b91678db8393ad37ac
mykola-mokhnach,https://api.github.com/repos/appium/appium/pulls/12609,https://api.github.com/repos/appium/appium/issues/12609,closed,2019-05-09,2019-05-09,2019-05-09,1d2f4d62ac83cc37eae848c0067722d5727863da
triager,https://api.github.com/repos/appium/appium/pulls/12608,https://api.github.com/repos/appium/appium/issues/12608,closed,2019-05-08,2019-05-09,2019-05-09,4b5a1df80d63fab5340af96995d30f0cc9360272
ki4070ma,https://api.github.com/repos/appium/appium/pulls/12606,https://api.github.com/repos/appium/appium/issues/12606,closed,2019-05-08,2019-05-09,2019-05-08,3d7a011388d4fc0c9c3c5f61d93432f55ebe1314
KazuCocoa,https://api.github.com/repos/appium/appium/pulls/12597,https://api.github.com/repos/appium/appium/issues/12597,closed,2019-05-07,2019-05-16,2019-05-16,21afea74d2a2218ad32c449598d37f6ef7b4ee77
dpgraham,https://api.github.com/repos/appium/appium/pulls/12594,https://api.github.com/repos/appium/appium/issues/12594,closed,2019-05-06,2019-06-05,,dc90e99ed91caff67f89b5bdb3ae01756ca4765a
dpgraham,https://api.github.com/repos/appium/appium/pulls/12593,https://api.github.com/repos/appium/appium/issues/12593,closed,2019-05-06,2019-05-06,2019-05-06,24cd5837c178d552ac051d8cd61386c49f526df9
bcabanes,https://api.github.com/repos/appium/appium/pulls/12592,https://api.github.com/repos/appium/appium/issues/12592,closed,2019-05-06,2019-05-06,2019-05-06,da99ceedc5135f979870344d95a67611b70b8063
greenkeeper[bot],https://api.github.com/repos/appium/appium/pulls/12591,https://api.github.com/repos/appium/appium/issues/12591,closed,2019-05-06,2019-06-05,2019-05-06,ea1962cdeae609f40b60e7e8b386273b2da0014b
KazuCocoa,https://api.github.com/repos/appium/appium/pulls/12585,https://api.github.com/repos/appium/appium/issues/12585,closed,2019-05-03,2019-05-04,2019-05-04,e35e4f7bae04aecd8dafe61af669b22adf71d621
KazuCocoa,https://api.github.com/repos/appium/appium/pulls/12574,https://api.github.com/repos/appium/appium/issues/12574,closed,2019-05-02,2019-06-19,2019-06-19,da3f5f9be75e5c163fd7c424401a70d70dde31e3
KazuCocoa,https://api.github.com/repos/appium/appium/pulls/12572,https://api.github.com/repos/appium/appium/issues/12572,closed,2019-05-01,2019-05-02,2019-05-02,277ed72d45f7490cc6b514e3d7b8bfe41867b1be
triager,https://api.github.com/repos/appium/appium/pulls/12570,https://api.github.com/repos/appium/appium/issues/12570,closed,2019-05-01,2019-05-01,2019-05-01,e599b3acfed8b026a0b4cb7252a9451d20a3231c
ritesh2689,https://api.github.com/repos/appium/appium/pulls/12569,https://api.github.com/repos/appium/appium/issues/12569,closed,2019-05-01,2019-05-01,2019-05-01,01f86acd1aae306655bdaa635375dc105cdd91ec
triager,https://api.github.com/repos/appium/appium/pulls/12554,https://api.github.com/repos/appium/appium/issues/12554,closed,2019-04-27,2019-04-28,2019-04-28,678f0ba2783978599004bdfc064365e85eb6b924
ki4070ma,https://api.github.com/repos/appium/appium/pulls/12553,https://api.github.com/repos/appium/appium/issues/12553,closed,2019-04-27,2019-04-27,2019-04-27,cf994b6b3db6d5d83e0b07ad6f96f97ef4a3b47e
triager,https://api.github.com/repos/appium/appium/pulls/12536,https://api.github.com/repos/appium/appium/issues/12536,closed,2019-04-23,2019-04-23,2019-04-23,93c3111324ede84e3e9a2958e1074b3ddff39266
triager,https://api.github.com/repos/appium/appium/pulls/12535,https://api.github.com/repos/appium/appium/issues/12535,closed,2019-04-23,2019-04-23,2019-04-23,33c1d6aec2bf665a52af69a4c4adddcebcbb0245
imurchie,https://api.github.com/repos/appium/appium/pulls/12534,https://api.github.com/repos/appium/appium/issues/12534,closed,2019-04-23,2019-04-24,2019-04-23,7aefac479c522b3839f4b78821dd10902cb24141
sukanyajain,https://api.github.com/repos/appium/appium/pulls/12531,https://api.github.com/repos/appium/appium/issues/12531,closed,2019-04-23,2019-05-11,,5afe4b7a2e519bf3666bcbbf259ffcff9b5ddf4f
dpgraham,https://api.github.com/repos/appium/appium/pulls/12526,https://api.github.com/repos/appium/appium/issues/12526,closed,2019-04-22,2019-04-29,2019-04-29,b5dce7350866b10a3f5b0624cc3914615da69c76
KazuCocoa,https://api.github.com/repos/appium/appium/pulls/12525,https://api.github.com/repos/appium/appium/issues/12525,closed,2019-04-22,2019-04-24,2019-04-24,2b165af0ad4e457737989264e62b58cfcf87f2ff
KazuCocoa,https://api.github.com/repos/appium/appium/pulls/12524,https://api.github.com/repos/appium/appium/issues/12524,closed,2019-04-22,2019-04-23,2019-04-23,6e4a0e6480dec4097c0d226535d75c21e3cf13c1
imurchie,https://api.github.com/repos/appium/appium/pulls/12519,https://api.github.com/repos/appium/appium/issues/12519,closed,2019-04-18,2019-04-23,2019-04-23,4ccc8665f8b9edf3f5818dd986e10a6ba58ab1e3
dpgraham,https://api.github.com/repos/appium/appium/pulls/12499,https://api.github.com/repos/appium/appium/issues/12499,closed,2019-04-13,2019-04-14,2019-04-14,e3fe431c617c513f3cda32a2c10f81240f0726b7
triager,https://api.github.com/repos/appium/appium/pulls/12497,https://api.github.com/repos/appium/appium/issues/12497,closed,2019-04-12,2019-04-12,2019-04-12,79c66dcf34387f9b77f0ffb1695531e457e4d1dc
WillBrock,https://api.github.com/repos/appium/appium/pulls/12494,https://api.github.com/repos/appium/appium/issues/12494,closed,2019-04-12,2019-04-12,2019-04-12,acb88dca744fadf1e48ede0af6c1bdaa742e6c14
dpgraham,https://api.github.com/repos/appium/appium/pulls/12493,https://api.github.com/repos/appium/appium/issues/12493,closed,2019-04-12,2019-04-12,,5413251345b36237547c42bbaa48ad76180294dd
lrkaussie,https://api.github.com/repos/appium/appium/pulls/12484,https://api.github.com/repos/appium/appium/issues/12484,closed,2019-04-12,2019-04-12,2019-04-12,2d3be8a5ca73bb63f1cc0cd67cf7949f9054a789
lrkaussie,https://api.github.com/repos/appium/appium/pulls/12483,https://api.github.com/repos/appium/appium/issues/12483,closed,2019-04-12,2019-04-12,2019-04-12,cacb39a708fa67680cc0250acebc783924282e65
dpgraham,https://api.github.com/repos/appium/appium/pulls/12482,https://api.github.com/repos/appium/appium/issues/12482,closed,2019-04-12,2019-04-12,,df3dc7d9db1308ef3a8f541fb4e166a1c3acc9e1
dpgraham,https://api.github.com/repos/appium/appium/pulls/12481,https://api.github.com/repos/appium/appium/issues/12481,closed,2019-04-11,2019-04-22,2019-04-12,72adc8b0abe3468a5a39a0c85d9db6a0f1e87768
KazuCocoa,https://api.github.com/repos/appium/appium/pulls/12480,https://api.github.com/repos/appium/appium/issues/12480,closed,2019-04-11,2019-04-12,,dd7ffb723fa5926881fe8c6fe19f9ccd280dcca6
KazuCocoa,https://api.github.com/repos/appium/appium/pulls/12475,https://api.github.com/repos/appium/appium/issues/12475,closed,2019-04-11,2019-04-15,2019-04-15,fb53a8ff1c7ae298ff8b8426eaf94dd508f541ad
WillBrock,https://api.github.com/repos/appium/appium/pulls/12473,https://api.github.com/repos/appium/appium/issues/12473,closed,2019-04-10,2019-04-10,2019-04-10,438d6c3b38e785edc701354cf660aa9f76baceaf
triager,https://api.github.com/repos/appium/appium/pulls/12465,https://api.github.com/repos/appium/appium/issues/12465,closed,2019-04-09,2019-04-09,2019-04-09,48f28351bd6f6dcecfa6e16171c885c83be8cdfd
biwkf,https://api.github.com/repos/appium/appium/pulls/12461,https://api.github.com/repos/appium/appium/issues/12461,closed,2019-04-09,2019-04-09,2019-04-09,0764b6eff877ce33e7f324eda7a6ed7194b62fe3
KazuCocoa,https://api.github.com/repos/appium/appium/pulls/12455,https://api.github.com/repos/appium/appium/issues/12455,closed,2019-04-08,2019-04-09,2019-04-09,079b1fc08d81861cbc6fd79d74dde3c4dc8c6d1d
KazuCocoa,https://api.github.com/repos/appium/appium/pulls/12449,https://api.github.com/repos/appium/appium/issues/12449,closed,2019-04-06,2019-04-08,2019-04-08,465efb481ddda084e068bc7a314e0edeaeb5f123
jlipps,https://api.github.com/repos/appium/appium/pulls/12445,https://api.github.com/repos/appium/appium/issues/12445,closed,2019-04-05,2019-04-05,2019-04-05,f8cdd1979d1f2779fdb26c80731565fd44539b19
KazuCocoa,https://api.github.com/repos/appium/appium/pulls/12443,https://api.github.com/repos/appium/appium/issues/12443,closed,2019-04-05,2019-04-05,2019-04-05,e646760a177828e83b4580cf6e59bb0191783bbd
mykola-mokhnach,https://api.github.com/repos/appium/appium/pulls/12440,https://api.github.com/repos/appium/appium/issues/12440,closed,2019-04-04,2019-05-09,2019-04-07,3d5ce43e58cc9a4dddb51a65f5a29bf9c0421292
biwkf,https://api.github.com/repos/appium/appium/pulls/12431,https://api.github.com/repos/appium/appium/issues/12431,closed,2019-04-03,2019-04-03,2019-04-03,83ba650b12c465f3bf74edda840cbeed142a2c7f
KazuCocoa,https://api.github.com/repos/appium/appium/pulls/12428,https://api.github.com/repos/appium/appium/issues/12428,closed,2019-04-02,2019-04-08,2019-04-08,4c06293f01d86fbd3f965a0c74fa4f9f47d7d71e
KazuCocoa,https://api.github.com/repos/appium/appium/pulls/12427,https://api.github.com/repos/appium/appium/issues/12427,closed,2019-04-02,2019-04-02,2019-04-02,276880ffbb11fc33134166b9a91430b6c3abb166
WillBrock,https://api.github.com/repos/appium/appium/pulls/12423,https://api.github.com/repos/appium/appium/issues/12423,closed,2019-04-01,2019-04-03,2019-04-03,2188faacba26d46f23b571376d296cf487d594f3
imurchie,https://api.github.com/repos/appium/appium/pulls/12420,https://api.github.com/repos/appium/appium/issues/12420,closed,2019-04-01,2019-04-03,2019-04-02,3fbe003c8456217c5cc3aa4b86f7888129bca513
imurchie,https://api.github.com/repos/appium/appium/pulls/12415,https://api.github.com/repos/appium/appium/issues/12415,closed,2019-03-29,2019-03-29,2019-03-29,048e25a6e37243901ed752ea3d57439c015b5c33
dpgraham,https://api.github.com/repos/appium/appium/pulls/12404,https://api.github.com/repos/appium/appium/issues/12404,closed,2019-03-28,2019-03-28,2019-03-28,cd6a149354eb18da87f08f78c1b3e8de473c4d70
KazuCocoa,https://api.github.com/repos/appium/appium/pulls/12401,https://api.github.com/repos/appium/appium/issues/12401,closed,2019-03-28,2019-04-16,2019-03-31,734850a305ac70789a48576d33fbe3a5adff0c6e
triager,https://api.github.com/repos/appium/appium/pulls/12399,https://api.github.com/repos/appium/appium/issues/12399,closed,2019-03-27,2019-03-27,2019-03-27,b9c4265cdcf34686af7162f01556918d7b1d7b26
dashtail,https://api.github.com/repos/appium/appium/pulls/12397,https://api.github.com/repos/appium/appium/issues/12397,closed,2019-03-27,2019-03-27,2019-03-27,32505a2dae30935d4810bdcf07dd075112905c0e
greenkeeper[bot],https://api.github.com/repos/appium/appium/pulls/12395,https://api.github.com/repos/appium/appium/issues/12395,closed,2019-03-27,2019-04-01,2019-03-27,eb436fe57348f8b7fa676ed1f9329d84c7e8c6db
dpgraham,https://api.github.com/repos/appium/appium/pulls/12389,https://api.github.com/repos/appium/appium/issues/12389,closed,2019-03-26,2019-03-26,2019-03-26,5d282a54e02e16a50cd596ec9ec400b81d9bb62f
dpgraham,https://api.github.com/repos/appium/appium/pulls/12388,https://api.github.com/repos/appium/appium/issues/12388,closed,2019-03-26,2019-03-26,2019-03-26,145c4aa9fd10812e3b5f89aa473c74347661f25a
triager,https://api.github.com/repos/appium/appium/pulls/12387,https://api.github.com/repos/appium/appium/issues/12387,closed,2019-03-26,2019-03-26,2019-03-26,aac21af13d6545d3fe292cbbcf44930f48d352eb
dashtail,https://api.github.com/repos/appium/appium/pulls/12386,https://api.github.com/repos/appium/appium/issues/12386,closed,2019-03-26,2019-03-26,2019-03-26,f732fc5470c0d62206f6bbf95ded27b32a1ee99c
KazuCocoa,https://api.github.com/repos/appium/appium/pulls/12384,https://api.github.com/repos/appium/appium/issues/12384,closed,2019-03-26,2019-03-26,2019-03-26,c2086d609de48e2744c4b40752d61f7a66b49634
dpgraham,https://api.github.com/repos/appium/appium/pulls/12382,https://api.github.com/repos/appium/appium/issues/12382,closed,2019-03-25,2019-03-26,2019-03-26,dbb7c449ff2543efc3e2a7ff6440cca243c6b8ee
dpgraham,https://api.github.com/repos/appium/appium/pulls/12381,https://api.github.com/repos/appium/appium/issues/12381,closed,2019-03-25,2019-03-25,2019-03-25,d5625124445c1a73c2fcb8f60cbaf6481bd31f16
KazuCocoa,https://api.github.com/repos/appium/appium/pulls/12380,https://api.github.com/repos/appium/appium/issues/12380,closed,2019-03-25,2021-03-03,2019-03-25,906350fd335f9485376214fdd17c7cdb6c9ff26b
triager,https://api.github.com/repos/appium/appium/pulls/12379,https://api.github.com/repos/appium/appium/issues/12379,closed,2019-03-25,2019-03-25,2019-03-25,4e8bbbcc887d3861c4d0ef28cadbfd3b58d8d88a
martinseidel,https://api.github.com/repos/appium/appium/pulls/12378,https://api.github.com/repos/appium/appium/issues/12378,closed,2019-03-25,2019-03-25,2019-03-25,5ac4338ba7313e3a9b666b0bd691b935eaee3c5b
KazuCocoa,https://api.github.com/repos/appium/appium/pulls/12373,https://api.github.com/repos/appium/appium/issues/12373,closed,2019-03-23,2019-03-23,2019-03-23,663218ea0674b6386adf9d3e050d1770cfe38d28
dpgraham,https://api.github.com/repos/appium/appium/pulls/12371,https://api.github.com/repos/appium/appium/issues/12371,closed,2019-03-22,2019-03-26,2019-03-26,315a1b8b34d77d51f81603f4978877a30a566097
imurchie,https://api.github.com/repos/appium/appium/pulls/12370,https://api.github.com/repos/appium/appium/issues/12370,closed,2019-03-22,2019-03-22,2019-03-22,8e5ec38d3f0d52a4849a3e1449312e1e05ca2421
triager,https://api.github.com/repos/appium/appium/pulls/12357,https://api.github.com/repos/appium/appium/issues/12357,closed,2019-03-20,2019-03-21,2019-03-21,e7d391b8d930ca56dfadff1e178dfceaec9c64be
KazuCocoa,https://api.github.com/repos/appium/appium/pulls/12353,https://api.github.com/repos/appium/appium/issues/12353,closed,2019-03-20,2019-03-25,2019-03-20,786b14567e7b8641833bca8727b4fc97cae2ab06
dpgraham,https://api.github.com/repos/appium/appium/pulls/12352,https://api.github.com/repos/appium/appium/issues/12352,closed,2019-03-19,2019-03-25,2019-03-23,0ad48e3db361afe9959c00405cbc817b3ddb18f7
dpgraham,https://api.github.com/repos/appium/appium/pulls/12351,https://api.github.com/repos/appium/appium/issues/12351,closed,2019-03-19,2019-03-21,2019-03-21,c6483d9a35f30f8c4b7da7b60379de64aa0515e9
dpgraham,https://api.github.com/repos/appium/appium/pulls/12349,https://api.github.com/repos/appium/appium/issues/12349,closed,2019-03-19,2019-03-20,2019-03-20,68fc3c682c65da578e9ebc2444e3df563ac73f83
dpgraham,https://api.github.com/repos/appium/appium/pulls/12348,https://api.github.com/repos/appium/appium/issues/12348,closed,2019-03-19,2019-03-21,2019-03-21,7366bb4d8e215e6d1c8918930f92585705783309
jlipps,https://api.github.com/repos/appium/appium/pulls/12347,https://api.github.com/repos/appium/appium/issues/12347,closed,2019-03-19,2019-03-19,2019-03-19,d7687660da0cd0d953065d8663fec30755967c0f
elderhorst-aofl,https://api.github.com/repos/appium/appium/pulls/12346,https://api.github.com/repos/appium/appium/issues/12346,closed,2019-03-19,2019-03-19,2019-03-19,bbb13226a41bb9f595a5b0ccc26bebeb7ad4d463
dpgraham,https://api.github.com/repos/appium/appium/pulls/12345,https://api.github.com/repos/appium/appium/issues/12345,closed,2019-03-19,2019-03-19,2019-03-19,00af3f0a803797845053258295451ce87f4d9062
Ramadan-Mostafa,https://api.github.com/repos/appium/appium/pulls/12343,https://api.github.com/repos/appium/appium/issues/12343,closed,2019-03-19,2019-03-19,2019-03-19,07182b4a3f5029bcd5611d83c1db4720a2bb9b81
Ramadan-Mostafa,https://api.github.com/repos/appium/appium/pulls/12342,https://api.github.com/repos/appium/appium/issues/12342,closed,2019-03-19,2019-03-19,2019-03-19,29d4f8baa0687f0f9c0ab7e348dd9ed898e41652
Ramadan-Mostafa,https://api.github.com/repos/appium/appium/pulls/12341,https://api.github.com/repos/appium/appium/issues/12341,closed,2019-03-19,2019-03-19,2019-03-19,e345cc2a985e50fb0ae99a45f655b2420b003073
triager,https://api.github.com/repos/appium/appium/pulls/12335,https://api.github.com/repos/appium/appium/issues/12335,closed,2019-03-18,2019-03-18,2019-03-18,b0f50f43423a2e417208c761663e3758e50f47ee
KazuCocoa,https://api.github.com/repos/appium/appium/pulls/12333,https://api.github.com/repos/appium/appium/issues/12333,closed,2019-03-18,2019-03-18,2019-03-18,c7cf9f6d83c0718dd8662cae7c4db6bab63e89ea
KazuCocoa,https://api.github.com/repos/appium/appium/pulls/12332,https://api.github.com/repos/appium/appium/issues/12332,closed,2019-03-18,2019-03-18,2019-03-18,061fac0bd3d4ed9422f06515f70e5a13173b1b19
triager,https://api.github.com/repos/appium/appium/pulls/12326,https://api.github.com/repos/appium/appium/issues/12326,closed,2019-03-16,2019-03-17,2019-03-17,a84b4c1e7b0edd47176f0c3fdfbc6c536d01ed62
ki4070ma,https://api.github.com/repos/appium/appium/pulls/12325,https://api.github.com/repos/appium/appium/issues/12325,closed,2019-03-16,2019-03-16,2019-03-16,69e9e792219f5ee2d28c1c562430d781c9fc86bc
triager,https://api.github.com/repos/appium/appium/pulls/12324,https://api.github.com/repos/appium/appium/issues/12324,closed,2019-03-15,2019-03-17,,a4e4caedab5bcb583bc392d960ae7f48de729bfc
imurchie,https://api.github.com/repos/appium/appium/pulls/12315,https://api.github.com/repos/appium/appium/issues/12315,closed,2019-03-15,2019-03-17,2019-03-15,6bd4523cd224e1fffd69c61436369816f919037d
dpgraham,https://api.github.com/repos/appium/appium/pulls/12308,https://api.github.com/repos/appium/appium/issues/12308,closed,2019-03-14,2019-04-08,2019-04-08,a532aa49789294a3706b71af16facf220edbbc5f
dpgraham,https://api.github.com/repos/appium/appium/pulls/12306,https://api.github.com/repos/appium/appium/issues/12306,closed,2019-03-14,2019-03-14,2019-03-14,21cd2828dfffad4ed15b00f72e8e14ff68f5e750
dpgraham,https://api.github.com/repos/appium/appium/pulls/12304,https://api.github.com/repos/appium/appium/issues/12304,closed,2019-03-14,2019-03-14,2019-03-14,e60808839008037157f76de11fea7dcb92bc697f
triager,https://api.github.com/repos/appium/appium/pulls/12299,https://api.github.com/repos/appium/appium/issues/12299,closed,2019-03-13,2019-03-14,2019-03-14,5896ac54399c0382f7f775174d28365e0b3839e8
triager,https://api.github.com/repos/appium/appium/pulls/12298,https://api.github.com/repos/appium/appium/issues/12298,closed,2019-03-13,2019-03-14,2019-03-14,bce4d6f91e909f5d6f1b76af8dc9b7cc0b60de18
triager,https://api.github.com/repos/appium/appium/pulls/12293,https://api.github.com/repos/appium/appium/issues/12293,closed,2019-03-13,2019-03-13,2019-03-13,2ff0cb5d0877ebeaade030eb58fb4d5105219e83
znzn40,https://api.github.com/repos/appium/appium/pulls/12291,https://api.github.com/repos/appium/appium/issues/12291,closed,2019-03-13,2019-03-13,2019-03-13,b5fc8f5d59058c02a93c842a290be268fbc32c13
dpgraham,https://api.github.com/repos/appium/appium/pulls/12290,https://api.github.com/repos/appium/appium/issues/12290,closed,2019-03-12,2019-03-13,2019-03-13,00e7e3d168d911a4c145fd9c73af6347d36c384d
dpgraham,https://api.github.com/repos/appium/appium/pulls/12289,https://api.github.com/repos/appium/appium/issues/12289,closed,2019-03-12,2019-03-13,2019-03-13,88947a884b36d3907f31fc30fa8fe597ad3e9966
triager,https://api.github.com/repos/appium/appium/pulls/12286,https://api.github.com/repos/appium/appium/issues/12286,closed,2019-03-12,2019-03-12,2019-03-12,71e326e01a3c608cc5906cd28292b4092d59b59f
KazuCocoa,https://api.github.com/repos/appium/appium/pulls/12278,https://api.github.com/repos/appium/appium/issues/12278,closed,2019-03-09,2019-03-10,2019-03-10,1f97ee3d58830c2a056c58b9b9b727855759ef37
triager,https://api.github.com/repos/appium/appium/pulls/12276,https://api.github.com/repos/appium/appium/issues/12276,closed,2019-03-09,2019-03-09,2019-03-09,113a9189d6e2e776e59993921e4467fb913a022e
dcnt,https://api.github.com/repos/appium/appium/pulls/12275,https://api.github.com/repos/appium/appium/issues/12275,closed,2019-03-08,2019-03-09,2019-03-09,873d85f47c159625c620602866d93e8b700f066c
triager,https://api.github.com/repos/appium/appium/pulls/12274,https://api.github.com/repos/appium/appium/issues/12274,closed,2019-03-08,2019-03-08,2019-03-08,1b7a792358ece0c42abeb060b7e77fcbd0fc68a7
flyofsky,https://api.github.com/repos/appium/appium/pulls/12270,https://api.github.com/repos/appium/appium/issues/12270,closed,2019-03-08,2019-03-08,2019-03-08,106ccf931a69b02d991830ae217b7a3288f31690
khanhdodang,https://api.github.com/repos/appium/appium/pulls/12262,https://api.github.com/repos/appium/appium/issues/12262,closed,2019-03-05,2019-03-06,2019-03-06,829845e71b603d1c1f05797eea2e4abc82e7e4dd
khanhdodang,https://api.github.com/repos/appium/appium/pulls/12257,https://api.github.com/repos/appium/appium/issues/12257,closed,2019-03-05,2019-03-05,,e91020567c3321f71d17ba310e16694d804ac666
dpgraham,https://api.github.com/repos/appium/appium/pulls/12253,https://api.github.com/repos/appium/appium/issues/12253,closed,2019-03-04,2019-03-05,2019-03-05,146d18a596725d826a94084ab1062ddf0e3f0acb
imurchie,https://api.github.com/repos/appium/appium/pulls/12252,https://api.github.com/repos/appium/appium/issues/12252,closed,2019-03-04,2019-03-04,2019-03-04,9e50423d1e38afb5a116b480fdb57432ea8405ad
KazuCocoa,https://api.github.com/repos/appium/appium/pulls/12245,https://api.github.com/repos/appium/appium/issues/12245,closed,2019-03-04,2019-03-20,2019-03-20,c9a9aa354e203cc8d8c869bae0947aff328f3f01
triager,https://api.github.com/repos/appium/appium/pulls/12244,https://api.github.com/repos/appium/appium/issues/12244,closed,2019-03-04,2019-03-04,2019-03-04,45d71de9b0baf8e2b7f0c85a3874c8522a0ac892
KazuCocoa,https://api.github.com/repos/appium/appium/pulls/12235,https://api.github.com/repos/appium/appium/issues/12235,closed,2019-03-01,2019-03-02,2019-03-02,a3ee59bf9e81574d3daeeb1f98d4bf3a3b58d0ab
dpgraham,https://api.github.com/repos/appium/appium/pulls/12233,https://api.github.com/repos/appium/appium/issues/12233,closed,2019-02-28,2019-03-01,2019-03-01,93cb1d85b456e6374e0cdd25f9968c8fd48b29bf
nicodn,https://api.github.com/repos/appium/appium/pulls/12222,https://api.github.com/repos/appium/appium/issues/12222,closed,2019-02-25,2019-02-26,2019-02-26,853bc808bb26e8e0a4e2d6887b4e8d7bc6e3f76d
KazuCocoa,https://api.github.com/repos/appium/appium/pulls/12212,https://api.github.com/repos/appium/appium/issues/12212,closed,2019-02-23,2019-02-25,2019-02-25,a08cc42c653123cf5a1ba8982ace52b7e5fead76
triager,https://api.github.com/repos/appium/appium/pulls/12211,https://api.github.com/repos/appium/appium/issues/12211,closed,2019-02-23,2019-02-24,2019-02-24,959afa9f9d739394d1c81385927f11c4db452eda
dashtail,https://api.github.com/repos/appium/appium/pulls/12208,https://api.github.com/repos/appium/appium/issues/12208,closed,2019-02-22,2019-02-22,2019-02-22,d4b0cf3eb8ac92981c67f82725e4f6958d71a079
KazuCocoa,https://api.github.com/repos/appium/appium/pulls/12206,https://api.github.com/repos/appium/appium/issues/12206,closed,2019-02-22,2019-03-21,2019-03-04,4efd3df586a8d8c661624f90e695851dc2985790
jlipps,https://api.github.com/repos/appium/appium/pulls/12204,https://api.github.com/repos/appium/appium/issues/12204,closed,2019-02-21,2019-02-22,2019-02-22,ef49649f5e53a644f6732575734aeaea78068234
dpgraham,https://api.github.com/repos/appium/appium/pulls/12194,https://api.github.com/repos/appium/appium/issues/12194,closed,2019-02-20,2019-02-20,2019-02-20,72cb5657418c29078cdc5b3713cf6b9f29274999
Frederic-Zhou,https://api.github.com/repos/appium/appium/pulls/12192,https://api.github.com/repos/appium/appium/issues/12192,closed,2019-02-19,2019-02-20,,11d42123986eeefe43940200e11a83c61a34f6e6
greenkeeper[bot],https://api.github.com/repos/appium/appium/pulls/12185,https://api.github.com/repos/appium/appium/issues/12185,closed,2019-02-18,2019-02-20,2019-02-20,541beecc2766b886717415b637036cc2aff9278a
greenkeeper[bot],https://api.github.com/repos/appium/appium/pulls/12184,https://api.github.com/repos/appium/appium/issues/12184,closed,2019-02-18,2019-02-20,2019-02-20,5cd688c4d30cfe5b119cdcbb73a78cc0c1189a0b
KazuCocoa,https://api.github.com/repos/appium/appium/pulls/12169,https://api.github.com/repos/appium/appium/issues/12169,closed,2019-02-15,2019-02-23,2019-02-23,7cfb65c1fe64c74a1e3315cbef841fac09937623
dpgraham,https://api.github.com/repos/appium/appium/pulls/12165,https://api.github.com/repos/appium/appium/issues/12165,closed,2019-02-15,2019-02-19,2019-02-19,8e77a96de43e2107dd29d5f2d05a5c4969c8a34e
KazuCocoa,https://api.github.com/repos/appium/appium/pulls/12159,https://api.github.com/repos/appium/appium/issues/12159,closed,2019-02-14,2019-03-12,2019-03-12,8c15ac66f18659974c31019ba1cdcd09cb25a275
triager,https://api.github.com/repos/appium/appium/pulls/12158,https://api.github.com/repos/appium/appium/issues/12158,closed,2019-02-13,2019-02-13,2019-02-13,deca9c3180fc750395f0e0cff9ba6df636e05acc
KazuCocoa,https://api.github.com/repos/appium/appium/pulls/12153,https://api.github.com/repos/appium/appium/issues/12153,closed,2019-02-12,2019-02-13,2019-02-13,c98a4dd73aa3054972cc681aebb64ceff1d677f1
dpgraham,https://api.github.com/repos/appium/appium/pulls/12150,https://api.github.com/repos/appium/appium/issues/12150,closed,2019-02-12,2019-02-12,2019-02-12,b5a6088c7ace2ce1b93484936391c35d32e787f5
dpgraham,https://api.github.com/repos/appium/appium/pulls/12149,https://api.github.com/repos/appium/appium/issues/12149,closed,2019-02-12,2019-02-12,2019-02-12,259b2f3005d46b92e390ac82eac3ddc1988b596d
biwkf,https://api.github.com/repos/appium/appium/pulls/12136,https://api.github.com/repos/appium/appium/issues/12136,closed,2019-02-07,2019-02-13,2019-02-13,856ceb3339914694fc68f5fc8b4b453eb9489c30
imurchie,https://api.github.com/repos/appium/appium/pulls/12127,https://api.github.com/repos/appium/appium/issues/12127,closed,2019-02-06,2019-02-07,2019-02-07,60fc87ea2d9913eaeee218684663a2f72376a1c0
KazuCocoa,https://api.github.com/repos/appium/appium/pulls/12119,https://api.github.com/repos/appium/appium/issues/12119,closed,2019-02-03,2019-02-06,2019-02-06,59a7dbcdbec761c8ac4adb3f09df779fe2db13ae
triager,https://api.github.com/repos/appium/appium/pulls/12117,https://api.github.com/repos/appium/appium/issues/12117,closed,2019-02-01,2019-02-05,2019-02-05,24df4d585e84e3b7126551fdf21fb3d73683671b
Jonahss,https://api.github.com/repos/appium/appium/pulls/12116,https://api.github.com/repos/appium/appium/issues/12116,closed,2019-02-01,2019-03-01,2019-02-01,a1706d89fd8df3bddbeda13e02725aee25633c28
triager,https://api.github.com/repos/appium/appium/pulls/12110,https://api.github.com/repos/appium/appium/issues/12110,closed,2019-01-31,2019-02-01,,fbf378b6125c4ad5228c5897d88c7c217b8737dd
triager,https://api.github.com/repos/appium/appium/pulls/12108,https://api.github.com/repos/appium/appium/issues/12108,closed,2019-01-31,2019-02-01,2019-02-01,04e68b024c7e3b56da567442e4328c6c91947cb8
biwkf,https://api.github.com/repos/appium/appium/pulls/12107,https://api.github.com/repos/appium/appium/issues/12107,closed,2019-01-31,2019-01-31,2019-01-31,264a58e9ac119b9c4455bd6202b2949037559932
KazuCocoa,https://api.github.com/repos/appium/appium/pulls/12106,https://api.github.com/repos/appium/appium/issues/12106,closed,2019-01-31,2019-02-01,2019-02-01,1d43acfd1fbcd00dd178b26a76e762c5f8643444
greenkeeper[bot],https://api.github.com/repos/appium/appium/pulls/12105,https://api.github.com/repos/appium/appium/issues/12105,closed,2019-01-31,2019-01-31,2019-01-31,38acc6daac692612f499e2d6574a707d3f94edc3
biwkf,https://api.github.com/repos/appium/appium/pulls/12100,https://api.github.com/repos/appium/appium/issues/12100,closed,2019-01-30,2019-01-30,2019-01-30,5f1694d32397b54b73acf29c2a623cdc4f26fed4
KazuCocoa,https://api.github.com/repos/appium/appium/pulls/12088,https://api.github.com/repos/appium/appium/issues/12088,closed,2019-01-28,2019-01-29,2019-01-29,aba8fac5972fbb3352ec92cb0bd6a359ae15d11a
imurchie,https://api.github.com/repos/appium/appium/pulls/12075,https://api.github.com/repos/appium/appium/issues/12075,closed,2019-01-24,2019-01-24,2019-01-24,bcd743ff116eacc364f537fa846b45e6435973ef
triager,https://api.github.com/repos/appium/appium/pulls/12074,https://api.github.com/repos/appium/appium/issues/12074,closed,2019-01-24,2019-01-24,2019-01-24,0e582a2effe41935a47e4d01ab769ccdb5be583d
biwkf,https://api.github.com/repos/appium/appium/pulls/12071,https://api.github.com/repos/appium/appium/issues/12071,closed,2019-01-24,2019-01-24,2019-01-24,6cf4de2a629e7d01494a6d3c0cdde391a5ab38ad
imurchie,https://api.github.com/repos/appium/appium/pulls/12070,https://api.github.com/repos/appium/appium/issues/12070,closed,2019-01-24,2019-01-24,2019-01-24,fe03aedb1b3c95771bac11f379c211ae007809c9
triager,https://api.github.com/repos/appium/appium/pulls/12066,https://api.github.com/repos/appium/appium/issues/12066,closed,2019-01-24,2019-01-24,2019-01-24,62029e26c6cc42ae8308b30650e6a5624abfd8d4
triager,https://api.github.com/repos/appium/appium/pulls/12052,https://api.github.com/repos/appium/appium/issues/12052,closed,2019-01-22,2019-01-23,2019-01-23,14010b25243a70dafa46b06d1f53e069cc5b47e4
marwahaks,https://api.github.com/repos/appium/appium/pulls/12051,https://api.github.com/repos/appium/appium/issues/12051,closed,2019-01-22,2019-01-24,2019-01-24,707afccb4849ac554c0bc60ed519394feaf1199c
rajdeepv,https://api.github.com/repos/appium/appium/pulls/12038,https://api.github.com/repos/appium/appium/issues/12038,closed,2019-01-19,2019-01-22,2019-01-22,aa51ce313494143e409da9198ecab33efe01b4de
imurchie,https://api.github.com/repos/appium/appium/pulls/12037,https://api.github.com/repos/appium/appium/issues/12037,closed,2019-01-19,2019-01-19,2019-01-19,701fc16468037a6737b76f3fc94a40a5907174c5
KazuCocoa,https://api.github.com/repos/appium/appium/pulls/12036,https://api.github.com/repos/appium/appium/issues/12036,closed,2019-01-19,2019-01-20,2019-01-19,2dd348e391ad95810720a472fcb310c6adb69d2d
triager,https://api.github.com/repos/appium/appium/pulls/12035,https://api.github.com/repos/appium/appium/issues/12035,closed,2019-01-19,2019-01-19,2019-01-19,896072ebf5d363adc35b06487791014d3dddfc03
KazuCocoa,https://api.github.com/repos/appium/appium/pulls/12034,https://api.github.com/repos/appium/appium/issues/12034,closed,2019-01-19,2019-01-19,2019-01-19,783c5e3c2ea57b3011f53a5e92dc5bda2deb1c62
juhlila,https://api.github.com/repos/appium/appium/pulls/12032,https://api.github.com/repos/appium/appium/issues/12032,closed,2019-01-18,2019-01-19,2019-01-19,5d7750970385f27cf1fea5b4107ef4e6b6b244cf
triager,https://api.github.com/repos/appium/appium/pulls/12031,https://api.github.com/repos/appium/appium/issues/12031,closed,2019-01-18,2019-01-18,2019-01-18,bba037d655f3be364c3528aa93e7eaa3d686fd80
biwkf,https://api.github.com/repos/appium/appium/pulls/12030,https://api.github.com/repos/appium/appium/issues/12030,closed,2019-01-18,2019-01-18,2019-01-18,2f9e33948299055b5e7e179b6b4bd007345a988e
imurchie,https://api.github.com/repos/appium/appium/pulls/12015,https://api.github.com/repos/appium/appium/issues/12015,closed,2019-01-15,2019-01-21,2019-01-21,fd4afcacc2939ed25c61d43b56235bc0b052c494
greenkeeper[bot],https://api.github.com/repos/appium/appium/pulls/12008,https://api.github.com/repos/appium/appium/issues/12008,closed,2019-01-15,2019-01-18,2019-01-15,41941a1c9dc627129e06c6d5fdfc2aff24982b36
triager,https://api.github.com/repos/appium/appium/pulls/12000,https://api.github.com/repos/appium/appium/issues/12000,closed,2019-01-14,2019-01-14,2019-01-14,76778da778d822542961e5d3e97787f38516ad5a
imurchie,https://api.github.com/repos/appium/appium/pulls/11996,https://api.github.com/repos/appium/appium/issues/11996,closed,2019-01-14,2019-01-15,2019-01-15,97fbb1942ec8cde2a4cff0f3272dacea3223b955
imurchie,https://api.github.com/repos/appium/appium/pulls/11995,https://api.github.com/repos/appium/appium/issues/11995,closed,2019-01-14,2019-01-14,,b00af06a12ec9b8f4b6f6ed8aa7db04dec292f3b
tsbxmw,https://api.github.com/repos/appium/appium/pulls/11990,https://api.github.com/repos/appium/appium/issues/11990,closed,2019-01-14,2019-01-14,2019-01-14,7c9058a1e1b3dd7637a89926faab6dcc08186dbe
dpgraham,https://api.github.com/repos/appium/appium/pulls/11979,https://api.github.com/repos/appium/appium/issues/11979,closed,2019-01-10,2019-01-15,2019-01-15,ac0bed0a804b727ef6dc6357358494fa9d9f8824
dpgraham,https://api.github.com/repos/appium/appium/pulls/11973,https://api.github.com/repos/appium/appium/issues/11973,closed,2019-01-09,2019-01-15,2019-01-15,b90aa66964723a75b80278910e818b0adaecad68
dpgraham,https://api.github.com/repos/appium/appium/pulls/11972,https://api.github.com/repos/appium/appium/issues/11972,closed,2019-01-09,2021-01-28,2019-01-09,2c644c7f2a91fb6e5dc55b268a4e6b7e0eb125d4
dpgraham,https://api.github.com/repos/appium/appium/pulls/11971,https://api.github.com/repos/appium/appium/issues/11971,closed,2019-01-09,2019-01-09,,f1a2f88bfb7c63092cb7e6f3c948c6ad92c16c25
dpgraham,https://api.github.com/repos/appium/appium/pulls/11969,https://api.github.com/repos/appium/appium/issues/11969,closed,2019-01-09,2019-01-10,2019-01-10,32d5deba53fe83f4d06fbeb45cc276bc7453a10b
triager,https://api.github.com/repos/appium/appium/pulls/11954,https://api.github.com/repos/appium/appium/issues/11954,closed,2019-01-07,2019-01-07,2019-01-07,97f324a58b3ac3d28444a6adbd627d5ceec10fac
greenkeeper[bot],https://api.github.com/repos/appium/appium/pulls/11952,https://api.github.com/repos/appium/appium/issues/11952,closed,2019-01-07,2019-01-08,2019-01-08,10753839a9c7e90cf6be057b29fffd462bc107cb
rhysd,https://api.github.com/repos/appium/appium/pulls/11951,https://api.github.com/repos/appium/appium/issues/11951,closed,2019-01-07,2019-01-07,2019-01-07,f5b8bf94f8879ee04bae08e6cb933af11fc18946
triager,https://api.github.com/repos/appium/appium/pulls/11948,https://api.github.com/repos/appium/appium/issues/11948,closed,2019-01-05,2019-01-05,2019-01-05,57cec2cb4318ff4f9a27dfcd8b1a48220fc92dd4
ki4070ma,https://api.github.com/repos/appium/appium/pulls/11947,https://api.github.com/repos/appium/appium/issues/11947,closed,2019-01-05,2019-01-05,2019-01-05,7a1e9076f41944e6e4858a0179c6c93717b4c0c6
triager,https://api.github.com/repos/appium/appium/pulls/11944,https://api.github.com/repos/appium/appium/issues/11944,closed,2019-01-04,2019-01-04,2019-01-04,6a87f378369e708ceaf9321a95d5ff27886c687a
imurchie,https://api.github.com/repos/appium/appium/pulls/11943,https://api.github.com/repos/appium/appium/issues/11943,closed,2019-01-04,2019-01-04,2019-01-04,543781146fbb8486de014124aea2c4c4715b45c8
triager,https://api.github.com/repos/appium/appium/pulls/11941,https://api.github.com/repos/appium/appium/issues/11941,closed,2019-01-04,2019-01-07,,d7728083018bdbb77b7d59e8ef5c017df0fc5c9c
KazuCocoa,https://api.github.com/repos/appium/appium/pulls/11940,https://api.github.com/repos/appium/appium/issues/11940,closed,2019-01-04,2019-01-07,2019-01-07,25040552edcfaed98f651ab239dcb6a9676ba79b
gbrhaz,https://api.github.com/repos/appium/appium/pulls/11939,https://api.github.com/repos/appium/appium/issues/11939,closed,2019-01-04,2019-01-04,2019-01-04,b428cdb0301ab79c7b33ea1691d7763e04921bb2
dpgraham,https://api.github.com/repos/appium/appium/pulls/11934,https://api.github.com/repos/appium/appium/issues/11934,closed,2019-01-03,2019-01-03,2019-01-03,f39f2d4728a9397c941f9b7d21e08a418730ec7c
triager,https://api.github.com/repos/appium/appium/pulls/11933,https://api.github.com/repos/appium/appium/issues/11933,closed,2019-01-03,2019-01-03,,d9d9bae85e398f19d690d009c116fc709fa9b7e7
triager,https://api.github.com/repos/appium/appium/pulls/11932,https://api.github.com/repos/appium/appium/issues/11932,closed,2019-01-03,2019-01-03,,698ff36bd9493450016ac38a518283df0b80fefa
imurchie,https://api.github.com/repos/appium/appium/pulls/11927,https://api.github.com/repos/appium/appium/issues/11927,closed,2019-01-02,2019-01-03,2019-01-03,e0c4106d22b955dd388922f6ff3d46ed2f6a4c96
saikrishna321,https://api.github.com/repos/appium/appium/pulls/11919,https://api.github.com/repos/appium/appium/issues/11919,closed,2018-12-30,2019-11-12,2019-01-02,4df45addc3eb666d741858badc589ce796e22683
imurchie,https://api.github.com/repos/appium/appium/pulls/11893,https://api.github.com/repos/appium/appium/issues/11893,closed,2018-12-21,2018-12-21,2018-12-21,29922f8931e2cfab41b762b95a3b9f13898817bf
imurchie,https://api.github.com/repos/appium/appium/pulls/11885,https://api.github.com/repos/appium/appium/issues/11885,closed,2018-12-20,2018-12-21,2018-12-21,eaf00bc3f436c6ba02a9efd3cb8434c4bd45d45b
rtmalone,https://api.github.com/repos/appium/appium/pulls/11882,https://api.github.com/repos/appium/appium/issues/11882,closed,2018-12-20,2018-12-20,,ffcf329bb399a0889a7f895cf32798194ed4942d
KazuCocoa,https://api.github.com/repos/appium/appium/pulls/11877,https://api.github.com/repos/appium/appium/issues/11877,closed,2018-12-20,2019-01-02,2018-12-21,f60b12cae069de3a306b26da622cee0dbbee7d7e
triager,https://api.github.com/repos/appium/appium/pulls/11876,https://api.github.com/repos/appium/appium/issues/11876,closed,2018-12-20,2018-12-20,,4ede5b1b5cd6f69f55a1801140e704c20caa0ceb
triager,https://api.github.com/repos/appium/appium/pulls/11875,https://api.github.com/repos/appium/appium/issues/11875,closed,2018-12-20,2018-12-20,2018-12-20,aaa6bad146a611060b6e4bafa1e793b2e03f3c13
triager,https://api.github.com/repos/appium/appium/pulls/11874,https://api.github.com/repos/appium/appium/issues/11874,closed,2018-12-20,2018-12-20,,aa7c6ee61dd7c090ac1dd4c20006862fde9dff66
dpgraham,https://api.github.com/repos/appium/appium/pulls/11873,https://api.github.com/repos/appium/appium/issues/11873,closed,2018-12-20,2018-12-20,2018-12-20,23471c7f01dd6c9ff094cbc2a9da0c0e35bba52d
triager,https://api.github.com/repos/appium/appium/pulls/11872,https://api.github.com/repos/appium/appium/issues/11872,closed,2018-12-20,2018-12-20,,78a9efb9ce14b18f5683419b7f35dd33e89a2168
imurchie,https://api.github.com/repos/appium/appium/pulls/11871,https://api.github.com/repos/appium/appium/issues/11871,closed,2018-12-19,2018-12-19,2018-12-19,5229607571c535b3df13c9adc6744680934908ae
imurchie,https://api.github.com/repos/appium/appium/pulls/11857,https://api.github.com/repos/appium/appium/issues/11857,closed,2018-12-17,2018-12-17,2018-12-17,f1babf91636af7496292260b3557c6aa65955df1
imurchie,https://api.github.com/repos/appium/appium/pulls/11853,https://api.github.com/repos/appium/appium/issues/11853,closed,2018-12-17,2018-12-17,2018-12-17,f88c9958ac8a9340499bd9a7a52f94816eb17582
triager,https://api.github.com/repos/appium/appium/pulls/11850,https://api.github.com/repos/appium/appium/issues/11850,closed,2018-12-17,2018-12-17,2018-12-17,799fd7b03750ae76fc23193f943a6cdeb122a044
KazuCocoa,https://api.github.com/repos/appium/appium/pulls/11849,https://api.github.com/repos/appium/appium/issues/11849,closed,2018-12-16,2018-12-17,2018-12-17,7dd34ca8b90f028df9162c153e83e04c2367ed86
triager,https://api.github.com/repos/appium/appium/pulls/11847,https://api.github.com/repos/appium/appium/issues/11847,closed,2018-12-15,2018-12-15,2018-12-15,7e61cbb2e0572b346dfb3ec4394eb04d0571962d
takeyaqa,https://api.github.com/repos/appium/appium/pulls/11846,https://api.github.com/repos/appium/appium/issues/11846,closed,2018-12-15,2018-12-16,2018-12-15,735df9aee98f918b39b399409ef93269ccd38c8d
triager,https://api.github.com/repos/appium/appium/pulls/11844,https://api.github.com/repos/appium/appium/issues/11844,closed,2018-12-14,2018-12-15,,93835034f3266062b166033172bd1b5349a8afe5
AnnaWyrwal,https://api.github.com/repos/appium/appium/pulls/11840,https://api.github.com/repos/appium/appium/issues/11840,closed,2018-12-14,2018-12-19,2018-12-19,afab8be9c599871ca3fc66fa13d72c28d47a8021
KazuCocoa,https://api.github.com/repos/appium/appium/pulls/11837,https://api.github.com/repos/appium/appium/issues/11837,closed,2018-12-13,2018-12-14,2018-12-14,cf2841d72719279bb7ddf87e9858bc3414102e78
triager,https://api.github.com/repos/appium/appium/pulls/11835,https://api.github.com/repos/appium/appium/issues/11835,closed,2018-12-13,2018-12-15,,c9c55115e2fb17ef3e0690b229de375ad30d8b70
AnnaWyrwal,https://api.github.com/repos/appium/appium/pulls/11832,https://api.github.com/repos/appium/appium/issues/11832,closed,2018-12-13,2018-12-13,2018-12-13,e097326f8ef5667cf11cc1641500fcdd2c8dc104
dpgraham,https://api.github.com/repos/appium/appium/pulls/11831,https://api.github.com/repos/appium/appium/issues/11831,closed,2018-12-12,2018-12-13,2018-12-13,ebe93becc35f92658201584057c1e02169b1de8a
dpgraham,https://api.github.com/repos/appium/appium/pulls/11829,https://api.github.com/repos/appium/appium/issues/11829,closed,2018-12-12,2018-12-13,2018-12-13,17c5b4b73eae767761ec3fd123569e66ad1c0405
dpgraham,https://api.github.com/repos/appium/appium/pulls/11828,https://api.github.com/repos/appium/appium/issues/11828,closed,2018-12-12,2018-12-13,2018-12-12,12022c41616463281520e042c9e08c3825409087
triager,https://api.github.com/repos/appium/appium/pulls/11826,https://api.github.com/repos/appium/appium/issues/11826,closed,2018-12-12,2018-12-12,2018-12-12,9f81f2740ae90676a5c646c6da8d0dd6d9b8bafc
triager,https://api.github.com/repos/appium/appium/pulls/11825,https://api.github.com/repos/appium/appium/issues/11825,closed,2018-12-12,2018-12-12,2018-12-12,65ad7bf4bac38b4cd7cf12ef18367b2ad8540e67
triager,https://api.github.com/repos/appium/appium/pulls/11824,https://api.github.com/repos/appium/appium/issues/11824,closed,2018-12-12,2018-12-17,,2467df390103b233d24faad0682da0eb7b684120
dpgraham,https://api.github.com/repos/appium/appium/pulls/11823,https://api.github.com/repos/appium/appium/issues/11823,closed,2018-12-12,2018-12-12,2018-12-12,b6440cbefc3d92b7b334212af7470934875257d2
Arne-B,https://api.github.com/repos/appium/appium/pulls/11822,https://api.github.com/repos/appium/appium/issues/11822,closed,2018-12-12,2018-12-12,2018-12-12,9ace7e881c7534a82afd8e805252534227c607ec
Arne-B,https://api.github.com/repos/appium/appium/pulls/11821,https://api.github.com/repos/appium/appium/issues/11821,closed,2018-12-12,2018-12-12,2018-12-12,c9064d44b44f4f88bbb844d2bc91e6c8e75cdec4
KazuCocoa,https://api.github.com/repos/appium/appium/pulls/11818,https://api.github.com/repos/appium/appium/issues/11818,closed,2018-12-12,2018-12-12,2018-12-12,0cc676d6f9dfc9fc754dfea478b3ed6fd29594c2
triager,https://api.github.com/repos/appium/appium/pulls/11817,https://api.github.com/repos/appium/appium/issues/11817,closed,2018-12-11,2018-12-17,,a80b66c2e1e4ec9b1ed3995c028124a5ab9c3ccc
triager,https://api.github.com/repos/appium/appium/pulls/11816,https://api.github.com/repos/appium/appium/issues/11816,closed,2018-12-11,2018-12-17,,e197785ce7488953889c4e22a294c4b8c5463f58
KazuCocoa,https://api.github.com/repos/appium/appium/pulls/11801,https://api.github.com/repos/appium/appium/issues/11801,closed,2018-12-08,2018-12-08,2018-12-08,88eded2b25214f15a2fad63a0f8ef1d40f8dc392
dpgraham,https://api.github.com/repos/appium/appium/pulls/11794,https://api.github.com/repos/appium/appium/issues/11794,closed,2018-12-06,2018-12-10,2018-12-07,08c9169a7329b49fbb5f2c1abf687194c225f56b
KazuCocoa,https://api.github.com/repos/appium/appium/pulls/11791,https://api.github.com/repos/appium/appium/issues/11791,closed,2018-12-06,2018-12-06,2018-12-06,b31c8cf58b4e09ec0447f525c320371d0f0908d4
dpgraham,https://api.github.com/repos/appium/appium/pulls/11789,https://api.github.com/repos/appium/appium/issues/11789,closed,2018-12-05,2018-12-06,2018-12-06,9c2c455a30cd93ebb28805e45b19a94ff863826a
KazuCocoa,https://api.github.com/repos/appium/appium/pulls/11784,https://api.github.com/repos/appium/appium/issues/11784,closed,2018-12-05,2018-12-05,2018-12-05,b001cb6a603ad18dace549e83c425041278b5d51
christian-bromann,https://api.github.com/repos/appium/appium/pulls/11781,https://api.github.com/repos/appium/appium/issues/11781,closed,2018-12-04,2018-12-10,2018-12-04,37833cfbe08f16fb2e61feadc9f328ac749b2a82
christian-bromann,https://api.github.com/repos/appium/appium/pulls/11780,https://api.github.com/repos/appium/appium/issues/11780,closed,2018-12-04,2018-12-10,2018-12-04,05fecec9b78992719107d7577977b3a981050537
KazuCocoa,https://api.github.com/repos/appium/appium/pulls/11768,https://api.github.com/repos/appium/appium/issues/11768,closed,2018-11-30,2018-12-01,2018-12-01,4e94937171aa7b9468bc5ced60b275d5db9c0ef7
dpgraham,https://api.github.com/repos/appium/appium/pulls/11766,https://api.github.com/repos/appium/appium/issues/11766,closed,2018-11-29,2018-12-04,2018-12-04,b0257be3a9889c9026ff0674036eb00f1a1d0120
KazuCocoa,https://api.github.com/repos/appium/appium/pulls/11762,https://api.github.com/repos/appium/appium/issues/11762,closed,2018-11-29,2018-11-29,2018-11-29,d48d26f14f3219c3b64db7d594e193d1ec6113d3
imurchie,https://api.github.com/repos/appium/appium/pulls/11760,https://api.github.com/repos/appium/appium/issues/11760,closed,2018-11-28,2018-11-28,2018-11-28,b03f175d3d97ff21a905f3ee6fe193096250b2fd
ochubey,https://api.github.com/repos/appium/appium/pulls/11753,https://api.github.com/repos/appium/appium/issues/11753,closed,2018-11-28,2018-11-28,,48d46d7256bd961e5e1c612bb0c3351c56125170
greenkeeper[bot],https://api.github.com/repos/appium/appium/pulls/11752,https://api.github.com/repos/appium/appium/issues/11752,closed,2018-11-28,2018-11-28,2018-11-28,d301d9ef12e9c64aed31713be9ce11665267afac
saikrishna321,https://api.github.com/repos/appium/appium/pulls/11749,https://api.github.com/repos/appium/appium/issues/11749,closed,2018-11-28,2018-11-28,2018-11-28,265b963181a00e10ae0a0e461d6731b56622dc14
dpgraham,https://api.github.com/repos/appium/appium/pulls/11747,https://api.github.com/repos/appium/appium/issues/11747,closed,2018-11-27,2018-12-10,2018-11-27,7c5b73945b63226580be7692e60a805b449daf01
KazuCocoa,https://api.github.com/repos/appium/appium/pulls/11742,https://api.github.com/repos/appium/appium/issues/11742,closed,2018-11-27,2018-11-27,2018-11-27,bf1a0d16ebbd02afd8e15cc65cf52751887aab0b
dpgraham,https://api.github.com/repos/appium/appium/pulls/11740,https://api.github.com/repos/appium/appium/issues/11740,closed,2018-11-26,2018-11-27,2018-11-27,e111b783d969383be9d3c540bf9a5510b054a205
diemol,https://api.github.com/repos/appium/appium/pulls/11738,https://api.github.com/repos/appium/appium/issues/11738,closed,2018-11-26,2018-11-26,2018-11-26,cde64e4f2014f1c6dbd4b138e2706bf95c3f18bb
dpgraham,https://api.github.com/repos/appium/appium/pulls/11731,https://api.github.com/repos/appium/appium/issues/11731,closed,2018-11-23,2018-12-11,2018-12-11,372171f7aff4430c971d299203889ce984dd071b
triager,https://api.github.com/repos/appium/appium/pulls/11730,https://api.github.com/repos/appium/appium/issues/11730,closed,2018-11-23,2018-11-23,,29bdbc62a3391da9af6ef9e08a78d8689022be33
dpgraham,https://api.github.com/repos/appium/appium/pulls/11728,https://api.github.com/repos/appium/appium/issues/11728,closed,2018-11-23,2018-12-11,2018-12-11,a2ff1b5afd756f3ff7bd999a8a4e7f63b21ca511
khanhdodang,https://api.github.com/repos/appium/appium/pulls/11727,https://api.github.com/repos/appium/appium/issues/11727,closed,2018-11-23,2018-11-27,2018-11-27,fafd31457d969730b8560a037d5c0c9e6083c134
jlipps,https://api.github.com/repos/appium/appium/pulls/11724,https://api.github.com/repos/appium/appium/issues/11724,closed,2018-11-22,2018-11-22,2018-11-22,70bd1f0e9f83e7131c3027c77b1a8b8c64c2ece8
KazuCocoa,https://api.github.com/repos/appium/appium/pulls/11723,https://api.github.com/repos/appium/appium/issues/11723,closed,2018-11-22,2018-11-22,2018-11-22,446241539caf2e14793ab83f5de3255fa019e1fb
jlipps,https://api.github.com/repos/appium/appium/pulls/11719,https://api.github.com/repos/appium/appium/issues/11719,closed,2018-11-21,2018-11-22,2018-11-22,caa40a93664ff6a370483543773c6b7c01c36c0e
dpgraham,https://api.github.com/repos/appium/appium/pulls/11718,https://api.github.com/repos/appium/appium/issues/11718,closed,2018-11-21,2018-11-21,2018-11-21,54b2684664e22131d3256c36d8a538d2b77184af
imurchie,https://api.github.com/repos/appium/appium/pulls/11716,https://api.github.com/repos/appium/appium/issues/11716,closed,2018-11-21,2018-11-21,2018-11-21,4fd9758c3fefdb83be3ec0cc96128739dce8092d
KazuCocoa,https://api.github.com/repos/appium/appium/pulls/11715,https://api.github.com/repos/appium/appium/issues/11715,closed,2018-11-21,2018-11-21,2018-11-21,53da4d467de75bb50025899407133f911ed9d6d6
jcavar,https://api.github.com/repos/appium/appium/pulls/11707,https://api.github.com/repos/appium/appium/issues/11707,closed,2018-11-19,2018-11-19,2018-11-19,29e8dafa3ee4a612a1d836cf13e39326fb0009ab
takeyaqa,https://api.github.com/repos/appium/appium/pulls/11700,https://api.github.com/repos/appium/appium/issues/11700,closed,2018-11-17,2018-11-19,2018-11-19,33879f6c875de2134bb24d3d2899e0d2e10c8794
KazuCocoa,https://api.github.com/repos/appium/appium/pulls/11694,https://api.github.com/repos/appium/appium/issues/11694,closed,2018-11-15,2018-11-19,2018-11-19,16f545c37d730fca431fcd2cb9767221312738dd
KazuCocoa,https://api.github.com/repos/appium/appium/pulls/11682,https://api.github.com/repos/appium/appium/issues/11682,closed,2018-11-14,2018-11-14,2018-11-14,c89008c9a629b2c7dab290721c5f2af186a67c0a
KazuCocoa,https://api.github.com/repos/appium/appium/pulls/11680,https://api.github.com/repos/appium/appium/issues/11680,closed,2018-11-14,2018-11-14,2018-11-14,ed30de4928eca576219f80d62f1deab5eb9da4a6
imurchie,https://api.github.com/repos/appium/appium/pulls/11678,https://api.github.com/repos/appium/appium/issues/11678,closed,2018-11-13,2018-11-13,2018-11-13,4a0565f61be30bd82849161ae4d0cbd1992f4be0
jova,https://api.github.com/repos/appium/appium/pulls/11669,https://api.github.com/repos/appium/appium/issues/11669,closed,2018-11-10,2018-11-22,2018-11-22,029f080caf2f0045816d979deae597d0b0278c47
jova,https://api.github.com/repos/appium/appium/pulls/11668,https://api.github.com/repos/appium/appium/issues/11668,closed,2018-11-10,2018-11-12,,91a16a9f6a6f65f4797ced2b2740f8b7adad1288
greenkeeper[bot],https://api.github.com/repos/appium/appium/pulls/11667,https://api.github.com/repos/appium/appium/issues/11667,closed,2018-11-10,2018-11-13,,784338c0314ef4e334524394f2ebdb4fdd0f8f93
dpgraham,https://api.github.com/repos/appium/appium/pulls/11665,https://api.github.com/repos/appium/appium/issues/11665,closed,2018-11-09,2018-11-13,2018-11-13,83020fcd4296b694ff805ffcfa37fa848b36ff28
jova,https://api.github.com/repos/appium/appium/pulls/11659,https://api.github.com/repos/appium/appium/issues/11659,closed,2018-11-09,2018-11-10,2018-11-09,82423c7ce9e7d9de40bfa2160a8dff381c75cb2d
dpgraham,https://api.github.com/repos/appium/appium/pulls/11658,https://api.github.com/repos/appium/appium/issues/11658,closed,2018-11-08,2018-11-13,,6a5f64cd4c420157a057cb801d9c583ff5860763
KazuCocoa,https://api.github.com/repos/appium/appium/pulls/11654,https://api.github.com/repos/appium/appium/issues/11654,closed,2018-11-08,2018-11-08,2018-11-08,5844c023a9678e5962a82f90efda885d5c2f49d2
dpgraham,https://api.github.com/repos/appium/appium/pulls/11653,https://api.github.com/repos/appium/appium/issues/11653,closed,2018-11-08,2018-11-08,2018-11-08,850a1f1726a8da610dc401e50acbde10b9e14fcc
dpgraham,https://api.github.com/repos/appium/appium/pulls/11651,https://api.github.com/repos/appium/appium/issues/11651,closed,2018-11-07,2018-11-23,2018-11-23,ffb1ff25bb14c18fbffded3d495319759b284b89
dpgraham,https://api.github.com/repos/appium/appium/pulls/11650,https://api.github.com/repos/appium/appium/issues/11650,closed,2018-11-07,2018-11-07,2018-11-07,2d4502b79ef17bb7714b1797f202b9b6346a6145
dpgraham,https://api.github.com/repos/appium/appium/pulls/11649,https://api.github.com/repos/appium/appium/issues/11649,closed,2018-11-07,2018-11-07,2018-11-07,b94e8ffb6f90cef1dcea9cb26e1105030cda85f9
dpgraham,https://api.github.com/repos/appium/appium/pulls/11648,https://api.github.com/repos/appium/appium/issues/11648,closed,2018-11-07,2018-11-07,2018-11-07,33ea65ed85789ed19d47dfad3b2487ba42377ee5
dpgraham,https://api.github.com/repos/appium/appium/pulls/11647,https://api.github.com/repos/appium/appium/issues/11647,closed,2018-11-07,2018-11-07,2018-11-07,f05af9b58de9dedb2c71d4c49e1f03d831a4c3a2
dpgraham,https://api.github.com/repos/appium/appium/pulls/11646,https://api.github.com/repos/appium/appium/issues/11646,closed,2018-11-07,2018-11-07,2018-11-07,29c4816ddc4c9a4f477918c1070beff795150376
dpgraham,https://api.github.com/repos/appium/appium/pulls/11640,https://api.github.com/repos/appium/appium/issues/11640,closed,2018-11-06,2018-11-23,2018-11-23,a95edb162350a359d6cc45b7aa89a3843b19f0ee
KazuCocoa,https://api.github.com/repos/appium/appium/pulls/11629,https://api.github.com/repos/appium/appium/issues/11629,closed,2018-11-05,2018-11-07,,8197b4f0195c8b738b3ddde86c76f9292464b644
KazuCocoa,https://api.github.com/repos/appium/appium/pulls/11618,https://api.github.com/repos/appium/appium/issues/11618,closed,2018-11-02,2018-11-02,2018-11-02,121d194c8f5a58d37bbe7f0eb3cbd30063d59205
kanemontreuil,https://api.github.com/repos/appium/appium/pulls/11611,https://api.github.com/repos/appium/appium/issues/11611,closed,2018-11-01,2018-11-01,2018-11-01,a756532062d40a36e42839351eaede12c4dad90c
KazuCocoa,https://api.github.com/repos/appium/appium/pulls/11601,https://api.github.com/repos/appium/appium/issues/11601,closed,2018-10-31,2018-11-08,2018-11-08,48a295832a6a0e4e8b201a72b672ad630d87117d
laolubenson,https://api.github.com/repos/appium/appium/pulls/11593,https://api.github.com/repos/appium/appium/issues/11593,closed,2018-10-29,2018-10-29,2018-10-29,a608b7dbbd43f9976f942e609f8120182c9ff6e6
imurchie,https://api.github.com/repos/appium/appium/pulls/11592,https://api.github.com/repos/appium/appium/issues/11592,closed,2018-10-29,2018-10-29,2018-10-29,a71302f1640ff2ba369867460ebd332b23ebe1e1
dpgraham,https://api.github.com/repos/appium/appium/pulls/11586,https://api.github.com/repos/appium/appium/issues/11586,closed,2018-10-26,2018-10-27,2018-10-27,b672a53006041037f48e44a0cb196c7d5d807dc7
imurchie,https://api.github.com/repos/appium/appium/pulls/11583,https://api.github.com/repos/appium/appium/issues/11583,closed,2018-10-26,2018-10-26,2018-10-26,102f5ed0f30f99fb4eff8069188176a3d2f30403
dpgraham,https://api.github.com/repos/appium/appium/pulls/11582,https://api.github.com/repos/appium/appium/issues/11582,closed,2018-10-26,2018-12-10,2018-10-26,b451bd1f5adae842c5600ba6a6ae85db16916b4b
dpgraham,https://api.github.com/repos/appium/appium/pulls/11566,https://api.github.com/repos/appium/appium/issues/11566,closed,2018-10-23,2018-12-10,2018-10-23,29a1e89973d457d3e14ffb30fc3e323d8149f1a8
dpgraham,https://api.github.com/repos/appium/appium/pulls/11563,https://api.github.com/repos/appium/appium/issues/11563,closed,2018-10-22,2018-10-23,2018-10-23,312bcb1dea8796cb6ac13f4748b0e5fb7f69d8f1
KazuCocoa,https://api.github.com/repos/appium/appium/pulls/11561,https://api.github.com/repos/appium/appium/issues/11561,closed,2018-10-22,2018-10-22,2018-10-22,fc5c6741ee758e3c9157e1df374277e434625a7c
KazuCocoa,https://api.github.com/repos/appium/appium/pulls/11555,https://api.github.com/repos/appium/appium/issues/11555,closed,2018-10-19,2018-10-27,2018-10-27,2654f39d876ab2588ff8f9adfbf9aa97460f1577
jlipps,https://api.github.com/repos/appium/appium/pulls/11544,https://api.github.com/repos/appium/appium/issues/11544,closed,2018-10-18,2018-10-19,2018-10-18,604397f8b55acdf5499394021c50b6d2336f0649
imurchie,https://api.github.com/repos/appium/appium/pulls/11541,https://api.github.com/repos/appium/appium/issues/11541,closed,2018-10-17,2018-10-17,2018-10-17,3c91687254bf47a8a8458400947eb76db97fe0eb
dpgraham,https://api.github.com/repos/appium/appium/pulls/11540,https://api.github.com/repos/appium/appium/issues/11540,closed,2018-10-17,2018-10-17,2018-10-17,d459a9c979ca33c2fbdb6d18a93f7b6648036670
greenkeeper[bot],https://api.github.com/repos/appium/appium/pulls/11531,https://api.github.com/repos/appium/appium/issues/11531,closed,2018-10-16,2018-10-16,2018-10-16,1d6133619a2007840e21ead85d538b7caed9ab67
KazuCocoa,https://api.github.com/repos/appium/appium/pulls/11524,https://api.github.com/repos/appium/appium/issues/11524,closed,2018-10-13,2018-10-23,2018-10-23,1056c22abea7f9302bec37df4c9c200f829f3a83
saigovindu,https://api.github.com/repos/appium/appium/pulls/11517,https://api.github.com/repos/appium/appium/issues/11517,closed,2018-10-11,2018-10-12,2018-10-12,8ac361c10f3979c84c49edddd4a1f548baf975a0
mykola-mokhnach,https://api.github.com/repos/appium/appium/pulls/11506,https://api.github.com/repos/appium/appium/issues/11506,closed,2018-10-09,2019-01-29,2018-10-10,bfcca7243be4ba3b6de152abd709c13cd07518ae
navarasu,https://api.github.com/repos/appium/appium/pulls/11503,https://api.github.com/repos/appium/appium/issues/11503,closed,2018-10-09,2018-10-10,2018-10-10,0bd61a62a60716d43cd7d486316d2d12fa588c14
imurchie,https://api.github.com/repos/appium/appium/pulls/11499,https://api.github.com/repos/appium/appium/issues/11499,closed,2018-10-09,2018-10-09,2018-10-09,4ff699a80a6e66041cacf71c85d608909e2b1077
KazuCocoa,https://api.github.com/repos/appium/appium/pulls/11493,https://api.github.com/repos/appium/appium/issues/11493,closed,2018-10-08,2018-10-08,2018-10-08,ef7a1b17124966dbb87442d7356614791fe5e9ce
KazuCocoa,https://api.github.com/repos/appium/appium/pulls/11490,https://api.github.com/repos/appium/appium/issues/11490,closed,2018-10-05,2018-10-06,2018-10-06,5409005b4f5c2b8992e884bed403c35fa05706ae
imurchie,https://api.github.com/repos/appium/appium/pulls/11481,https://api.github.com/repos/appium/appium/issues/11481,closed,2018-10-04,2018-10-05,2018-10-05,91204eb1211df43f3c7e1e7639325e25c44fcd5c
dpgraham,https://api.github.com/repos/appium/appium/pulls/11469,https://api.github.com/repos/appium/appium/issues/11469,closed,2018-10-02,2018-10-03,2018-10-02,c63919052eb939349c6cb9deb912f70eb2a064ff
imurchie,https://api.github.com/repos/appium/appium/pulls/11461,https://api.github.com/repos/appium/appium/issues/11461,closed,2018-10-01,2018-10-03,2018-10-03,7f3f13655798019e43d6ad22fa30823654788a60
KazuCocoa,https://api.github.com/repos/appium/appium/pulls/11442,https://api.github.com/repos/appium/appium/issues/11442,closed,2018-09-27,2018-09-27,2018-09-27,5c8ac3610bb007029794d6eb293daec267ce0741
greenkeeper[bot],https://api.github.com/repos/appium/appium/pulls/11438,https://api.github.com/repos/appium/appium/issues/11438,closed,2018-09-26,2018-09-26,,c02c7e0ced1dcb67d362e44cd05085517fca098a
mykola-mokhnach,https://api.github.com/repos/appium/appium/pulls/11436,https://api.github.com/repos/appium/appium/issues/11436,closed,2018-09-26,2018-10-09,2018-09-27,04934fe935da45ec064adec64d3c6a6bf0cec330
vikingden8,https://api.github.com/repos/appium/appium/pulls/11432,https://api.github.com/repos/appium/appium/issues/11432,closed,2018-09-26,2018-09-26,2018-09-26,17e13185bc0feb50e0a0d6ff839a535b6f8250a4
dpgraham,https://api.github.com/repos/appium/appium/pulls/11424,https://api.github.com/repos/appium/appium/issues/11424,closed,2018-09-25,2018-10-02,2018-10-02,0fde791f1ea47520599cefdb04a13eaae03b7e04
dpgraham,https://api.github.com/repos/appium/appium/pulls/11407,https://api.github.com/repos/appium/appium/issues/11407,closed,2018-09-22,2018-09-23,2018-09-23,0e506d38c98ee4c9743b7c6d531f38e496828f99
dpgraham,https://api.github.com/repos/appium/appium/pulls/11404,https://api.github.com/repos/appium/appium/issues/11404,closed,2018-09-21,2018-10-02,2018-10-02,39ac80d4bcfe5e7cac93196aa0c01a93d16be79a
greenkeeper[bot],https://api.github.com/repos/appium/appium/pulls/11401,https://api.github.com/repos/appium/appium/issues/11401,closed,2018-09-21,2018-10-01,,b5de468429906ad38d03ad978c50006d078b89cc
greenkeeper[bot],https://api.github.com/repos/appium/appium/pulls/11400,https://api.github.com/repos/appium/appium/issues/11400,closed,2018-09-21,2018-10-01,,5558a3cc323ee38339200e9e677b40fa875954db
nicodn,https://api.github.com/repos/appium/appium/pulls/11396,https://api.github.com/repos/appium/appium/issues/11396,closed,2018-09-20,2018-10-26,2018-10-22,ebdb6aa6e99a9c360902b8a46e47e0aa265f66a2
dpgraham,https://api.github.com/repos/appium/appium/pulls/11395,https://api.github.com/repos/appium/appium/issues/11395,closed,2018-09-20,2018-09-20,2018-09-20,38b86853c6d784edb51c6d239c64f73eedff9f26
dpgraham,https://api.github.com/repos/appium/appium/pulls/11390,https://api.github.com/repos/appium/appium/issues/11390,closed,2018-09-19,2018-09-20,2018-09-20,b4fd917f7f4c34a145f16383b23e4279b19f4caf
imurchie,https://api.github.com/repos/appium/appium/pulls/11375,https://api.github.com/repos/appium/appium/issues/11375,closed,2018-09-17,2018-09-17,2018-09-17,10853e9923bdf4260a0d8707ddb3beb80b7d8c14
KazuCocoa,https://api.github.com/repos/appium/appium/pulls/11371,https://api.github.com/repos/appium/appium/issues/11371,closed,2018-09-17,2018-09-17,2018-09-17,4a8b6a7daf9742be68196f35ce216611d5fafefd
KazuCocoa,https://api.github.com/repos/appium/appium/pulls/11368,https://api.github.com/repos/appium/appium/issues/11368,closed,2018-09-15,2018-09-16,2018-09-16,da11bfbfe98b982e6e6489fa108e48fd2fe01926
imurchie,https://api.github.com/repos/appium/appium/pulls/11356,https://api.github.com/repos/appium/appium/issues/11356,closed,2018-09-12,2018-09-12,2018-09-12,37539cb8f86d440be91625f5db594e7162afb58a
dpgraham,https://api.github.com/repos/appium/appium/pulls/11331,https://api.github.com/repos/appium/appium/issues/11331,closed,2018-09-06,2018-09-07,2018-09-07,833daae083b82ee5c2af157a60773fdf36d30941
dpgraham,https://api.github.com/repos/appium/appium/pulls/11322,https://api.github.com/repos/appium/appium/issues/11322,closed,2018-09-05,2018-09-05,2018-09-05,e996b30195b3ec0b51c2afb49e3f76240867ddf4
mykola-mokhnach,https://api.github.com/repos/appium/appium/pulls/11316,https://api.github.com/repos/appium/appium/issues/11316,closed,2018-09-04,2018-09-26,2018-09-06,fcfefd02c7b7cca6ca9f0535f576a3dd8beb12ad
mykola-mokhnach,https://api.github.com/repos/appium/appium/pulls/11303,https://api.github.com/repos/appium/appium/issues/11303,closed,2018-09-03,2018-09-04,2018-09-04,fab997367497c227bdfedd83cd2bef253896ede3
KazuCocoa,https://api.github.com/repos/appium/appium/pulls/11297,https://api.github.com/repos/appium/appium/issues/11297,closed,2018-09-01,2018-09-04,2018-09-04,066b57362965894cb58be0700d67094d3ed33f87
dpgraham,https://api.github.com/repos/appium/appium/pulls/11281,https://api.github.com/repos/appium/appium/issues/11281,closed,2018-08-29,2018-09-04,2018-09-04,9cf240787aa2ae9201c26fdb53849ce3c5bc8c66
greenkeeper[bot],https://api.github.com/repos/appium/appium/pulls/11277,https://api.github.com/repos/appium/appium/issues/11277,closed,2018-08-29,2018-08-29,2018-08-29,b466e7b5803c4be97ef699c024d92d8fab59e043
KazuCocoa,https://api.github.com/repos/appium/appium/pulls/11274,https://api.github.com/repos/appium/appium/issues/11274,closed,2018-08-28,2018-08-28,2018-08-28,fcff3fbdac096eea006b1621c8d50780cddaab4d
evaisse,https://api.github.com/repos/appium/appium/pulls/11268,https://api.github.com/repos/appium/appium/issues/11268,closed,2018-08-28,2018-10-23,,705ed74ac3a8c381d9521d2da88ead9d3ca4c95d
imurchie,https://api.github.com/repos/appium/appium/pulls/11263,https://api.github.com/repos/appium/appium/issues/11263,closed,2018-08-27,2018-08-28,2018-08-28,f40bfb8ebe23b71c8c2bb1efecdd98ce715a03e8
imurchie,https://api.github.com/repos/appium/appium/pulls/11262,https://api.github.com/repos/appium/appium/issues/11262,closed,2018-08-27,2018-08-27,2018-08-27,f80a75fdac8282d8f3539cc170de812e0fdc03db
saikrishna321,https://api.github.com/repos/appium/appium/pulls/11256,https://api.github.com/repos/appium/appium/issues/11256,closed,2018-08-26,2018-09-07,2018-08-28,375dfd2a4a6784de856e32c349f0381297efc7f3
KazuCocoa,https://api.github.com/repos/appium/appium/pulls/11255,https://api.github.com/repos/appium/appium/issues/11255,closed,2018-08-26,2018-08-28,2018-08-28,c503f085745b551180bc8493a0b5f1316ba8bccb
imurchie,https://api.github.com/repos/appium/appium/pulls/11248,https://api.github.com/repos/appium/appium/issues/11248,closed,2018-08-24,2018-08-28,2018-08-27,66ae6111d46da78d41e709b614e0f29105fa229c
dpgraham,https://api.github.com/repos/appium/appium/pulls/11242,https://api.github.com/repos/appium/appium/issues/11242,closed,2018-08-23,2018-09-19,2018-09-19,2678b87b44db37a1cb4c52c1f8b539230fd2b47d
dpgraham,https://api.github.com/repos/appium/appium/pulls/11241,https://api.github.com/repos/appium/appium/issues/11241,closed,2018-08-23,2018-08-24,2018-08-24,88a445364fe07631291f716d3dee2178c78a73ce
mykola-mokhnach,https://api.github.com/repos/appium/appium/pulls/11239,https://api.github.com/repos/appium/appium/issues/11239,closed,2018-08-23,2018-09-17,2018-08-23,7a684d7d80b37a3416306dd3c3590069fe1d0d3d
KazuCocoa,https://api.github.com/repos/appium/appium/pulls/11233,https://api.github.com/repos/appium/appium/issues/11233,closed,2018-08-22,2018-08-23,2018-08-23,7b3b836f77d26ea365cb0818ea27f9a987d7c440
mykola-mokhnach,https://api.github.com/repos/appium/appium/pulls/11232,https://api.github.com/repos/appium/appium/issues/11232,closed,2018-08-22,2018-09-03,2018-08-28,41cc517cbfd46d4e31a834da8a23e52d051c90d5
dpgraham,https://api.github.com/repos/appium/appium/pulls/11226,https://api.github.com/repos/appium/appium/issues/11226,closed,2018-08-21,2018-08-28,2018-08-28,918336c98fec5686994d3b328b9bfe26910bf5c7
dpgraham,https://api.github.com/repos/appium/appium/pulls/11224,https://api.github.com/repos/appium/appium/issues/11224,closed,2018-08-21,2018-08-22,2018-08-22,649c5d43d7913722216c03b91f547d1085f37909
dpgraham,https://api.github.com/repos/appium/appium/pulls/11222,https://api.github.com/repos/appium/appium/issues/11222,closed,2018-08-21,2018-08-21,2018-08-21,bb837358839fc1e111f90e5d97efc33b808011f7
dpgraham,https://api.github.com/repos/appium/appium/pulls/11215,https://api.github.com/repos/appium/appium/issues/11215,closed,2018-08-20,2018-08-21,2018-08-21,37dfaac8944e3fecd0231b65119da0ad2ba39d38
dpgraham,https://api.github.com/repos/appium/appium/pulls/11214,https://api.github.com/repos/appium/appium/issues/11214,closed,2018-08-20,2018-08-21,2018-08-21,1c840a438396a5b9585763fff58bc620df5df960
KazuCocoa,https://api.github.com/repos/appium/appium/pulls/11208,https://api.github.com/repos/appium/appium/issues/11208,closed,2018-08-18,2018-08-28,2018-08-22,cd12ed9a511b061244c98701614f7f13b7ae3725
dpgraham,https://api.github.com/repos/appium/appium/pulls/11207,https://api.github.com/repos/appium/appium/issues/11207,closed,2018-08-18,2018-08-18,2018-08-18,c82d08d375d09ce5f3d61a641d97dcf66be25f49
dpgraham,https://api.github.com/repos/appium/appium/pulls/11205,https://api.github.com/repos/appium/appium/issues/11205,closed,2018-08-17,2019-03-01,2018-08-17,34e9840201d6bc276203c92ce2b1d29f89d678a7
dpgraham,https://api.github.com/repos/appium/appium/pulls/11204,https://api.github.com/repos/appium/appium/issues/11204,closed,2018-08-17,2018-08-20,2018-08-20,53cf59383fc9395c3467c0953ef560af5eb3bd5c
KazuCocoa,https://api.github.com/repos/appium/appium/pulls/11203,https://api.github.com/repos/appium/appium/issues/11203,closed,2018-08-17,2018-08-18,2018-08-18,e0af090903ba1e1f9ab282b7342b6f312e5cbdb6
imurchie,https://api.github.com/repos/appium/appium/pulls/11201,https://api.github.com/repos/appium/appium/issues/11201,closed,2018-08-17,2018-08-17,2018-08-17,3c13475f7fb45e24e9d7c1457f58884c9fad4dc3
dpgraham,https://api.github.com/repos/appium/appium/pulls/11195,https://api.github.com/repos/appium/appium/issues/11195,closed,2018-08-16,2018-08-20,2018-08-20,842e430d65ae282e9045c33b235dde1c303d0cfd
imurchie,https://api.github.com/repos/appium/appium/pulls/11190,https://api.github.com/repos/appium/appium/issues/11190,closed,2018-08-15,2018-08-17,2018-08-17,bde00d4116368278cab30e4a29afa25f7a5db58f
imurchie,https://api.github.com/repos/appium/appium/pulls/11174,https://api.github.com/repos/appium/appium/issues/11174,closed,2018-08-12,2018-08-14,2018-08-14,7a00b3f875991ba1d95359ed53a3eda47911f64b
mjin8040,https://api.github.com/repos/appium/appium/pulls/11173,https://api.github.com/repos/appium/appium/issues/11173,closed,2018-08-11,2018-09-25,,58ded8e8cf709d0936751716fd387f4a3a9f7e48
shaikhwaseem,https://api.github.com/repos/appium/appium/pulls/11169,https://api.github.com/repos/appium/appium/issues/11169,closed,2018-08-10,2018-08-12,2018-08-12,5933479f882d7eca170a24ccb256fe2b1fe26c76
KazuCocoa,https://api.github.com/repos/appium/appium/pulls/11138,https://api.github.com/repos/appium/appium/issues/11138,closed,2018-08-01,2018-08-01,2018-08-01,91b3c05f89f939568effbb58fc1fa5a5580f0739
KazuCocoa,https://api.github.com/repos/appium/appium/pulls/11128,https://api.github.com/repos/appium/appium/issues/11128,closed,2018-07-30,2018-07-30,2018-07-30,c6c0b28db303d1761be3a0edffd2d165b2db2feb
imurchie,https://api.github.com/repos/appium/appium/pulls/11109,https://api.github.com/repos/appium/appium/issues/11109,closed,2018-07-25,2018-07-25,2018-07-25,e4f5722ab2421108b84e7f310e30636c441386d8
imurchie,https://api.github.com/repos/appium/appium/pulls/11084,https://api.github.com/repos/appium/appium/issues/11084,closed,2018-07-20,2018-07-20,2018-07-20,1adb3afef0953a74a38140bffbfbf151182569ee
imurchie,https://api.github.com/repos/appium/appium/pulls/11067,https://api.github.com/repos/appium/appium/issues/11067,closed,2018-07-18,2019-12-10,,b7afbceb342a41bb52178ac2b68144b595d72723
imurchie,https://api.github.com/repos/appium/appium/pulls/11049,https://api.github.com/repos/appium/appium/issues/11049,closed,2018-07-16,2018-07-16,2018-07-16,fe1b58b09b27ee397de33fb740ca4a348316676e
imurchie,https://api.github.com/repos/appium/appium/pulls/11039,https://api.github.com/repos/appium/appium/issues/11039,closed,2018-07-12,2018-07-16,2018-07-16,b74e23e925847923ef627a827c066710ddfa2e0f
KazuCocoa,https://api.github.com/repos/appium/appium/pulls/11025,https://api.github.com/repos/appium/appium/issues/11025,closed,2018-07-10,2018-08-28,2018-07-12,09b80e2e625909b2e09c69d8e6581ddf56816b26
padmakarsrinivas,https://api.github.com/repos/appium/appium/pulls/11022,https://api.github.com/repos/appium/appium/issues/11022,closed,2018-07-10,2018-07-10,2018-07-10,bec84620168faf995bb2b1772d1ae61a51c142ad
dpgraham,https://api.github.com/repos/appium/appium/pulls/11015,https://api.github.com/repos/appium/appium/issues/11015,closed,2018-07-06,2018-07-08,2018-07-08,174912ab3a133fae6f243885d40d4c02bb12782f
imurchie,https://api.github.com/repos/appium/appium/pulls/11008,https://api.github.com/repos/appium/appium/issues/11008,closed,2018-07-05,2018-07-05,2018-07-05,6ae14c852f3ac038a51c3f70da2a348cd7761b7e
greenkeeper[bot],https://api.github.com/repos/appium/appium/pulls/10973,https://api.github.com/repos/appium/appium/issues/10973,closed,2018-06-29,2018-06-29,2018-06-29,26731e914314a024a2221920dc19e393802580c8
imurchie,https://api.github.com/repos/appium/appium/pulls/10972,https://api.github.com/repos/appium/appium/issues/10972,closed,2018-06-29,2018-07-02,2018-06-29,6ed112b6cf57994db045bd24acf5cd164105caa9
imurchie,https://api.github.com/repos/appium/appium/pulls/10971,https://api.github.com/repos/appium/appium/issues/10971,closed,2018-06-29,2018-06-29,2018-06-29,32c4441a7a20cfb1f36d4aec68cad5564beae6c3
imurchie,https://api.github.com/repos/appium/appium/pulls/10967,https://api.github.com/repos/appium/appium/issues/10967,closed,2018-06-28,2018-06-29,2018-06-29,2fee4d7c5a0cdb0aa0ec3f1f80aeffe7ba03b7d8
mykola-mokhnach,https://api.github.com/repos/appium/appium/pulls/10966,https://api.github.com/repos/appium/appium/issues/10966,closed,2018-06-28,2018-08-07,2018-06-28,1c24b0f6493697194e99b7c1ec9bf6a8ed6c1ccf
mykola-mokhnach,https://api.github.com/repos/appium/appium/pulls/10962,https://api.github.com/repos/appium/appium/issues/10962,closed,2018-06-27,2018-08-07,2018-06-29,eebc1d57a12d191b236ee6e8b3ace83c68d127fd
ThomasFettSauce,https://api.github.com/repos/appium/appium/pulls/10960,https://api.github.com/repos/appium/appium/issues/10960,closed,2018-06-27,2018-08-06,2018-08-06,fabe063a85ce6bde238b66cbbeef56472ebef89c
dpgraham,https://api.github.com/repos/appium/appium/pulls/10953,https://api.github.com/repos/appium/appium/issues/10953,closed,2018-06-26,2018-06-27,2018-06-27,44b873762d783389ae3d9561832b26d1cb7c1d0a
mykola-mokhnach,https://api.github.com/repos/appium/appium/pulls/10948,https://api.github.com/repos/appium/appium/issues/10948,closed,2018-06-26,2018-06-27,2018-06-26,fc84cc1212e7810fd3aee0f6d2a99ce3c28538fd
flyofsky,https://api.github.com/repos/appium/appium/pulls/10938,https://api.github.com/repos/appium/appium/issues/10938,closed,2018-06-25,2018-06-28,2018-06-28,40ed9c066d03c8c810bce2d5e557f8d0101be3eb
dpgraham,https://api.github.com/repos/appium/appium/pulls/10936,https://api.github.com/repos/appium/appium/issues/10936,closed,2018-06-24,2018-06-24,2018-06-24,ff6b3a16f807fe8c7046a27726fe1a54dc85cf3f
dpgraham,https://api.github.com/repos/appium/appium/pulls/10934,https://api.github.com/repos/appium/appium/issues/10934,closed,2018-06-22,2018-07-20,,dfe6b85c29c3399c2e20b5edf155623d9153e147
dpgraham,https://api.github.com/repos/appium/appium/pulls/10933,https://api.github.com/repos/appium/appium/issues/10933,closed,2018-06-22,2018-06-22,2018-06-22,8e9b7d5da17eaac6e48888c3a13f7f762a72dd95
dpgraham,https://api.github.com/repos/appium/appium/pulls/10927,https://api.github.com/repos/appium/appium/issues/10927,closed,2018-06-22,2018-06-22,2018-06-22,df40b94cded586b90872ef15b260d251f49af072
imurchie,https://api.github.com/repos/appium/appium/pulls/10922,https://api.github.com/repos/appium/appium/issues/10922,closed,2018-06-21,2018-06-21,2018-06-21,b65b97c397a490329971b93640b0e71a28cd3b89
imurchie,https://api.github.com/repos/appium/appium/pulls/10918,https://api.github.com/repos/appium/appium/issues/10918,closed,2018-06-21,2018-06-21,2018-06-21,671e29a7dcbc7671f445dd7dc65bc4dfa0eb34a0
KazuCocoa,https://api.github.com/repos/appium/appium/pulls/10901,https://api.github.com/repos/appium/appium/issues/10901,closed,2018-06-19,2018-06-19,2018-06-19,5317d06a4a6a3d7560c6bb0a23f831f0c2fcf2f5
imurchie,https://api.github.com/repos/appium/appium/pulls/10880,https://api.github.com/repos/appium/appium/issues/10880,closed,2018-06-14,2018-06-15,2018-06-15,04f65435618931f2d40977eec2f400d0bbec27d7
mjtimblin,https://api.github.com/repos/appium/appium/pulls/10871,https://api.github.com/repos/appium/appium/issues/10871,closed,2018-06-13,2018-06-22,2018-06-22,75eeab5e15c2014679953b557e21a551623d5c79
espoelstra,https://api.github.com/repos/appium/appium/pulls/10864,https://api.github.com/repos/appium/appium/issues/10864,closed,2018-06-12,2018-06-12,2018-06-12,b21db5caa4114ea66b57d9b33c85db74ed3da2c1
greenkeeper[bot],https://api.github.com/repos/appium/appium/pulls/10863,https://api.github.com/repos/appium/appium/issues/10863,closed,2018-06-12,2018-06-13,2018-06-13,15f7929593743b4e3ac9766d290093326aa0ff29
greenkeeper[bot],https://api.github.com/repos/appium/appium/pulls/10839,https://api.github.com/repos/appium/appium/issues/10839,closed,2018-06-11,2018-06-11,2018-06-11,2825e325fdd94e5ac2fc14c34c5d5fe9d9f639e0
xinzhen2015,https://api.github.com/repos/appium/appium/pulls/10836,https://api.github.com/repos/appium/appium/issues/10836,closed,2018-06-11,2018-06-11,,b24403d5afbc1965dcc9c991738201da0ac9827f
saikrishna321,https://api.github.com/repos/appium/appium/pulls/10834,https://api.github.com/repos/appium/appium/issues/10834,closed,2018-06-10,2018-06-13,2018-06-13,3bfbd932b389f09f92b87a5476c8d3306e5bb6fd
dmlemeshko,https://api.github.com/repos/appium/appium/pulls/10818,https://api.github.com/repos/appium/appium/issues/10818,closed,2018-06-07,2018-06-14,2018-06-13,aab1649996b83609116bf6325c2b654961b84152
imurchie,https://api.github.com/repos/appium/appium/pulls/10814,https://api.github.com/repos/appium/appium/issues/10814,closed,2018-06-06,2018-06-07,2018-06-07,27df40944e2adebfa17822185c1feb6a2f41e3e7
KazuCocoa,https://api.github.com/repos/appium/appium/pulls/10797,https://api.github.com/repos/appium/appium/issues/10797,closed,2018-06-03,2018-11-27,2018-06-04,102ffa218642d063716f5a7d637001888aeea246
imurchie,https://api.github.com/repos/appium/appium/pulls/10779,https://api.github.com/repos/appium/appium/issues/10779,closed,2018-05-29,2018-05-29,2018-05-29,82f3b43fee59e2c55ab9115da716d198704ebac5
greenkeeper[bot],https://api.github.com/repos/appium/appium/pulls/10756,https://api.github.com/repos/appium/appium/issues/10756,closed,2018-05-25,2018-05-29,2018-05-29,228c716764ed58ce498ce2b09e510d65772e9d7c
imurchie,https://api.github.com/repos/appium/appium/pulls/10754,https://api.github.com/repos/appium/appium/issues/10754,closed,2018-05-25,2018-05-25,2018-05-25,c986e4a62718b00976b26acb39e07e55f0c204d5
imurchie,https://api.github.com/repos/appium/appium/pulls/10742,https://api.github.com/repos/appium/appium/issues/10742,closed,2018-05-23,2018-05-24,2018-05-24,a9c6eb57853b8274db4a380e72a5b5fddfe30e70
imurchie,https://api.github.com/repos/appium/appium/pulls/10740,https://api.github.com/repos/appium/appium/issues/10740,closed,2018-05-23,2018-05-23,2018-05-23,35d5de2195769eac62e8f88db2f804882b8fa6a4
sumanthmattapali,https://api.github.com/repos/appium/appium/pulls/10735,https://api.github.com/repos/appium/appium/issues/10735,closed,2018-05-22,2018-05-23,2018-05-23,847df0c9c7ae4f92cfa10c5ff152d767dc3ed9a3
imurchie,https://api.github.com/repos/appium/appium/pulls/10734,https://api.github.com/repos/appium/appium/issues/10734,closed,2018-05-22,2018-05-23,2018-05-23,e0f92e0b3b3e841e6fe0e3922f89e3c35e416603
sumanthmattapali,https://api.github.com/repos/appium/appium/pulls/10733,https://api.github.com/repos/appium/appium/issues/10733,closed,2018-05-22,2018-05-23,,891f306c75963638cd27583581363af5a869200b
mykola-mokhnach,https://api.github.com/repos/appium/appium/pulls/10711,https://api.github.com/repos/appium/appium/issues/10711,closed,2018-05-18,2018-06-26,2018-05-22,8713f4851ac41688f77bbfa7d55ff741f6367eb1
KazuCocoa,https://api.github.com/repos/appium/appium/pulls/10702,https://api.github.com/repos/appium/appium/issues/10702,closed,2018-05-17,2018-05-22,2018-05-22,3da489ce5eec1235bce474275e2dca52d8e39d3d
dpgraham,https://api.github.com/repos/appium/appium/pulls/10683,https://api.github.com/repos/appium/appium/issues/10683,closed,2018-05-11,2018-06-29,2018-05-15,001e2f367466731a25800de0a3fbedd6ce784d27
dpgraham,https://api.github.com/repos/appium/appium/pulls/10667,https://api.github.com/repos/appium/appium/issues/10667,closed,2018-05-08,2018-05-17,2018-05-17,c62355e3b3787b84da55ab51139c697eb88443b9
imurchie,https://api.github.com/repos/appium/appium/pulls/10666,https://api.github.com/repos/appium/appium/issues/10666,closed,2018-05-08,2018-05-08,2018-05-08,812a6bf4f30c79acf3e23e0333adc4b2fdda2fd5
dpgraham,https://api.github.com/repos/appium/appium/pulls/10660,https://api.github.com/repos/appium/appium/issues/10660,closed,2018-05-07,2018-05-08,2018-05-08,038e068880cf49600551f2f8b01e086da15a162b
mykola-mokhnach,https://api.github.com/repos/appium/appium/pulls/10628,https://api.github.com/repos/appium/appium/issues/10628,closed,2018-04-30,2018-05-05,2018-04-30,e4e59193f44a469f719d766442296b9eafc97de0
dpgraham,https://api.github.com/repos/appium/appium/pulls/10614,https://api.github.com/repos/appium/appium/issues/10614,closed,2018-04-26,2018-04-27,2018-04-27,95601bf7e61dcac84906070bcaf9b6a22c46e74a
eliasnogueira,https://api.github.com/repos/appium/appium/pulls/10594,https://api.github.com/repos/appium/appium/issues/10594,closed,2018-04-24,2018-04-26,2018-04-26,ee8152990b71306c37ed7a6f76806f87ce4abdbb
mykola-mokhnach,https://api.github.com/repos/appium/appium/pulls/10582,https://api.github.com/repos/appium/appium/issues/10582,closed,2018-04-24,2018-04-30,2018-04-26,e85ec0345a4785630cf7b40cc35b7cd42af4cb76
eliasnogueira,https://api.github.com/repos/appium/appium/pulls/10578,https://api.github.com/repos/appium/appium/issues/10578,closed,2018-04-24,2018-04-25,,1d201132c2343067e87566698b9cd12f3d6b172c
mykola-mokhnach,https://api.github.com/repos/appium/appium/pulls/10565,https://api.github.com/repos/appium/appium/issues/10565,closed,2018-04-19,2018-04-24,2018-04-19,a603ae990266dca62640f958c5afa0e70bf33813
dpgraham,https://api.github.com/repos/appium/appium/pulls/10541,https://api.github.com/repos/appium/appium/issues/10541,closed,2018-04-13,2018-05-22,2018-05-22,2c7fb044267c9639a46f8d930d20dc7570bc6931
dpgraham,https://api.github.com/repos/appium/appium/pulls/10523,https://api.github.com/repos/appium/appium/issues/10523,closed,2018-04-11,2018-04-11,2018-04-11,62700d3b1dc0edd985502cc1279747a782f3ee74
dpgraham,https://api.github.com/repos/appium/appium/pulls/10522,https://api.github.com/repos/appium/appium/issues/10522,closed,2018-04-11,2018-04-11,2018-04-11,fe1834c6d53fec5bdd21fc698f5670008576d36f
dpgraham,https://api.github.com/repos/appium/appium/pulls/10516,https://api.github.com/repos/appium/appium/issues/10516,closed,2018-04-10,2018-04-11,2018-04-11,526a843cfcf60f738e56dc3ca3df1b90d81368b8
imurchie,https://api.github.com/repos/appium/appium/pulls/10505,https://api.github.com/repos/appium/appium/issues/10505,closed,2018-04-09,2018-04-09,2018-04-09,e3fbd8f1e30a210929b1d2234278d8cc842e6b89
saikrishna321,https://api.github.com/repos/appium/appium/pulls/10500,https://api.github.com/repos/appium/appium/issues/10500,closed,2018-04-08,2018-06-08,,e596583c1b165edba6a6a400449ca180da52ea64
Bamieh,https://api.github.com/repos/appium/appium/pulls/10499,https://api.github.com/repos/appium/appium/issues/10499,closed,2018-04-08,2018-09-04,,470461b3f001917068583b1930169cfcf7a98f9a
Bamieh,https://api.github.com/repos/appium/appium/pulls/10498,https://api.github.com/repos/appium/appium/issues/10498,closed,2018-04-08,2018-04-10,,5d3129869c71d8bb2e110b86632c5d02c720a321
mykola-mokhnach,https://api.github.com/repos/appium/appium/pulls/10496,https://api.github.com/repos/appium/appium/issues/10496,closed,2018-04-06,2018-04-19,2018-04-06,b06cc534dde43100ba77809bee26797e99527c5e
dpgraham,https://api.github.com/repos/appium/appium/pulls/10460,https://api.github.com/repos/appium/appium/issues/10460,closed,2018-04-02,2018-04-09,2018-04-09,51de20799bffa14ea1b8878b3e4f3cbf828c85f3
KazuCocoa,https://api.github.com/repos/appium/appium/pulls/10451,https://api.github.com/repos/appium/appium/issues/10451,closed,2018-03-30,2018-04-10,2018-04-10,a9a1ee07ae4093ca703edea351b557228f168d2c
KazuCocoa,https://api.github.com/repos/appium/appium/pulls/10450,https://api.github.com/repos/appium/appium/issues/10450,closed,2018-03-30,2018-03-30,,79d7a6a9e5792db55c755aacd4d310f80b69db26
imurchie,https://api.github.com/repos/appium/appium/pulls/10449,https://api.github.com/repos/appium/appium/issues/10449,closed,2018-03-30,2018-04-20,2018-04-20,d49cd064d9178b0f98da15321bf2bd33372c4910
imurchie,https://api.github.com/repos/appium/appium/pulls/10448,https://api.github.com/repos/appium/appium/issues/10448,closed,2018-03-30,2018-04-03,2018-04-03,f7264d848ebcaaba1b7449ee63324992eb5907a4
wswebcreation,https://api.github.com/repos/appium/appium/pulls/10445,https://api.github.com/repos/appium/appium/issues/10445,closed,2018-03-30,2018-05-23,,7f059a7272cd9b9428632a2b07ca971f8e54ca02
imurchie,https://api.github.com/repos/appium/appium/pulls/10437,https://api.github.com/repos/appium/appium/issues/10437,closed,2018-03-28,2018-03-28,2018-03-28,f452ffb76cf1b73113d47cf16a77aa3ef7587194
imurchie,https://api.github.com/repos/appium/appium/pulls/10436,https://api.github.com/repos/appium/appium/issues/10436,closed,2018-03-28,2018-03-28,2018-03-28,e51db2de68cd6f065a22942307a38d6bda936c52
mrferos,https://api.github.com/repos/appium/appium/pulls/10434,https://api.github.com/repos/appium/appium/issues/10434,closed,2018-03-28,2018-03-28,2018-03-28,048ca4be43d15e078f583ddb973e2dbe0212a988
dpgraham,https://api.github.com/repos/appium/appium/pulls/10427,https://api.github.com/repos/appium/appium/issues/10427,closed,2018-03-27,2018-03-28,2018-03-28,46871e75b52c1d3be002dc63af459c1cc4b6cd28
dpgraham,https://api.github.com/repos/appium/appium/pulls/10425,https://api.github.com/repos/appium/appium/issues/10425,closed,2018-03-27,2018-03-27,2018-03-27,a568ba58d2be1a4d2896cfce4535473918ce8e1f
janpio,https://api.github.com/repos/appium/appium/pulls/10406,https://api.github.com/repos/appium/appium/issues/10406,closed,2018-03-23,2018-03-23,2018-03-23,e4799bb88ee66b974a68ff1b4ab021cb90cd2d9d
mykola-mokhnach,https://api.github.com/repos/appium/appium/pulls/10400,https://api.github.com/repos/appium/appium/issues/10400,closed,2018-03-22,2018-04-06,2018-03-23,0774ffcefcb83d0d08a79cd7b068077b1f3a2310
imurchie,https://api.github.com/repos/appium/appium/pulls/10398,https://api.github.com/repos/appium/appium/issues/10398,closed,2018-03-22,2018-03-22,2018-03-22,01eae28622d418491608255840f92f1342c8b7e1
mykola-mokhnach,https://api.github.com/repos/appium/appium/pulls/10367,https://api.github.com/repos/appium/appium/issues/10367,closed,2018-03-19,2018-04-24,2018-03-21,5fb4348ed76b1e79e74253ea554e06ea568d9172
dpgraham,https://api.github.com/repos/appium/appium/pulls/10362,https://api.github.com/repos/appium/appium/issues/10362,closed,2018-03-16,2018-03-28,2018-03-27,b4d27a4281c2509432e01e8fc8a289191dce774d
mykola-mokhnach,https://api.github.com/repos/appium/appium/pulls/10348,https://api.github.com/repos/appium/appium/issues/10348,closed,2018-03-13,2018-03-19,2018-03-14,4dcd49b41af1c0f52cd7994530f870fae5d71d1b
saikrishna321,https://api.github.com/repos/appium/appium/pulls/10335,https://api.github.com/repos/appium/appium/issues/10335,closed,2018-03-12,2018-03-12,2018-03-12,30e7b45bdc5668124af33c41492aa5195fcdf64d
dpgraham,https://api.github.com/repos/appium/appium/pulls/10331,https://api.github.com/repos/appium/appium/issues/10331,closed,2018-03-09,2018-03-13,2018-03-13,1897841257a84c4635d7bb35a4d8b6ae11420ea6
imurchie,https://api.github.com/repos/appium/appium/pulls/10314,https://api.github.com/repos/appium/appium/issues/10314,closed,2018-03-07,2018-03-07,2018-03-07,add9cfe6add22211f5a5f0596bcbc7131705ef26
KazuCocoa,https://api.github.com/repos/appium/appium/pulls/10253,https://api.github.com/repos/appium/appium/issues/10253,closed,2018-02-24,2018-02-24,2018-02-24,84710b2d7515084444853bae4a6fb15cf975ecd5
KazuCocoa,https://api.github.com/repos/appium/appium/pulls/10251,https://api.github.com/repos/appium/appium/issues/10251,closed,2018-02-23,2018-02-26,2018-02-26,b0a48a3e838476e312476296dd7368ed3d7e4f07
dpgraham,https://api.github.com/repos/appium/appium/pulls/10234,https://api.github.com/repos/appium/appium/issues/10234,closed,2018-02-21,2018-02-21,2018-02-21,70e31115f5621bac74238b238b25daae6eff47d1
trix0,https://api.github.com/repos/appium/appium/pulls/10231,https://api.github.com/repos/appium/appium/issues/10231,closed,2018-02-21,2018-02-21,2018-02-21,18733e058870d7f9934dcc5b3a5da1254bf666fb
dpgraham,https://api.github.com/repos/appium/appium/pulls/10209,https://api.github.com/repos/appium/appium/issues/10209,closed,2018-02-16,2018-03-13,2018-03-13,a05ad855d4cbf19ac38b7f9df554988fcc084a57
dpgraham,https://api.github.com/repos/appium/appium/pulls/10205,https://api.github.com/repos/appium/appium/issues/10205,closed,2018-02-15,2018-02-16,2018-02-16,373c62de4d6375712c971d45e6862542d2f61aee
KazuCocoa,https://api.github.com/repos/appium/appium/pulls/10196,https://api.github.com/repos/appium/appium/issues/10196,closed,2018-02-14,2018-02-15,2018-02-15,829aafcd25b8dfaffa26029a71599118f9ec48c0
dpgraham,https://api.github.com/repos/appium/appium/pulls/10191,https://api.github.com/repos/appium/appium/issues/10191,closed,2018-02-13,2018-02-15,2018-02-13,9f9f13264996f407fb7cae50d6319dd77879646e
imurchie,https://api.github.com/repos/appium/appium/pulls/10180,https://api.github.com/repos/appium/appium/issues/10180,closed,2018-02-12,2018-02-12,2018-02-12,348eacf3d1758d1e2a6816dd62c9ffcc2db975b0
dpgraham,https://api.github.com/repos/appium/appium/pulls/10166,https://api.github.com/repos/appium/appium/issues/10166,closed,2018-02-09,2018-02-12,2018-02-12,a6b9cf33b08a30da548cfa63ce0a1eefa5ea2011
imurchie,https://api.github.com/repos/appium/appium/pulls/10165,https://api.github.com/repos/appium/appium/issues/10165,closed,2018-02-08,2018-02-12,2018-02-12,be2acb207c07503b9b1af3ba9315e7bee092a55a
imurchie,https://api.github.com/repos/appium/appium/pulls/10163,https://api.github.com/repos/appium/appium/issues/10163,closed,2018-02-08,2018-02-08,2018-02-08,77fe650dd64a728d9a9a4a2ec4ca16e987d08925
dpgraham,https://api.github.com/repos/appium/appium/pulls/10162,https://api.github.com/repos/appium/appium/issues/10162,closed,2018-02-08,2018-02-08,2018-02-08,1c6aa98a53c936a140e1d0daf1e8eaf47df6ef8d
dpgraham,https://api.github.com/repos/appium/appium/pulls/10155,https://api.github.com/repos/appium/appium/issues/10155,closed,2018-02-08,2018-02-15,2018-02-15,9650d66a673ccd73570279a83d2cdb891905b943
nickffox,https://api.github.com/repos/appium/appium/pulls/10112,https://api.github.com/repos/appium/appium/issues/10112,closed,2018-02-01,2018-02-01,2018-02-01,b9d56049a383628dbc0c5cb7a3bcda45fad044db
dpgraham,https://api.github.com/repos/appium/appium/pulls/10077,https://api.github.com/repos/appium/appium/issues/10077,closed,2018-01-25,2018-01-25,2018-01-25,47e8955bf4f73d7ff770f404df3a0611f90c1a94
dpgraham,https://api.github.com/repos/appium/appium/pulls/10076,https://api.github.com/repos/appium/appium/issues/10076,closed,2018-01-25,2018-01-25,2018-01-25,35135a6ee58896dd35585473264b5caa1afa2afd
mykola-mokhnach,https://api.github.com/repos/appium/appium/pulls/10073,https://api.github.com/repos/appium/appium/issues/10073,closed,2018-01-25,2018-03-13,2018-01-29,8093a3512132f226b2076ca83a3262fe717fe3e2
dpgraham,https://api.github.com/repos/appium/appium/pulls/10034,https://api.github.com/repos/appium/appium/issues/10034,closed,2018-01-19,2018-01-19,2018-01-19,050db9880ae1bca0d43e879a5ca0febefbddc8a2
dpgraham,https://api.github.com/repos/appium/appium/pulls/10019,https://api.github.com/repos/appium/appium/issues/10019,closed,2018-01-18,2018-01-18,2018-01-18,ee569cbed106eb575bd0879ef236aca1a9cbcb9f
imurchie,https://api.github.com/repos/appium/appium/pulls/10013,https://api.github.com/repos/appium/appium/issues/10013,closed,2018-01-17,2018-01-17,2018-01-17,ac8be0076c10c67bdad399a567da30e2f6cff078
imurchie,https://api.github.com/repos/appium/appium/pulls/10012,https://api.github.com/repos/appium/appium/issues/10012,closed,2018-01-17,2018-01-17,2018-01-17,909694b39d8a110c50b267341b3b911be468bbae
vinodbenure,https://api.github.com/repos/appium/appium/pulls/10005,https://api.github.com/repos/appium/appium/issues/10005,closed,2018-01-17,2018-01-18,,e8470cc81f811262e435aff2b8ffe398e9d9a555
dpgraham,https://api.github.com/repos/appium/appium/pulls/10002,https://api.github.com/repos/appium/appium/issues/10002,closed,2018-01-16,2018-01-17,2018-01-17,fb7280da32a84e4148ca17402c9ad3763e24c10d
dpgraham,https://api.github.com/repos/appium/appium/pulls/9972,https://api.github.com/repos/appium/appium/issues/9972,closed,2018-01-12,2018-01-17,2018-01-16,f27d6565d02b4180fbb246d7a6a96fec0904defe
dpgraham,https://api.github.com/repos/appium/appium/pulls/9918,https://api.github.com/repos/appium/appium/issues/9918,closed,2018-01-04,2018-02-15,2018-01-05,2e4c0b949de4cbd8568d22603ae744357f5da111
dpgraham,https://api.github.com/repos/appium/appium/pulls/9916,https://api.github.com/repos/appium/appium/issues/9916,closed,2018-01-04,2018-01-04,2018-01-04,6523f20096c260c5e4c146dd2b2ed36559d46e6f
dpgraham,https://api.github.com/repos/appium/appium/pulls/9915,https://api.github.com/repos/appium/appium/issues/9915,closed,2018-01-04,2018-01-04,2018-01-04,36cc935fc568ceda81391e99205c8cd12c6293f2
imurchie,https://api.github.com/repos/appium/appium/pulls/9913,https://api.github.com/repos/appium/appium/issues/9913,closed,2018-01-04,2018-01-05,2018-01-05,270c6b7679c34984a26dc403cff4109f5f777857
dpgraham,https://api.github.com/repos/appium/appium/pulls/9907,https://api.github.com/repos/appium/appium/issues/9907,closed,2018-01-03,2018-01-04,2018-01-04,061e26480013dffc86e9a03569140981bcd1c849
dpgraham,https://api.github.com/repos/appium/appium/pulls/9889,https://api.github.com/repos/appium/appium/issues/9889,closed,2018-01-02,2018-01-02,2018-01-02,ed1161f300d39c6f1a56e88f8f6a1b616761a450
imurchie,https://api.github.com/repos/appium/appium/pulls/9888,https://api.github.com/repos/appium/appium/issues/9888,closed,2018-01-02,2018-01-02,2018-01-02,0d36044ada624b9df2fb2f8a3ca3b9e45e8aaeda
dpgraham,https://api.github.com/repos/appium/appium/pulls/9887,https://api.github.com/repos/appium/appium/issues/9887,closed,2018-01-02,2018-01-03,2018-01-03,3af07a42f5bb9f26e2a32c6dd224400dc4ee6429
dpgraham,https://api.github.com/repos/appium/appium/pulls/9869,https://api.github.com/repos/appium/appium/issues/9869,closed,2017-12-27,2018-01-02,2018-01-02,b666c3353c319c96039fb1cf7329dafde6b8ea5f
xiaolinzi99,https://api.github.com/repos/appium/appium/pulls/9849,https://api.github.com/repos/appium/appium/issues/9849,closed,2017-12-26,2017-12-26,,76ac9c5ca706b204f0f88c4d8e08b47d0b1c6ca4
xiaolinzi99,https://api.github.com/repos/appium/appium/pulls/9848,https://api.github.com/repos/appium/appium/issues/9848,closed,2017-12-26,2017-12-26,,67be2e63893ee5a3c707672d9e00c9f4c46aae5b
imurchie,https://api.github.com/repos/appium/appium/pulls/9841,https://api.github.com/repos/appium/appium/issues/9841,closed,2017-12-22,2017-12-27,2017-12-27,524cee07962fab4db478e88d861cdc4700a9aabc
jlipps,https://api.github.com/repos/appium/appium/pulls/9837,https://api.github.com/repos/appium/appium/issues/9837,closed,2017-12-21,2017-12-22,2017-12-22,74cb15ebdcc863393878df7625e911b14f8ab897
mykola-mokhnach,https://api.github.com/repos/appium/appium/pulls/9831,https://api.github.com/repos/appium/appium/issues/9831,closed,2017-12-20,2018-03-13,2018-01-02,c571dedd03998e5d81396b43988d8febb7e2c0fb
imurchie,https://api.github.com/repos/appium/appium/pulls/9829,https://api.github.com/repos/appium/appium/issues/9829,closed,2017-12-20,2017-12-22,2017-12-20,1b1d9dbf3f3fbf490b08da84ac5a7d8d1f2ef2da
dpgraham,https://api.github.com/repos/appium/appium/pulls/9824,https://api.github.com/repos/appium/appium/issues/9824,closed,2017-12-19,2017-12-20,2017-12-20,f62a2a2875696a3e4143831fa06b450a43c53886
KazuCocoa,https://api.github.com/repos/appium/appium/pulls/9815,https://api.github.com/repos/appium/appium/issues/9815,closed,2017-12-18,2017-12-27,2017-12-27,15974203d2691272e7ef0a6285e32ac484278df6
KazuCocoa,https://api.github.com/repos/appium/appium/pulls/9806,https://api.github.com/repos/appium/appium/issues/9806,closed,2017-12-16,2017-12-18,2017-12-18,21d7502dc3c72ece4489d658d78376baaea0966d
mykola-mokhnach,https://api.github.com/repos/appium/appium/pulls/9803,https://api.github.com/repos/appium/appium/issues/9803,closed,2017-12-15,2018-03-13,2017-12-28,fd0a0dc234998cd2b3c79a8e66b2da6e77506273
dpgraham,https://api.github.com/repos/appium/appium/pulls/9791,https://api.github.com/repos/appium/appium/issues/9791,closed,2017-12-13,2017-12-15,2017-12-15,a8911ba51c7f471014d0a81d7c1f1ee96af4342c
mykola-mokhnach,https://api.github.com/repos/appium/appium/pulls/9790,https://api.github.com/repos/appium/appium/issues/9790,closed,2017-12-13,2017-12-15,2017-12-14,760d31165db8f5ba52875db370dd40df3ccc0ae0
KazuCocoa,https://api.github.com/repos/appium/appium/pulls/9772,https://api.github.com/repos/appium/appium/issues/9772,closed,2017-12-10,2017-12-12,2017-12-12,08a26a6a911efc230f87c473c12dc416ff05af12
imurchie,https://api.github.com/repos/appium/appium/pulls/9732,https://api.github.com/repos/appium/appium/issues/9732,closed,2017-12-01,2017-12-04,2017-12-04,355980b6b2dc8cfc5b19cb3420ab6c5f56884a1e
imurchie,https://api.github.com/repos/appium/appium/pulls/9731,https://api.github.com/repos/appium/appium/issues/9731,closed,2017-12-01,2017-12-02,2017-12-02,f33a11c99a106e404355781b75c6c60c73d12465
KazuCocoa,https://api.github.com/repos/appium/appium/pulls/9662,https://api.github.com/repos/appium/appium/issues/9662,closed,2017-11-18,2017-11-21,2017-11-21,ceb8acd4df2c8e5f1272331a21e1a9398d760e74
imurchie,https://api.github.com/repos/appium/appium/pulls/9657,https://api.github.com/repos/appium/appium/issues/9657,closed,2017-11-17,2017-11-19,2017-11-19,80e82b9e9150cb295e15c1fdc5c3b311aa005753
KazuCocoa,https://api.github.com/repos/appium/appium/pulls/9622,https://api.github.com/repos/appium/appium/issues/9622,closed,2017-11-12,2017-11-14,2017-11-14,49be47577f326a4118f33624f23c0deb3dad7e94
dpgraham,https://api.github.com/repos/appium/appium/pulls/9621,https://api.github.com/repos/appium/appium/issues/9621,closed,2017-11-11,2017-12-19,,4dc45137a484ae0e21f54c097aea6556b4599dc4
rseek,https://api.github.com/repos/appium/appium/pulls/9603,https://api.github.com/repos/appium/appium/issues/9603,closed,2017-11-08,2017-11-08,2017-11-08,cfee87a5ba11e5352a5d6021771ce55aa3d1a8b4
mosmukmark,https://api.github.com/repos/appium/appium/pulls/9556,https://api.github.com/repos/appium/appium/issues/9556,closed,2017-10-30,2018-01-09,,8dfd451c9a733091e31673077237fd9f7317fccd
gu-wei,https://api.github.com/repos/appium/appium/pulls/9550,https://api.github.com/repos/appium/appium/issues/9550,closed,2017-10-28,2017-10-30,2017-10-30,433a453903162e3a005264533bc16ea68a0ef572
dpgraham,https://api.github.com/repos/appium/appium/pulls/9542,https://api.github.com/repos/appium/appium/issues/9542,closed,2017-10-26,2017-10-30,2017-10-30,3ec103fb235b8d7eb307d6b3921664ea049b99b7
dpgraham,https://api.github.com/repos/appium/appium/pulls/9502,https://api.github.com/repos/appium/appium/issues/9502,closed,2017-10-22,2017-10-30,2017-10-30,b41e66a78b453c34612ca72757ead3b7633828da
dpgraham,https://api.github.com/repos/appium/appium/pulls/9501,https://api.github.com/repos/appium/appium/issues/9501,closed,2017-10-22,2017-10-23,2017-10-23,a4dd79b8144864cbc034eb97a8f0b5d744e3435c
imurchie,https://api.github.com/repos/appium/appium/pulls/9487,https://api.github.com/repos/appium/appium/issues/9487,closed,2017-10-18,2017-10-18,2017-10-18,55760b7b9e1c494c6a1f22d152f0bd1fe676dae7
dpgraham,https://api.github.com/repos/appium/appium/pulls/9477,https://api.github.com/repos/appium/appium/issues/9477,closed,2017-10-17,2017-10-18,2017-10-18,93271330365a17408f94ae502d98b70c1cd34636
dpgraham,https://api.github.com/repos/appium/appium/pulls/9475,https://api.github.com/repos/appium/appium/issues/9475,closed,2017-10-17,2017-10-17,2017-10-17,40f8b4590a0aab717e2398007d81e45e2298c6ec
imurchie,https://api.github.com/repos/appium/appium/pulls/9473,https://api.github.com/repos/appium/appium/issues/9473,closed,2017-10-17,2017-10-17,2017-10-17,f8f02ad79de1870e74b8e41081e2d7eadd09a7e4
vmaxim,https://api.github.com/repos/appium/appium/pulls/9451,https://api.github.com/repos/appium/appium/issues/9451,closed,2017-10-13,2017-10-16,2017-10-16,024d7ac7bb5ff1216e081ab76954163aeff7da30
vmaxim,https://api.github.com/repos/appium/appium/pulls/9441,https://api.github.com/repos/appium/appium/issues/9441,closed,2017-10-12,2017-10-13,2017-10-12,ee872e6362ec3d5620c3bc3f7f176861df99b7c1
saikrishna321,https://api.github.com/repos/appium/appium/pulls/9440,https://api.github.com/repos/appium/appium/issues/9440,closed,2017-10-12,2017-10-12,,c09f6c470a44a27a2534c393f9f8f9f8f0f2d8fa
imurchie,https://api.github.com/repos/appium/appium/pulls/9423,https://api.github.com/repos/appium/appium/issues/9423,closed,2017-10-10,2017-10-10,2017-10-10,6f8550caf7ec5d13861d08fd1526508611eee3bb
imurchie,https://api.github.com/repos/appium/appium/pulls/9421,https://api.github.com/repos/appium/appium/issues/9421,closed,2017-10-10,2017-10-10,2017-10-10,aa9711817436cb0bd7962c3f85db6efe2c9c8d02
vmaxim,https://api.github.com/repos/appium/appium/pulls/9407,https://api.github.com/repos/appium/appium/issues/9407,closed,2017-10-09,2017-10-10,2017-10-10,d11de81d904df8dd59c65a01a2e28161258cf674
dpgraham,https://api.github.com/repos/appium/appium/pulls/9399,https://api.github.com/repos/appium/appium/issues/9399,closed,2017-10-06,2017-10-06,2017-10-06,40e78aa93202bad1b3f3fba3038666625add8d40
dpgraham,https://api.github.com/repos/appium/appium/pulls/9398,https://api.github.com/repos/appium/appium/issues/9398,closed,2017-10-06,2017-10-18,2017-10-06,9dc7027fda61920228e49b9f93a5a8c6b8996733
dpgraham,https://api.github.com/repos/appium/appium/pulls/9390,https://api.github.com/repos/appium/appium/issues/9390,closed,2017-10-05,2017-10-06,2017-10-06,be95957c8b0ac3db153b8a5b6765247dc87356fd
dpgraham,https://api.github.com/repos/appium/appium/pulls/9383,https://api.github.com/repos/appium/appium/issues/9383,closed,2017-10-04,2017-10-06,2017-10-06,5860ea044ba5bde3ac9400d464e732b026b2e29b
dpgraham,https://api.github.com/repos/appium/appium/pulls/9382,https://api.github.com/repos/appium/appium/issues/9382,closed,2017-10-04,2017-10-18,2017-10-06,5653e1418822cd6b175af2ac3066fa0f0e0aaacb
imurchie,https://api.github.com/repos/appium/appium/pulls/9372,https://api.github.com/repos/appium/appium/issues/9372,closed,2017-10-03,2017-10-05,2017-10-04,ac2ea117fb911e8b8edfb2e1a83660a92e3b0fda
imurchie,https://api.github.com/repos/appium/appium/pulls/9371,https://api.github.com/repos/appium/appium/issues/9371,closed,2017-10-03,2017-10-06,2017-10-06,094fcbaee2a28346234e0fdc055957bc38cde8b9
imurchie,https://api.github.com/repos/appium/appium/pulls/9368,https://api.github.com/repos/appium/appium/issues/9368,closed,2017-10-03,2017-10-06,2017-10-06,764bdd61fd0ea3d0373e12168e2a7ee39a7afac1
dpgraham,https://api.github.com/repos/appium/appium/pulls/9361,https://api.github.com/repos/appium/appium/issues/9361,closed,2017-10-02,2017-10-18,2017-10-06,ad08b275bceb83e1ce99b05b64f7f5431e625277
dpgraham,https://api.github.com/repos/appium/appium/pulls/9360,https://api.github.com/repos/appium/appium/issues/9360,closed,2017-10-02,2017-10-06,2017-10-06,8521c660c6195c24f96ca96427d190729f07078f
dpgraham,https://api.github.com/repos/appium/appium/pulls/9359,https://api.github.com/repos/appium/appium/issues/9359,closed,2017-10-02,2017-10-18,2017-10-06,d43c8b0591bd89b3250e55a651de565f3a1dd520
dpgraham,https://api.github.com/repos/appium/appium/pulls/9358,https://api.github.com/repos/appium/appium/issues/9358,closed,2017-10-02,2017-10-18,2017-10-06,91d989eb7c688e129af44ce41fdb94059a851841
dpgraham,https://api.github.com/repos/appium/appium/pulls/9357,https://api.github.com/repos/appium/appium/issues/9357,closed,2017-10-02,2017-10-06,2017-10-06,4be2b185948f76edc816d78510ed23c32f4c232e
dpgraham,https://api.github.com/repos/appium/appium/pulls/9356,https://api.github.com/repos/appium/appium/issues/9356,closed,2017-10-02,2017-10-06,2017-10-06,fa5bb2d46715c3ebaeca920931b9f3349076fdd4
dpgraham,https://api.github.com/repos/appium/appium/pulls/9355,https://api.github.com/repos/appium/appium/issues/9355,closed,2017-10-02,2017-10-06,2017-10-06,5480b68d36e679e43e022ca4964db5e1ef862a20
dpgraham,https://api.github.com/repos/appium/appium/pulls/9354,https://api.github.com/repos/appium/appium/issues/9354,closed,2017-10-02,2017-10-06,2017-10-06,e93959b6954c315a32edc54193887ead0e317be1
dpgraham,https://api.github.com/repos/appium/appium/pulls/9353,https://api.github.com/repos/appium/appium/issues/9353,closed,2017-10-02,2017-10-06,2017-10-06,95bd6c97d519ef9fbb253ed40c59a81d77ef4b26
dpgraham,https://api.github.com/repos/appium/appium/pulls/9352,https://api.github.com/repos/appium/appium/issues/9352,closed,2017-10-02,2017-10-06,2017-10-06,921d57d066d058b381e64e1c8f93d1b59c238e2b
dpgraham,https://api.github.com/repos/appium/appium/pulls/9351,https://api.github.com/repos/appium/appium/issues/9351,closed,2017-10-02,2017-10-03,2017-10-03,ef273699b03a10509b518779861c31e952beaa65
saikrishna321,https://api.github.com/repos/appium/appium/pulls/9346,https://api.github.com/repos/appium/appium/issues/9346,closed,2017-10-01,2017-10-10,2017-10-05,17305ab16ab0499ed041f187a819c1e8adec4de7
mykola-mokhnach,https://api.github.com/repos/appium/appium/pulls/9338,https://api.github.com/repos/appium/appium/issues/9338,closed,2017-09-29,2017-11-17,,bfca35dc9070254b2c0d936d8581da16acea471e
jlipps,https://api.github.com/repos/appium/appium/pulls/9321,https://api.github.com/repos/appium/appium/issues/9321,closed,2017-09-27,2019-03-13,,d6211dcedd14c1b11535544b54967bf483ab67d9
dpgraham,https://api.github.com/repos/appium/appium/pulls/9308,https://api.github.com/repos/appium/appium/issues/9308,closed,2017-09-25,2017-10-18,2017-10-02,164c7943f6564ddeacb7bd89d91b347a85405b43
dpgraham,https://api.github.com/repos/appium/appium/pulls/9281,https://api.github.com/repos/appium/appium/issues/9281,closed,2017-09-22,2017-10-02,2017-10-02,c0b921b52ede74f0cc838734c02fcc4d890ddba6
dpgraham,https://api.github.com/repos/appium/appium/pulls/9268,https://api.github.com/repos/appium/appium/issues/9268,closed,2017-09-21,2017-09-22,2017-09-22,6878db21501c936556ab9d5e4bec1698d855662e
bootstraponline,https://api.github.com/repos/appium/appium/pulls/9261,https://api.github.com/repos/appium/appium/issues/9261,closed,2017-09-21,2017-09-21,2017-09-21,64f4bb0c4993239080c43c5f67d9745beef1869a
dpgraham,https://api.github.com/repos/appium/appium/pulls/9260,https://api.github.com/repos/appium/appium/issues/9260,closed,2017-09-21,2017-09-21,2017-09-21,5b36e303a786abdcb02231ca82516ac83efe4ed6
jlipps,https://api.github.com/repos/appium/appium/pulls/9248,https://api.github.com/repos/appium/appium/issues/9248,closed,2017-09-19,2017-09-21,2017-09-21,949b7de5ad02f936a4934d78c02ccec3cab8dbef
jookie,https://api.github.com/repos/appium/appium/pulls/9238,https://api.github.com/repos/appium/appium/issues/9238,closed,2017-09-19,2017-09-19,,
dpgraham,https://api.github.com/repos/appium/appium/pulls/9237,https://api.github.com/repos/appium/appium/issues/9237,closed,2017-09-18,2017-09-19,2017-09-19,998c8a32b5873aefeaab750477fb8e444f7b3180
broven,https://api.github.com/repos/appium/appium/pulls/9230,https://api.github.com/repos/appium/appium/issues/9230,closed,2017-09-18,2017-09-18,2017-09-18,53ee789b2e1fcdc593ca0a148db86913ebf018bb
jlipps,https://api.github.com/repos/appium/appium/pulls/9222,https://api.github.com/repos/appium/appium/issues/9222,closed,2017-09-15,2017-09-15,2017-09-15,1651668fbf21c157c741de7483c36612111178ee
jlipps,https://api.github.com/repos/appium/appium/pulls/9221,https://api.github.com/repos/appium/appium/issues/9221,closed,2017-09-15,2017-09-15,2017-09-15,d5a977d94cbc8468ef1223860892e0192f1d731f
dpgraham,https://api.github.com/repos/appium/appium/pulls/9220,https://api.github.com/repos/appium/appium/issues/9220,closed,2017-09-15,2017-09-15,2017-09-15,2610c14aac159aa75bc4e1ccf16df9812e2ba667
dpgraham,https://api.github.com/repos/appium/appium/pulls/9218,https://api.github.com/repos/appium/appium/issues/9218,closed,2017-09-15,2017-09-20,2017-09-20,c28dd8d96f0f608850cee1e075e6fd6416d8c306
imurchie,https://api.github.com/repos/appium/appium/pulls/9217,https://api.github.com/repos/appium/appium/issues/9217,closed,2017-09-15,2017-09-18,2017-09-18,064ad055c97816b5bcfd65b725639788218c997b
dpgraham,https://api.github.com/repos/appium/appium/pulls/9208,https://api.github.com/repos/appium/appium/issues/9208,closed,2017-09-13,2017-09-15,2017-09-14,3690d399d03481c293cfa593167db35e20110091
jamesvanhorn,https://api.github.com/repos/appium/appium/pulls/9204,https://api.github.com/repos/appium/appium/issues/9204,closed,2017-09-13,2017-09-13,2017-09-13,6cf56651f2df77b846bae3ac05e326c5e7adec00
jlipps,https://api.github.com/repos/appium/appium/pulls/9203,https://api.github.com/repos/appium/appium/issues/9203,closed,2017-09-13,2017-09-14,2017-09-14,4259ecb53b72456a7c7c5a649c0a6a7612bc98d7
jlipps,https://api.github.com/repos/appium/appium/pulls/9173,https://api.github.com/repos/appium/appium/issues/9173,closed,2017-09-06,2017-09-13,2017-09-13,538f1bf1fa4da480e17a73ff9ed178452a5f98bc
vikramvi,https://api.github.com/repos/appium/appium/pulls/9163,https://api.github.com/repos/appium/appium/issues/9163,closed,2017-09-04,2017-09-07,2017-09-06,b29a02c8ae1fb58cf8a804b572a0b85680837699
jlipps,https://api.github.com/repos/appium/appium/pulls/9146,https://api.github.com/repos/appium/appium/issues/9146,closed,2017-08-31,2017-09-12,2017-09-01,cf24a80809309fb5467099e570cddd256cacbb28
dpgraham,https://api.github.com/repos/appium/appium/pulls/9135,https://api.github.com/repos/appium/appium/issues/9135,closed,2017-08-31,2017-08-31,2017-08-31,b6ef2ba59595da2b614f11cfd7a34cec0c5ebce9
imurchie,https://api.github.com/repos/appium/appium/pulls/9123,https://api.github.com/repos/appium/appium/issues/9123,closed,2017-08-30,2017-12-17,2017-08-31,94635edeac4421c26233336e07c05b8374073054
jlipps,https://api.github.com/repos/appium/appium/pulls/9110,https://api.github.com/repos/appium/appium/issues/9110,closed,2017-08-29,2017-08-29,2017-08-29,8f4afab36cbfbae89a34861612887fa961ba15d3
Sw0rdstream,https://api.github.com/repos/appium/appium/pulls/9085,https://api.github.com/repos/appium/appium/issues/9085,closed,2017-08-25,2017-08-28,2017-08-28,d43114d94f114052e07cbcd0ec7af923f04fb176
jlipps,https://api.github.com/repos/appium/appium/pulls/9073,https://api.github.com/repos/appium/appium/issues/9073,closed,2017-08-23,2017-08-24,2017-08-24,b291707838d4edb53a351b0d38e05631f769e3a6
vrunoa,https://api.github.com/repos/appium/appium/pulls/9064,https://api.github.com/repos/appium/appium/issues/9064,closed,2017-08-22,2017-08-22,2017-08-22,6f661406863a351ca74cb1dcff3b569788dc01f5
dpgraham,https://api.github.com/repos/appium/appium/pulls/9060,https://api.github.com/repos/appium/appium/issues/9060,closed,2017-08-21,2017-08-21,2017-08-21,033dd45f86da751ac0f6432d1d90310122578b96
mykola-mokhnach,https://api.github.com/repos/appium/appium/pulls/9056,https://api.github.com/repos/appium/appium/issues/9056,closed,2017-08-21,2017-09-29,2017-08-22,9a3bc0598c3cbfc9ba88ad496a3053b5e62a8dd3
mykola-mokhnach,https://api.github.com/repos/appium/appium/pulls/9052,https://api.github.com/repos/appium/appium/issues/9052,closed,2017-08-19,2017-08-24,2017-08-22,89242a40bca9c19ec1c7e2f8815369e8d7dfa6e2
kborchers,https://api.github.com/repos/appium/appium/pulls/9048,https://api.github.com/repos/appium/appium/issues/9048,closed,2017-08-18,2017-08-18,2017-08-18,abaceb2300ab67cc444c8e96a2980bc0ab7ea47f
kborchers,https://api.github.com/repos/appium/appium/pulls/9047,https://api.github.com/repos/appium/appium/issues/9047,closed,2017-08-18,2017-08-18,2017-08-18,51e75fda14d099258fbc80217a9895358c2680fe
imurchie,https://api.github.com/repos/appium/appium/pulls/9031,https://api.github.com/repos/appium/appium/issues/9031,closed,2017-08-15,2017-08-16,2017-08-16,efcb8701238016ac994d5354c92ac12e224a15e7
vrunoa,https://api.github.com/repos/appium/appium/pulls/9025,https://api.github.com/repos/appium/appium/issues/9025,closed,2017-08-14,2017-08-18,2017-08-18,8d5ba8ed257e6840e819b61eced89bacaa00af62
imurchie,https://api.github.com/repos/appium/appium/pulls/9016,https://api.github.com/repos/appium/appium/issues/9016,closed,2017-08-11,2017-12-22,,3836801dcdcc2ee9910b02482175d6f5a99a99a6
mykola-mokhnach,https://api.github.com/repos/appium/appium/pulls/8983,https://api.github.com/repos/appium/appium/issues/8983,closed,2017-08-07,2017-08-24,2017-08-21,64ccbc1a98a69c91d9a44d6c35f60edeec36bf4a
vmaxim,https://api.github.com/repos/appium/appium/pulls/8975,https://api.github.com/repos/appium/appium/issues/8975,closed,2017-08-04,2017-09-14,2017-09-14,79bc455492520497930e0b9b8966cadddf4443ed
dpgraham,https://api.github.com/repos/appium/appium/pulls/8962,https://api.github.com/repos/appium/appium/issues/8962,closed,2017-08-02,2017-08-03,2017-08-02,2fb5a28abfb0939da22006bf9fd22075c4072245
mykola-mokhnach,https://api.github.com/repos/appium/appium/pulls/8955,https://api.github.com/repos/appium/appium/issues/8955,closed,2017-08-01,2017-09-07,2017-08-02,2266814d8842622f127a08ab1d03e3e7a8eeb154
lihuazhang,https://api.github.com/repos/appium/appium/pulls/8942,https://api.github.com/repos/appium/appium/issues/8942,closed,2017-07-30,2017-07-31,2017-07-31,71fac8d2759b18bb2a506a5c8359bfdf41a6443b
mykola-mokhnach,https://api.github.com/repos/appium/appium/pulls/8925,https://api.github.com/repos/appium/appium/issues/8925,closed,2017-07-27,2017-08-07,2017-07-31,83d0cc34683c4e0378f828883f730f94a867c717
mykola-mokhnach,https://api.github.com/repos/appium/appium/pulls/8907,https://api.github.com/repos/appium/appium/issues/8907,closed,2017-07-24,2017-08-07,2017-07-31,48e411bfe20446375557476e8a669c23fdf9f0a7
imurchie,https://api.github.com/repos/appium/appium/pulls/8884,https://api.github.com/repos/appium/appium/issues/8884,closed,2017-07-20,2017-07-20,2017-07-20,3e633fc7cdb3fa7a0ded1f13ac1620991690139f
dpgraham,https://api.github.com/repos/appium/appium/pulls/8869,https://api.github.com/repos/appium/appium/issues/8869,closed,2017-07-17,2017-07-18,2017-07-18,1a23abafaa30145fd04f8bf8ef0db13bb6ef082b
dpgraham,https://api.github.com/repos/appium/appium/pulls/8852,https://api.github.com/repos/appium/appium/issues/8852,closed,2017-07-13,2017-07-13,2017-07-13,22640e6cf289d1c74f45b172c5249b779a92fb95
shauvik,https://api.github.com/repos/appium/appium/pulls/8835,https://api.github.com/repos/appium/appium/issues/8835,closed,2017-07-12,2017-07-14,2017-07-14,29b97d664eef5bea16ec1a2f99ca5f635cc45639
yaphatak,https://api.github.com/repos/appium/appium/pulls/8819,https://api.github.com/repos/appium/appium/issues/8819,closed,2017-07-11,2017-07-12,2017-07-12,e8d59cda59edec27a7aa0a8defb0ce3ad02d20f4
Sw0rdstream,https://api.github.com/repos/appium/appium/pulls/8803,https://api.github.com/repos/appium/appium/issues/8803,closed,2017-07-07,2017-08-21,2017-08-21,0a0e0245653ad2e5733a13f64d77e5e41177181a
Sw0rdstream,https://api.github.com/repos/appium/appium/pulls/8802,https://api.github.com/repos/appium/appium/issues/8802,closed,2017-07-07,2017-07-07,,2f493cc0933e9d597d265d4c289c7ed878b21514
rhysd,https://api.github.com/repos/appium/appium/pulls/8772,https://api.github.com/repos/appium/appium/issues/8772,closed,2017-07-03,2017-07-10,2017-07-05,1b10ef1ae16c6251e164f8ea1476595432c5f4c0
khaledAbbas91,https://api.github.com/repos/appium/appium/pulls/8769,https://api.github.com/repos/appium/appium/issues/8769,closed,2017-07-02,2017-07-02,,
wyungbbmtekcom,https://api.github.com/repos/appium/appium/pulls/8766,https://api.github.com/repos/appium/appium/issues/8766,closed,2017-06-30,2017-06-30,,012ebc0d3b30db6a102def71ca9efa3abb15561f
praveen133t,https://api.github.com/repos/appium/appium/pulls/8710,https://api.github.com/repos/appium/appium/issues/8710,closed,2017-06-22,2017-09-14,,424438bf2ef5721136e1687c9fabaf5b9c0210ac
dpgraham,https://api.github.com/repos/appium/appium/pulls/8704,https://api.github.com/repos/appium/appium/issues/8704,closed,2017-06-20,2017-06-20,2017-06-20,c60b53818f2f264ee88b664b260390e3eb186a12
dpgraham,https://api.github.com/repos/appium/appium/pulls/8677,https://api.github.com/repos/appium/appium/issues/8677,closed,2017-06-15,2017-06-15,2017-06-15,b3afd59dd11e332d2c899872a3d36a6b786820fa
dpgraham,https://api.github.com/repos/appium/appium/pulls/8656,https://api.github.com/repos/appium/appium/issues/8656,closed,2017-06-12,2017-07-20,2017-06-12,cd665982b802ee437a90b6d5d056ce0bf7fb6632
dpgraham,https://api.github.com/repos/appium/appium/pulls/8655,https://api.github.com/repos/appium/appium/issues/8655,closed,2017-06-12,2018-02-15,2017-06-12,ecc271e5f75e1a3b3804b1bbc5f810f1e5fc8fee
dpgraham,https://api.github.com/repos/appium/appium/pulls/8649,https://api.github.com/repos/appium/appium/issues/8649,closed,2017-06-09,2017-06-15,,
dpgraham,https://api.github.com/repos/appium/appium/pulls/8648,https://api.github.com/repos/appium/appium/issues/8648,closed,2017-06-09,2017-06-09,2017-06-09,a7a1d2629b1aa556464406fd8e89decf0b59fe0a
dpgraham,https://api.github.com/repos/appium/appium/pulls/8647,https://api.github.com/repos/appium/appium/issues/8647,closed,2017-06-09,2017-06-09,2017-06-09,28526191a6e41f21ab7e900b94f0268bf82b3bf1
rkavalap,https://api.github.com/repos/appium/appium/pulls/8646,https://api.github.com/repos/appium/appium/issues/8646,closed,2017-06-09,2017-06-09,,eb7b1a37310944febe5c05242a644bed73084b99
dpgraham,https://api.github.com/repos/appium/appium/pulls/8640,https://api.github.com/repos/appium/appium/issues/8640,closed,2017-06-08,2017-06-09,2017-06-09,09622aea3386acedb67b3bc8de0b2bbdbf4bade3
serggl,https://api.github.com/repos/appium/appium/pulls/8613,https://api.github.com/repos/appium/appium/issues/8613,closed,2017-06-06,2017-07-28,,65dfb2194e18c92fabf90b7f3bb241ad0a5f13f7
rkavalap,https://api.github.com/repos/appium/appium/pulls/8601,https://api.github.com/repos/appium/appium/issues/8601,closed,2017-06-04,2018-02-15,,1b99c8ecccec834f29f53b57be423d4e6ef62821
mykola-mokhnach,https://api.github.com/repos/appium/appium/pulls/8599,https://api.github.com/repos/appium/appium/issues/8599,closed,2017-06-02,2017-07-24,2017-06-06,b721ebd6c06b909508578a2f9316572b3cd9516d
dpgraham,https://api.github.com/repos/appium/appium/pulls/8584,https://api.github.com/repos/appium/appium/issues/8584,closed,2017-05-31,2017-06-06,2017-06-06,3f822fe98364a42b82abcf1f2dc3fd5c22be63b4
vrunoa,https://api.github.com/repos/appium/appium/pulls/8581,https://api.github.com/repos/appium/appium/issues/8581,closed,2017-05-31,2017-05-31,2017-05-31,f28143b3d55fe48f3c3bf9ca707e478cfb0463c4
imurchie,https://api.github.com/repos/appium/appium/pulls/8547,https://api.github.com/repos/appium/appium/issues/8547,closed,2017-05-26,2017-05-31,2017-05-31,f5cca47df7091ca9107dbef0fc5cd2e11ec2c43e
imurchie,https://api.github.com/repos/appium/appium/pulls/8537,https://api.github.com/repos/appium/appium/issues/8537,closed,2017-05-25,2017-05-26,2017-05-26,7ad1c68209ae2f0c26fe43b6be77dd887d8eddb5
imurchie,https://api.github.com/repos/appium/appium/pulls/8536,https://api.github.com/repos/appium/appium/issues/8536,closed,2017-05-25,2017-05-25,2017-05-25,e53a5790f982462526a98a1db47a53b48046d5fb
KazuCocoa,https://api.github.com/repos/appium/appium/pulls/8535,https://api.github.com/repos/appium/appium/issues/8535,closed,2017-05-25,2017-09-11,2017-05-26,7fcc859587eecbc41784b6102ef83c6559eb127a
KazuCocoa,https://api.github.com/repos/appium/appium/pulls/8527,https://api.github.com/repos/appium/appium/issues/8527,closed,2017-05-25,2017-05-25,2017-05-25,91993e846ed9b86307470df4e2daea2dcee2f1ee
jlipps,https://api.github.com/repos/appium/appium/pulls/8479,https://api.github.com/repos/appium/appium/issues/8479,closed,2017-05-17,2017-05-17,2017-05-17,eab572582869841172d1b13e3aff9891f2243054
imurchie,https://api.github.com/repos/appium/appium/pulls/8476,https://api.github.com/repos/appium/appium/issues/8476,closed,2017-05-17,2017-05-18,2017-05-18,081907906991b8bea2018693c7f4b2abc770ccef
imurchie,https://api.github.com/repos/appium/appium/pulls/8467,https://api.github.com/repos/appium/appium/issues/8467,closed,2017-05-16,2017-07-20,2017-05-17,5263bc571ed4dfca6bca8d03268347c732e28d36
dpgraham,https://api.github.com/repos/appium/appium/pulls/8459,https://api.github.com/repos/appium/appium/issues/8459,closed,2017-05-15,2017-06-09,2017-05-17,970848302d727e210e047f7eae4657502c118cc9
mykola-mokhnach,https://api.github.com/repos/appium/appium/pulls/8446,https://api.github.com/repos/appium/appium/issues/8446,closed,2017-05-12,2017-06-02,2017-05-16,739f06eeb1bc56dd760b3d2f5fd649fa8a571c1f
wujianyy,https://api.github.com/repos/appium/appium/pulls/8395,https://api.github.com/repos/appium/appium/issues/8395,closed,2017-05-07,2017-05-08,,e043ce804571e98b40e4f27aa8e874a8b740f132
KazuCocoa,https://api.github.com/repos/appium/appium/pulls/8369,https://api.github.com/repos/appium/appium/issues/8369,closed,2017-05-04,2017-05-04,2017-05-04,0b3b3e75c53ffa89ed99d83b32fc6e0f7c3076a0
mykola-mokhnach,https://api.github.com/repos/appium/appium/pulls/8368,https://api.github.com/repos/appium/appium/issues/8368,closed,2017-05-03,2017-06-02,2017-05-11,78e26aa8b8a3f5daf2a2041c45e653d689309672
imurchie,https://api.github.com/repos/appium/appium/pulls/8354,https://api.github.com/repos/appium/appium/issues/8354,closed,2017-05-01,2017-07-20,2017-05-01,69d80f9b2e173a279b9faa60876d44f5bfcfed8d
xizhao,https://api.github.com/repos/appium/appium/pulls/8352,https://api.github.com/repos/appium/appium/issues/8352,closed,2017-05-01,2017-05-01,2017-05-01,e2fbedaf70a667337a6050d2f4059bac7e737778
strizhechenko,https://api.github.com/repos/appium/appium/pulls/8334,https://api.github.com/repos/appium/appium/issues/8334,closed,2017-04-26,2017-04-26,2017-04-26,e78444df1d5eabe1e0c22cad474e4824b56bdfc8
dpgraham,https://api.github.com/repos/appium/appium/pulls/8328,https://api.github.com/repos/appium/appium/issues/8328,closed,2017-04-25,2017-04-26,2017-04-26,0b3441fdff5b4ae4a6e755bbcd98884359fd53d4
mykola-mokhnach,https://api.github.com/repos/appium/appium/pulls/8295,https://api.github.com/repos/appium/appium/issues/8295,closed,2017-04-20,2017-05-03,2017-04-21,685e8759b4871ac6fbe1a5d9b004189c18f9e484
TamimiGitHub,https://api.github.com/repos/appium/appium/pulls/8276,https://api.github.com/repos/appium/appium/issues/8276,closed,2017-04-18,2017-05-01,2017-05-01,ad5ac865aad08f6724eba3f3277d1417286fae71
imurchie,https://api.github.com/repos/appium/appium/pulls/8273,https://api.github.com/repos/appium/appium/issues/8273,closed,2017-04-18,2017-04-24,2017-04-24,68c673d7028dd0ba78c2e3688932d19540cadb51
mykola-mokhnach,https://api.github.com/repos/appium/appium/pulls/8258,https://api.github.com/repos/appium/appium/issues/8258,closed,2017-04-14,2017-04-20,2017-04-14,a84efcfcbb64f11710058700dc80779b88d84657
imurchie,https://api.github.com/repos/appium/appium/pulls/8237,https://api.github.com/repos/appium/appium/issues/8237,closed,2017-04-12,2017-04-12,2017-04-12,a80f39a9f0199de9d623a5effb923dd365afadf6
dpgraham,https://api.github.com/repos/appium/appium/pulls/8230,https://api.github.com/repos/appium/appium/issues/8230,closed,2017-04-11,2017-04-11,2017-04-11,8f78c2e014143332d2b49388a1c6546e32971ce7
dpgraham,https://api.github.com/repos/appium/appium/pulls/8226,https://api.github.com/repos/appium/appium/issues/8226,closed,2017-04-11,2017-04-11,2017-04-11,7e63ca3167e182f235cc28bd9bd4098aec4db2d9
dpgraham,https://api.github.com/repos/appium/appium/pulls/8224,https://api.github.com/repos/appium/appium/issues/8224,closed,2017-04-11,2017-06-09,2017-04-11,7335e87aa77f7524b01a990bc0fd42355912d6d5
mykola-mokhnach,https://api.github.com/repos/appium/appium/pulls/8213,https://api.github.com/repos/appium/appium/issues/8213,closed,2017-04-10,2017-04-14,2017-04-13,b22ddd55492109b1f36f43353a6e0a3bf377291c
mykola-mokhnach,https://api.github.com/repos/appium/appium/pulls/8176,https://api.github.com/repos/appium/appium/issues/8176,closed,2017-04-05,2017-05-12,2017-04-18,c04c8e4758c192db3cfc57a08feb7486f5394d62
imurchie,https://api.github.com/repos/appium/appium/pulls/8170,https://api.github.com/repos/appium/appium/issues/8170,closed,2017-04-04,2017-04-04,2017-04-04,3a36240508666d1392e3a39b3c991d19ad63ec61
imurchie,https://api.github.com/repos/appium/appium/pulls/8155,https://api.github.com/repos/appium/appium/issues/8155,closed,2017-04-03,2017-04-07,2017-04-07,d8427c47060a09b4194252c5ba83c7e7722080d9
jlipps,https://api.github.com/repos/appium/appium/pulls/8139,https://api.github.com/repos/appium/appium/issues/8139,closed,2017-03-31,2017-03-31,2017-03-31,63fb7f728feaff5700c13a1a6cb3e8f4bad8e07f
mykola-mokhnach,https://api.github.com/repos/appium/appium/pulls/8048,https://api.github.com/repos/appium/appium/issues/8048,closed,2017-03-16,2017-04-14,2017-03-21,fc96b02a689258eaaf0ba02872a2c9ee0749250c
penguinho,https://api.github.com/repos/appium/appium/pulls/8046,https://api.github.com/repos/appium/appium/issues/8046,closed,2017-03-16,2017-03-16,2017-03-16,9af79b2b81a1274e6ea168f233edec518313df4b
dpgraham,https://api.github.com/repos/appium/appium/pulls/8024,https://api.github.com/repos/appium/appium/issues/8024,closed,2017-03-10,2017-06-09,2017-03-14,2a4ae7219a73eddef2de049bce8cab8b55e7e256
vikramvi,https://api.github.com/repos/appium/appium/pulls/8019,https://api.github.com/repos/appium/appium/issues/8019,closed,2017-03-10,2017-03-10,2017-03-10,f3d29efb481402112a53f3707b65ce6cfc4635f6
dpgraham,https://api.github.com/repos/appium/appium/pulls/8018,https://api.github.com/repos/appium/appium/issues/8018,closed,2017-03-10,2017-06-15,,
NozomiIto,https://api.github.com/repos/appium/appium/pulls/8011,https://api.github.com/repos/appium/appium/issues/8011,closed,2017-03-09,2017-03-09,2017-03-09,f99476776aece8d9d847e2f49887f09da5316a40
dpgraham,https://api.github.com/repos/appium/appium/pulls/8001,https://api.github.com/repos/appium/appium/issues/8001,closed,2017-03-08,2017-06-09,2017-03-10,045c6d9a4a9c8f34fd3d242cc061f74b7d876ce7
ghost,https://api.github.com/repos/appium/appium/pulls/7996,https://api.github.com/repos/appium/appium/issues/7996,closed,2017-03-07,2017-03-07,,5d40160441820bc53c3296ecda2eea9c9f8971cc
imurchie,https://api.github.com/repos/appium/appium/pulls/7989,https://api.github.com/repos/appium/appium/issues/7989,closed,2017-03-06,2017-03-08,2017-03-08,d0c472120cd36f04c02894ad052100599343a2fa
imurchie,https://api.github.com/repos/appium/appium/pulls/7962,https://api.github.com/repos/appium/appium/issues/7962,closed,2017-03-01,2017-03-10,2017-03-10,3365342cc21c4c701840291af5e31a7626ed10d8
imurchie,https://api.github.com/repos/appium/appium/pulls/7954,https://api.github.com/repos/appium/appium/issues/7954,closed,2017-02-28,2017-03-01,2017-03-01,0c042d2bb29a4fa453fe2c6e79a3c3d3d14e9e7d
perfmeta,https://api.github.com/repos/appium/appium/pulls/7939,https://api.github.com/repos/appium/appium/issues/7939,closed,2017-02-27,2017-06-14,,
perfmeta,https://api.github.com/repos/appium/appium/pulls/7938,https://api.github.com/repos/appium/appium/issues/7938,closed,2017-02-27,2017-07-22,,459f52d75218239a1713a8a99554566a6586464f
wcandillon,https://api.github.com/repos/appium/appium/pulls/7934,https://api.github.com/repos/appium/appium/issues/7934,closed,2017-02-25,2017-02-27,2017-02-27,7efc25b6582ed0483f3e49b2ee1b7b1cf82c05d4
BasThomas,https://api.github.com/repos/appium/appium/pulls/7877,https://api.github.com/repos/appium/appium/issues/7877,closed,2017-02-15,2017-03-08,2017-02-23,e4abcbb986a5482f4f9529f68b928d14af6f5c13
BasThomas,https://api.github.com/repos/appium/appium/pulls/7875,https://api.github.com/repos/appium/appium/issues/7875,closed,2017-02-15,2017-02-15,2017-02-15,30ba87af596fd46421d4013ae7f9c1f6c8b465fe
imurchie,https://api.github.com/repos/appium/appium/pulls/7872,https://api.github.com/repos/appium/appium/issues/7872,closed,2017-02-14,2017-02-23,2017-02-15,859fe1d61fc7011a19ab562ea328bfe1d0868cd9
dpgraham,https://api.github.com/repos/appium/appium/pulls/7848,https://api.github.com/repos/appium/appium/issues/7848,closed,2017-02-10,2017-02-10,2017-02-10,b57d1a3171355c791a7f0024cfcdc797ce89d56a
imurchie,https://api.github.com/repos/appium/appium/pulls/7823,https://api.github.com/repos/appium/appium/issues/7823,closed,2017-02-07,2017-02-07,2017-02-07,4f09890104abec1cdaccb3312e636d524f4159c4
BasThomas,https://api.github.com/repos/appium/appium/pulls/7822,https://api.github.com/repos/appium/appium/issues/7822,closed,2017-02-07,2017-02-07,2017-02-07,2feae8c642c824a91ee3f794b21b51094a161222
tobecrazy,https://api.github.com/repos/appium/appium/pulls/7819,https://api.github.com/repos/appium/appium/issues/7819,closed,2017-02-07,2017-06-06,,670cdcb710b943e7756e1eb0ec83dab0956c58dd
mossheim,https://api.github.com/repos/appium/appium/pulls/7812,https://api.github.com/repos/appium/appium/issues/7812,closed,2017-02-06,2017-02-06,2017-02-06,3c30634b70d18b712dd4008c1fce89dbc869f2ca
imurchie,https://api.github.com/repos/appium/appium/pulls/7788,https://api.github.com/repos/appium/appium/issues/7788,closed,2017-02-01,2017-02-01,2017-02-01,bdcede1364c1d4572cdfa0f675a23eb82d8c6450
dpgraham,https://api.github.com/repos/appium/appium/pulls/7767,https://api.github.com/repos/appium/appium/issues/7767,closed,2017-01-27,2017-01-27,2017-01-27,02086d5b0d455b2429448cde50339aba86a0f32c
imurchie,https://api.github.com/repos/appium/appium/pulls/7761,https://api.github.com/repos/appium/appium/issues/7761,closed,2017-01-27,2017-01-27,2017-01-27,3be77bd7953808216a034d3f4708f7308f1374c1
h3dkandi,https://api.github.com/repos/appium/appium/pulls/7719,https://api.github.com/repos/appium/appium/issues/7719,closed,2017-01-19,2017-01-19,2017-01-19,03d90b19247d32a82f15830ab7a4f48e1c10477d
stoneman,https://api.github.com/repos/appium/appium/pulls/7703,https://api.github.com/repos/appium/appium/issues/7703,closed,2017-01-16,2017-01-17,2017-01-17,3467cc7ac16f8ff1fe3e4d0b09e9d5f4d31d4aa5
lanzelot1989,https://api.github.com/repos/appium/appium/pulls/7698,https://api.github.com/repos/appium/appium/issues/7698,closed,2017-01-16,2017-02-06,,6d987af7fe179e6899b42ac367866b868ae4eef1
imurchie,https://api.github.com/repos/appium/appium/pulls/7648,https://api.github.com/repos/appium/appium/issues/7648,closed,2017-01-05,2017-01-05,2017-01-05,d825a1716c7478658efa4ce26fc318b21d136541
imurchie,https://api.github.com/repos/appium/appium/pulls/7611,https://api.github.com/repos/appium/appium/issues/7611,closed,2016-12-27,2017-02-01,2017-02-01,4d5ac6795cf1e18bbf7a0cf2f834aecedfed0dae
imurchie,https://api.github.com/repos/appium/appium/pulls/7610,https://api.github.com/repos/appium/appium/issues/7610,closed,2016-12-27,2016-12-28,2016-12-28,ccb7b26dfa0f9b45636e5876d6977bab2a12e5a0
imurchie,https://api.github.com/repos/appium/appium/pulls/7548,https://api.github.com/repos/appium/appium/issues/7548,closed,2016-12-15,2017-01-25,2016-12-16,b7304747466b61bc8806b41864a1e9866c1ce7e4
princeqjzh,https://api.github.com/repos/appium/appium/pulls/7507,https://api.github.com/repos/appium/appium/issues/7507,closed,2016-12-12,2016-12-12,,6f32bf04b0f4e73e2e326bdd2e0aebd048da832c
princeqjzh,https://api.github.com/repos/appium/appium/pulls/7461,https://api.github.com/repos/appium/appium/issues/7461,closed,2016-12-08,2016-12-08,,6f32bf04b0f4e73e2e326bdd2e0aebd048da832c
jlipps,https://api.github.com/repos/appium/appium/pulls/7458,https://api.github.com/repos/appium/appium/issues/7458,closed,2016-12-07,2016-12-07,2016-12-07,ea239916f56cc63c13ebf527fc116a606f102792
shoma,https://api.github.com/repos/appium/appium/pulls/7366,https://api.github.com/repos/appium/appium/issues/7366,closed,2016-12-06,2018-08-08,2016-12-06,7daa1dc0da3155529675bac12475e76221a6d81d
KazuCocoa,https://api.github.com/repos/appium/appium/pulls/7354,https://api.github.com/repos/appium/appium/issues/7354,closed,2016-12-03,2016-12-08,2016-12-06,6726ca437a181290bf149db8b1dd431984372e9b
alsorokin,https://api.github.com/repos/appium/appium/pulls/7331,https://api.github.com/repos/appium/appium/issues/7331,closed,2016-12-01,2016-12-01,2016-12-01,059d2bb59560dd183f486da3d04cb1ffe15b6a66
juhlila,https://api.github.com/repos/appium/appium/pulls/7329,https://api.github.com/repos/appium/appium/issues/7329,closed,2016-11-30,2016-11-30,2016-11-30,1b13f467f1e23755e06cda6ba8e95951e52c04e7
isbjorn,https://api.github.com/repos/appium/appium/pulls/7325,https://api.github.com/repos/appium/appium/issues/7325,closed,2016-11-30,2016-11-30,,a4f49bef3cc206995657b503f99f9098d78e41b4
mykola-mokhnach,https://api.github.com/repos/appium/appium/pulls/7323,https://api.github.com/repos/appium/appium/issues/7323,closed,2016-11-30,2016-12-22,2016-12-01,71fe146b47fa276cd179dbb8eb471311df00b32e
dpgraham,https://api.github.com/repos/appium/appium/pulls/7289,https://api.github.com/repos/appium/appium/issues/7289,closed,2016-11-24,2016-11-24,2016-11-24,03bf9ddc36fb385ce9e2a829bf7aecdbad57308c
imurchie,https://api.github.com/repos/appium/appium/pulls/7282,https://api.github.com/repos/appium/appium/issues/7282,closed,2016-11-23,2016-12-15,2016-11-24,23ee641904ef340e6a61eedf143975ea187d8afe
rkavalap,https://api.github.com/repos/appium/appium/pulls/7271,https://api.github.com/repos/appium/appium/issues/7271,closed,2016-11-23,2016-11-23,2016-11-23,628526216dc7d52f71ed9f676861af86aae971af
imurchie,https://api.github.com/repos/appium/appium/pulls/7269,https://api.github.com/repos/appium/appium/issues/7269,closed,2016-11-23,2017-02-03,2016-11-23,b004cd124666cf27f60ed5a3b9a240409b288d83
h3dkandi,https://api.github.com/repos/appium/appium/pulls/7251,https://api.github.com/repos/appium/appium/issues/7251,closed,2016-11-18,2016-11-24,2016-11-24,91a70438a77670634d7abe8d6d26782a236f107e
mykola-mokhnach,https://api.github.com/repos/appium/appium/pulls/7200,https://api.github.com/repos/appium/appium/issues/7200,closed,2016-11-08,2016-11-09,2016-11-08,7131abb9f58c2854e5d447af32d1e6b0e6f632b3
jlipps,https://api.github.com/repos/appium/appium/pulls/7176,https://api.github.com/repos/appium/appium/issues/7176,closed,2016-11-03,2016-11-03,2016-11-03,6917d2ec2ad3f36d5a2c145e34ee45b9468e68d8
dpgraham,https://api.github.com/repos/appium/appium/pulls/7164,https://api.github.com/repos/appium/appium/issues/7164,closed,2016-11-03,2016-11-18,2016-11-04,d507033f401e89a2456f5b73c7337eaaf10e0b3b
jlipps,https://api.github.com/repos/appium/appium/pulls/7154,https://api.github.com/repos/appium/appium/issues/7154,closed,2016-11-02,2016-11-02,2016-11-02,56b1a138e9d20561e00d8592081b8710e0f0b631
isnifer,https://api.github.com/repos/appium/appium/pulls/7137,https://api.github.com/repos/appium/appium/issues/7137,closed,2016-11-01,2016-11-04,2016-11-04,7f51404e5c1bd318ca87decbdc9d4ad70c512128
mykola-mokhnach,https://api.github.com/repos/appium/appium/pulls/7108,https://api.github.com/repos/appium/appium/issues/7108,closed,2016-10-26,2016-10-27,2016-10-26,d914c25c42c3bb811498f2768e66638d3ac75e11
jlipps,https://api.github.com/repos/appium/appium/pulls/7104,https://api.github.com/repos/appium/appium/issues/7104,closed,2016-10-25,2016-10-26,2016-10-26,865b96f40cedef373ba5576869a8493e059687d0
rgonalo,https://api.github.com/repos/appium/appium/pulls/7102,https://api.github.com/repos/appium/appium/issues/7102,closed,2016-10-25,2016-10-31,2016-10-25,4e981bba50424f93fbe965d0b5c4dfbc5879bfd0
rgonalo,https://api.github.com/repos/appium/appium/pulls/7064,https://api.github.com/repos/appium/appium/issues/7064,closed,2016-10-20,2016-10-26,2016-10-24,8a2af092102c3bccb87d555a50874de80174652a
cfal,https://api.github.com/repos/appium/appium/pulls/7040,https://api.github.com/repos/appium/appium/issues/7040,closed,2016-10-17,2016-10-18,2016-10-18,ea3350eea1a3f92b0bc6745524330c135ed32bf0
montdidier,https://api.github.com/repos/appium/appium/pulls/7015,https://api.github.com/repos/appium/appium/issues/7015,closed,2016-10-14,2016-10-28,2016-10-28,02edea9d29f98d4ccdd3d4a85434bd8d04f305f4
imurchie,https://api.github.com/repos/appium/appium/pulls/6965,https://api.github.com/repos/appium/appium/issues/6965,closed,2016-10-07,2016-10-07,2016-10-07,ece7f8a24232288832b81aaa230469bdb82faff4
imurchie,https://api.github.com/repos/appium/appium/pulls/6961,https://api.github.com/repos/appium/appium/issues/6961,closed,2016-10-07,2016-10-07,2016-10-07,ec33e13a4e8e215b46d25a7ba8ceb0828ee3fb58
sravanmedarapu,https://api.github.com/repos/appium/appium/pulls/6960,https://api.github.com/repos/appium/appium/issues/6960,closed,2016-10-07,2016-10-07,2016-10-07,f6c81a4fa174d0e07c3b8b4165d5df43449e2f2a
jlipps,https://api.github.com/repos/appium/appium/pulls/6959,https://api.github.com/repos/appium/appium/issues/6959,closed,2016-10-06,2016-10-07,2016-10-07,1b1b26d28ca915f1f6789a2f757ecfd4187777ce
imurchie,https://api.github.com/repos/appium/appium/pulls/6947,https://api.github.com/repos/appium/appium/issues/6947,closed,2016-10-05,2016-10-07,2016-10-07,9d0c12c98313f9bc9101cca5d7fbb9dd1a33fba7
sravanmedarapu,https://api.github.com/repos/appium/appium/pulls/6920,https://api.github.com/repos/appium/appium/issues/6920,closed,2016-10-01,2016-10-02,2016-10-01,9362fb224b18496425e0d7daa707d0035d8d9f7c
domuro,https://api.github.com/repos/appium/appium/pulls/6898,https://api.github.com/repos/appium/appium/issues/6898,closed,2016-09-27,2016-09-28,2016-09-28,03a75aa41eb9496c9102543b4e79097fb132ada0
imurchie,https://api.github.com/repos/appium/appium/pulls/6891,https://api.github.com/repos/appium/appium/issues/6891,closed,2016-09-24,2016-10-01,2016-10-01,d9d1b5277a32c36827ae24a3b5708c499f2d3220
levinzhang1981,https://api.github.com/repos/appium/appium/pulls/6884,https://api.github.com/repos/appium/appium/issues/6884,closed,2016-09-23,2016-09-23,,114607c49540da2f154e10635c704fadfb23f948
midopa,https://api.github.com/repos/appium/appium/pulls/6839,https://api.github.com/repos/appium/appium/issues/6839,closed,2016-09-14,2016-09-17,2016-09-14,bf71e40206a59a405554ac94839782d94cb9c9a1
alizelzele,https://api.github.com/repos/appium/appium/pulls/6822,https://api.github.com/repos/appium/appium/issues/6822,closed,2016-09-09,2016-09-22,2016-09-19,9b7451d289fe4e9f523165689f9558c888ee18f5
watilde,https://api.github.com/repos/appium/appium/pulls/6811,https://api.github.com/repos/appium/appium/issues/6811,closed,2016-09-07,2016-09-07,2016-09-07,7e3c0fe76d3be345aa89c742b1ae05cbbf79caa9
michaelduan,https://api.github.com/repos/appium/appium/pulls/6795,https://api.github.com/repos/appium/appium/issues/6795,closed,2016-09-01,2018-02-15,,
youngrafi,https://api.github.com/repos/appium/appium/pulls/6758,https://api.github.com/repos/appium/appium/issues/6758,closed,2016-08-22,2016-08-24,2016-08-24,95fad7bd1af546cca2bb2a72424077eacc1a7fdc
imurchie,https://api.github.com/repos/appium/appium/pulls/6747,https://api.github.com/repos/appium/appium/issues/6747,closed,2016-08-18,2016-11-09,2016-08-18,b6c62e259dfff27ec8ceed1cefd971f57ba235f0
imurchie,https://api.github.com/repos/appium/appium/pulls/6746,https://api.github.com/repos/appium/appium/issues/6746,closed,2016-08-18,2016-08-18,2016-08-18,5e07e5b3ee3f5717477f3774a2ce67a686d0293a
jlipps,https://api.github.com/repos/appium/appium/pulls/6745,https://api.github.com/repos/appium/appium/issues/6745,closed,2016-08-18,2016-08-20,2016-08-18,8afc5433166fc2655f393825808ff1229a398727
t-mamith,https://api.github.com/repos/appium/appium/pulls/6742,https://api.github.com/repos/appium/appium/issues/6742,closed,2016-08-17,2016-08-18,2016-08-18,25ac4d3e3ab4ec2dae816805d804ef3d1829f47d
brendankirby,https://api.github.com/repos/appium/appium/pulls/6740,https://api.github.com/repos/appium/appium/issues/6740,closed,2016-08-17,2016-11-10,,940c6b18ec9a57388d852ae1db6b6c66b8c64805
t-mamith,https://api.github.com/repos/appium/appium/pulls/6733,https://api.github.com/repos/appium/appium/issues/6733,closed,2016-08-12,2016-08-17,,4ba5b604f80c2ca96f2131cc5a1194deb3e08fa2
rz-robsn,https://api.github.com/repos/appium/appium/pulls/6732,https://api.github.com/repos/appium/appium/issues/6732,closed,2016-08-12,2016-08-16,2016-08-16,77ea7e98664d858d184632a0f9ed6cfb2f4c99cd
Coeur,https://api.github.com/repos/appium/appium/pulls/6723,https://api.github.com/repos/appium/appium/issues/6723,closed,2016-08-09,2016-08-09,2016-08-09,32d5b7a132a61ab84fa5e182e89147c8d9242fbb
midopa,https://api.github.com/repos/appium/appium/pulls/6722,https://api.github.com/repos/appium/appium/issues/6722,closed,2016-08-08,2016-08-18,2016-08-18,99c8e182d2450951ea3d69f570a40a8a3b981333
imurchie,https://api.github.com/repos/appium/appium/pulls/6716,https://api.github.com/repos/appium/appium/issues/6716,closed,2016-08-03,2016-08-08,2016-08-08,a1425e5870b9ce55c6b6f08ab4cec973cd4c9bcf
imurchie,https://api.github.com/repos/appium/appium/pulls/6715,https://api.github.com/repos/appium/appium/issues/6715,closed,2016-08-03,2016-08-08,2016-08-03,d3ee8253718dccaf2e59e895c2ebfb78185a3b81
tommywo,https://api.github.com/repos/appium/appium/pulls/6713,https://api.github.com/repos/appium/appium/issues/6713,closed,2016-08-03,2016-08-08,2016-08-03,f418cb3486e4d54964890d07bd63a53fb06c4ae1
kannanv82,https://api.github.com/repos/appium/appium/pulls/6703,https://api.github.com/repos/appium/appium/issues/6703,closed,2016-07-29,2016-07-29,,
jlipps,https://api.github.com/repos/appium/appium/pulls/6671,https://api.github.com/repos/appium/appium/issues/6671,closed,2016-07-19,2016-07-20,2016-07-20,068c4e5d0a7683956fb03c8ba81026106f016da7
jlipps,https://api.github.com/repos/appium/appium/pulls/6664,https://api.github.com/repos/appium/appium/issues/6664,closed,2016-07-14,2016-08-08,2016-08-08,0c14015659b5316357b9bff8ea79c83bb8cdbd9d
lucyking,https://api.github.com/repos/appium/appium/pulls/6650,https://api.github.com/repos/appium/appium/issues/6650,closed,2016-07-11,2016-11-10,,755ca1f0427eb47623f4a3ef26ea4cbea7b932a1
akhillb,https://api.github.com/repos/appium/appium/pulls/6649,https://api.github.com/repos/appium/appium/issues/6649,closed,2016-07-10,2016-07-15,2016-07-15,e026a14141230416e945fb6b49883b9993833f31
imurchie,https://api.github.com/repos/appium/appium/pulls/6647,https://api.github.com/repos/appium/appium/issues/6647,closed,2016-07-08,2016-07-15,2016-07-12,1f8ce36b7d46457d252f05a1951d4976965bffca
ShibiKP,https://api.github.com/repos/appium/appium/pulls/6631,https://api.github.com/repos/appium/appium/issues/6631,closed,2016-07-05,2018-12-10,,
spearminty,https://api.github.com/repos/appium/appium/pulls/6629,https://api.github.com/repos/appium/appium/issues/6629,closed,2016-07-01,2016-07-01,2016-07-01,97b5015f9dad0cfba48becfa25cd4216af9bd0e1
imurchie,https://api.github.com/repos/appium/appium/pulls/6611,https://api.github.com/repos/appium/appium/issues/6611,closed,2016-06-22,2016-06-22,2016-06-22,2276be5333b92f777999b146b25738b30abb6f77
scottdixon-zz,https://api.github.com/repos/appium/appium/pulls/6599,https://api.github.com/repos/appium/appium/issues/6599,closed,2016-06-17,2016-06-17,2016-06-17,c92d23d4bef00642c623a5004942801f993c8b3f
aelr,https://api.github.com/repos/appium/appium/pulls/6587,https://api.github.com/repos/appium/appium/issues/6587,closed,2016-06-14,2016-06-14,2016-06-14,72fde5863860255f54b28306c3a70d8514770eee
scottdixon-zz,https://api.github.com/repos/appium/appium/pulls/6566,https://api.github.com/repos/appium/appium/issues/6566,closed,2016-06-08,2016-06-08,2016-06-08,1b86d0cba9b645d4a2fb1e9c083d492388d4f147
truebit,https://api.github.com/repos/appium/appium/pulls/6561,https://api.github.com/repos/appium/appium/issues/6561,closed,2016-06-08,2016-07-05,2016-07-01,0b5df721d4e864df16c503ca906c136267c99a13
imurchie,https://api.github.com/repos/appium/appium/pulls/6557,https://api.github.com/repos/appium/appium/issues/6557,closed,2016-06-07,2016-06-07,2016-06-07,27504d1926d1f5108b99103e7d983a93914879e5
scottdixon-zz,https://api.github.com/repos/appium/appium/pulls/6551,https://api.github.com/repos/appium/appium/issues/6551,closed,2016-06-02,2016-06-03,2016-06-03,1662884395b2c7a0a2463c8feffeaccaa03ee04d
jlipps,https://api.github.com/repos/appium/appium/pulls/6518,https://api.github.com/repos/appium/appium/issues/6518,closed,2016-05-19,2016-05-19,2016-05-19,3b56d2d1d81c993aea009d90f589c52df9893533
SrinivasanTarget,https://api.github.com/repos/appium/appium/pulls/6483,https://api.github.com/repos/appium/appium/issues/6483,closed,2016-05-08,2016-05-09,2016-05-09,ad054100d63e2f8fbf33d6b4af50bfb22b514110
scottdixon-zz,https://api.github.com/repos/appium/appium/pulls/6471,https://api.github.com/repos/appium/appium/issues/6471,closed,2016-05-05,2016-05-05,2016-05-05,6e5f3a308ab93c88893711cb9e641cd3988680ec
imurchie,https://api.github.com/repos/appium/appium/pulls/6462,https://api.github.com/repos/appium/appium/issues/6462,closed,2016-05-03,2016-11-09,2016-05-03,3c2c86f0aa37de800350b99262063fc3a75c6538
dduphorn,https://api.github.com/repos/appium/appium/pulls/6459,https://api.github.com/repos/appium/appium/issues/6459,closed,2016-05-02,2016-05-02,,
usmonster,https://api.github.com/repos/appium/appium/pulls/6455,https://api.github.com/repos/appium/appium/issues/6455,closed,2016-05-01,2016-05-03,2016-05-02,9c1b85ff886fe01d098aecce2744dc0ff7e586a0
usmonster,https://api.github.com/repos/appium/appium/pulls/6451,https://api.github.com/repos/appium/appium/issues/6451,closed,2016-04-30,2016-05-03,2016-05-02,ebcf3da165d06b6d9467b490a250008607e74a04
imurchie,https://api.github.com/repos/appium/appium/pulls/6449,https://api.github.com/repos/appium/appium/issues/6449,closed,2016-04-29,2016-11-09,2016-04-29,00041de3a3c28b6ecac5cf948cc490040976f670
bootstraponline,https://api.github.com/repos/appium/appium/pulls/6446,https://api.github.com/repos/appium/appium/issues/6446,closed,2016-04-28,2016-04-29,2016-04-29,b3c1e9c62270ce2bc688bc59f38df1dc56dd0c61
imurchie,https://api.github.com/repos/appium/appium/pulls/6445,https://api.github.com/repos/appium/appium/issues/6445,closed,2016-04-28,2016-04-29,2016-04-29,1672203f42c878c5cff0eba3ec68a8f96870543a
imurchie,https://api.github.com/repos/appium/appium/pulls/6434,https://api.github.com/repos/appium/appium/issues/6434,closed,2016-04-24,2016-04-24,2016-04-24,216264ff169023d7517d7d1d48186dd971908730
imurchie,https://api.github.com/repos/appium/appium/pulls/6421,https://api.github.com/repos/appium/appium/issues/6421,closed,2016-04-20,2016-04-20,2016-04-20,afd50a26378dc45722938562b194f0cc21d240d6
imurchie,https://api.github.com/repos/appium/appium/pulls/6413,https://api.github.com/repos/appium/appium/issues/6413,closed,2016-04-15,2016-04-15,2016-04-15,d4c7e5500cfe902ef019c139105a7862f67dd5e7
imurchie,https://api.github.com/repos/appium/appium/pulls/6375,https://api.github.com/repos/appium/appium/issues/6375,closed,2016-04-06,2016-04-08,2016-04-08,7aee45c1abaaad0d661ff308cda7df779af44a02
harigovindov,https://api.github.com/repos/appium/appium/pulls/6357,https://api.github.com/repos/appium/appium/issues/6357,closed,2016-03-31,2016-03-31,,
imurchie,https://api.github.com/repos/appium/appium/pulls/6352,https://api.github.com/repos/appium/appium/issues/6352,closed,2016-03-29,2016-04-04,2016-04-04,566147c20d5342b02f92e579a4a152701ed45b09
imurchie,https://api.github.com/repos/appium/appium/pulls/6344,https://api.github.com/repos/appium/appium/issues/6344,closed,2016-03-28,2016-03-29,2016-03-29,dc865428e6a78ed6b8153132d6e50b9afc8c4570
JadeDu,https://api.github.com/repos/appium/appium/pulls/6333,https://api.github.com/repos/appium/appium/issues/6333,closed,2016-03-24,2016-03-24,,9ad2bde9ff5e739c4e9d12ffc056768cb5e857c1
furmanjmx,https://api.github.com/repos/appium/appium/pulls/6331,https://api.github.com/repos/appium/appium/issues/6331,closed,2016-03-24,2016-03-25,,
imurchie,https://api.github.com/repos/appium/appium/pulls/6328,https://api.github.com/repos/appium/appium/issues/6328,closed,2016-03-23,2016-03-23,2016-03-23,691c2f66c00524f7f22453e5f20bb126f5bba268
SrinivasanTarget,https://api.github.com/repos/appium/appium/pulls/6327,https://api.github.com/repos/appium/appium/issues/6327,closed,2016-03-23,2016-09-14,,9872068ca49ea18870b8b0c1358ac7b432e987a9
SrinivasanTarget,https://api.github.com/repos/appium/appium/pulls/6326,https://api.github.com/repos/appium/appium/issues/6326,closed,2016-03-23,2016-08-18,,fe2b6b1325b5dbf9787fbd100ae02d10d510b966
SrinivasanTarget,https://api.github.com/repos/appium/appium/pulls/6322,https://api.github.com/repos/appium/appium/issues/6322,closed,2016-03-22,2016-03-23,,029c6d095bd8c8bbaddf395dbaf11a247bb1f59f
imurchie,https://api.github.com/repos/appium/appium/pulls/6321,https://api.github.com/repos/appium/appium/issues/6321,closed,2016-03-22,2016-03-22,2016-03-22,a7743ce9cf91e8c50ebca8725cf7ec8d336aea5c
akhillb,https://api.github.com/repos/appium/appium/pulls/6317,https://api.github.com/repos/appium/appium/issues/6317,closed,2016-03-22,2016-03-22,2016-03-22,02bafb686d9b6eb30db637b75b677cd225781d76
imurchie,https://api.github.com/repos/appium/appium/pulls/6316,https://api.github.com/repos/appium/appium/issues/6316,closed,2016-03-21,2016-03-22,2016-03-22,b532c52fb75d862647095ce489d9db10e78c7a9c
SrinivasanTarget,https://api.github.com/repos/appium/appium/pulls/6311,https://api.github.com/repos/appium/appium/issues/6311,closed,2016-03-20,2016-03-22,2016-03-22,d100ee33cdfe9f9e19e59b906dc450e1ad7d70bf
imurchie,https://api.github.com/repos/appium/appium/pulls/6306,https://api.github.com/repos/appium/appium/issues/6306,closed,2016-03-18,2016-03-18,2016-03-18,b5005aef14e624f4ef90b6f59c0a7ba089d32e31
SrinivasanTarget,https://api.github.com/repos/appium/appium/pulls/6296,https://api.github.com/repos/appium/appium/issues/6296,closed,2016-03-17,2016-03-18,2016-03-18,a5930cd52a7d8aed3f62a72228a4f6f3ac96ee24
SrinivasanTarget,https://api.github.com/repos/appium/appium/pulls/6295,https://api.github.com/repos/appium/appium/issues/6295,closed,2016-03-17,2016-03-18,2016-03-18,d0e20a7b90981e5fa857c228da7fca91f99a4807
imurchie,https://api.github.com/repos/appium/appium/pulls/6294,https://api.github.com/repos/appium/appium/issues/6294,closed,2016-03-16,2016-03-17,2016-03-17,b0f576ddd0b9b3907c704e42f35026d7c509114f
scottdixon-zz,https://api.github.com/repos/appium/appium/pulls/6291,https://api.github.com/repos/appium/appium/issues/6291,closed,2016-03-15,2016-03-16,2016-03-16,7eaeab712b23c0a9f5e8bd9e079481396b6278e7
imurchie,https://api.github.com/repos/appium/appium/pulls/6288,https://api.github.com/repos/appium/appium/issues/6288,closed,2016-03-15,2016-03-23,,4e37774a6c3894e65e868dd58bf23e3a08bd7a5d
lucyking,https://api.github.com/repos/appium/appium/pulls/6283,https://api.github.com/repos/appium/appium/issues/6283,closed,2016-03-15,2016-03-15,2016-03-15,f23c3ef7b535251f903cf0f758236cf93c9d9cec
imurchie,https://api.github.com/repos/appium/appium/pulls/6271,https://api.github.com/repos/appium/appium/issues/6271,closed,2016-03-10,2016-05-13,2016-03-10,0b7f4c742fd2b032d8ba2d7c41f2806929cabd7f
imurchie,https://api.github.com/repos/appium/appium/pulls/6259,https://api.github.com/repos/appium/appium/issues/6259,closed,2016-03-09,2016-03-10,2016-03-10,22ee22d1bef43dffafdbc00ebca20f0f0898a95c
SrinivasanTarget,https://api.github.com/repos/appium/appium/pulls/6253,https://api.github.com/repos/appium/appium/issues/6253,closed,2016-03-08,2016-03-08,2016-03-08,b70ca2643ced19d70b2a5c42bb058ccda8f6b9f1
SrinivasanTarget,https://api.github.com/repos/appium/appium/pulls/6248,https://api.github.com/repos/appium/appium/issues/6248,closed,2016-03-08,2016-03-08,2016-03-08,ac6cc489855c216166348492e2bc6cce8238a2e5
scottdixon-zz,https://api.github.com/repos/appium/appium/pulls/6245,https://api.github.com/repos/appium/appium/issues/6245,closed,2016-03-07,2016-03-07,2016-03-07,c5fddc0e17f8c1a49f70f7b074bb6230fa887962
vikramvi,https://api.github.com/repos/appium/appium/pulls/6232,https://api.github.com/repos/appium/appium/issues/6232,closed,2016-03-03,2017-09-07,2016-03-03,63321b1ae48f4c54707437edd993a54db3bab96b
imurchie,https://api.github.com/repos/appium/appium/pulls/6224,https://api.github.com/repos/appium/appium/issues/6224,closed,2016-03-03,2016-03-03,2016-03-03,b8c156c9a88daa31f9913c0f2a367b6ff390ccd4
imurchie,https://api.github.com/repos/appium/appium/pulls/6221,https://api.github.com/repos/appium/appium/issues/6221,closed,2016-03-02,2016-03-08,2016-03-02,be3d5ef10bab2aecad2596787817e0954a72e672
simongranger,https://api.github.com/repos/appium/appium/pulls/6215,https://api.github.com/repos/appium/appium/issues/6215,closed,2016-03-01,2016-07-08,2016-07-08,135e43a52366b7236890f5210c4924510b0c5752
SrinivasanTarget,https://api.github.com/repos/appium/appium/pulls/6212,https://api.github.com/repos/appium/appium/issues/6212,closed,2016-03-01,2016-03-02,2016-03-02,a774cb3efccae0fb40ca21a1a6ccb91c2417289c
SrinivasanTarget,https://api.github.com/repos/appium/appium/pulls/6200,https://api.github.com/repos/appium/appium/issues/6200,closed,2016-02-27,2016-02-27,2016-02-27,a04071256d8cf7cde565bb32495ca22eafd7944d
SrinivasanTarget,https://api.github.com/repos/appium/appium/pulls/6199,https://api.github.com/repos/appium/appium/issues/6199,closed,2016-02-27,2016-02-27,2016-02-27,ba563a10a29b75c853115edea1d9a1cda3e8fd52
SrinivasanTarget,https://api.github.com/repos/appium/appium/pulls/6198,https://api.github.com/repos/appium/appium/issues/6198,closed,2016-02-26,2016-02-27,2016-02-27,96eb4e21fed2de1938d4f25fce65aad8114dd736
vikramvi,https://api.github.com/repos/appium/appium/pulls/6195,https://api.github.com/repos/appium/appium/issues/6195,closed,2016-02-26,2016-03-03,,758a878a2bbacf4cb8c2d1219fa068751c8dafe1
jlipps,https://api.github.com/repos/appium/appium/pulls/6187,https://api.github.com/repos/appium/appium/issues/6187,closed,2016-02-24,2016-02-24,2016-02-24,d0c3b458f37b19c9165342b96ae60ee3f9b1672e
imurchie,https://api.github.com/repos/appium/appium/pulls/6180,https://api.github.com/repos/appium/appium/issues/6180,closed,2016-02-23,2016-02-24,2016-02-24,b74ab167219ffa8917553e2ee3a7e0bc264cb033
guysmoilov,https://api.github.com/repos/appium/appium/pulls/6176,https://api.github.com/repos/appium/appium/issues/6176,closed,2016-02-23,2016-02-24,,9bdd8ffd43e467d6d89339521aa6f8750bd8c8bf
jlipps,https://api.github.com/repos/appium/appium/pulls/6173,https://api.github.com/repos/appium/appium/issues/6173,closed,2016-02-23,2016-02-23,2016-02-23,900f375c7835f1189e41fd86b8c490b38d791e77
scottdixon-zz,https://api.github.com/repos/appium/appium/pulls/6172,https://api.github.com/repos/appium/appium/issues/6172,closed,2016-02-22,2016-02-22,2016-02-22,c0aa20714e4fcb55d4c1309a2b5cdc573efe6058
SrinivasanTarget,https://api.github.com/repos/appium/appium/pulls/6167,https://api.github.com/repos/appium/appium/issues/6167,closed,2016-02-20,2016-02-23,,d5b1f32ba1e1843559e9001ab7d6b0255ebe4a35
imurchie,https://api.github.com/repos/appium/appium/pulls/6166,https://api.github.com/repos/appium/appium/issues/6166,closed,2016-02-19,2016-02-19,2016-02-19,20467ce3e60ae1d18dc81d341324ac9ea1f4e5f1
imurchie,https://api.github.com/repos/appium/appium/pulls/6165,https://api.github.com/repos/appium/appium/issues/6165,closed,2016-02-19,2016-02-19,2016-02-19,920d6b0da612fbca8add55b267d87acd8cb847b9
imurchie,https://api.github.com/repos/appium/appium/pulls/6164,https://api.github.com/repos/appium/appium/issues/6164,closed,2016-02-19,2016-02-19,2016-02-19,70a3a8169bf51b9484a9fadbe922eccc21da1846
scottdixon-zz,https://api.github.com/repos/appium/appium/pulls/6163,https://api.github.com/repos/appium/appium/issues/6163,closed,2016-02-19,2016-02-22,2016-02-22,abbc3d0ab9f4bb275f115e4a1bee3289d075ee97
jlipps,https://api.github.com/repos/appium/appium/pulls/6162,https://api.github.com/repos/appium/appium/issues/6162,closed,2016-02-19,2016-02-19,2016-02-19,06d4234c9f3366dcf77f57569e237657525884b5
jlipps,https://api.github.com/repos/appium/appium/pulls/6156,https://api.github.com/repos/appium/appium/issues/6156,closed,2016-02-17,2016-02-17,2016-02-17,d2ab4782eb94ae45fec59753a7ecb90aa95360d1
jlipps,https://api.github.com/repos/appium/appium/pulls/6155,https://api.github.com/repos/appium/appium/issues/6155,closed,2016-02-17,2016-02-17,2016-02-17,e942e5838a155cf5324c7465a8821036de86004a
ahansen1,https://api.github.com/repos/appium/appium/pulls/6153,https://api.github.com/repos/appium/appium/issues/6153,closed,2016-02-17,2016-07-11,2016-02-19,bae888cf7ae31e142b534d0d3c5e90ca9747e505
lucyking,https://api.github.com/repos/appium/appium/pulls/6150,https://api.github.com/repos/appium/appium/issues/6150,closed,2016-02-17,2016-02-17,,75fc227112e977237b52f09281d4bf19a5906711
imurchie,https://api.github.com/repos/appium/appium/pulls/6148,https://api.github.com/repos/appium/appium/issues/6148,closed,2016-02-16,2016-02-16,2016-02-16,eda0595eee209d3061c53816ccf21b2c58c3068a
rompic,https://api.github.com/repos/appium/appium/pulls/6138,https://api.github.com/repos/appium/appium/issues/6138,closed,2016-02-14,2016-05-12,,9e8dff5a4b1de985778864a0e938b7dfc32d7dd2
imurchie,https://api.github.com/repos/appium/appium/pulls/6128,https://api.github.com/repos/appium/appium/issues/6128,closed,2016-02-11,2016-02-11,2016-02-11,cf3b91411d6c0fd7cdbf9c89fad93ae13eedadcc
jlipps,https://api.github.com/repos/appium/appium/pulls/6100,https://api.github.com/repos/appium/appium/issues/6100,closed,2016-02-04,2016-02-04,2016-02-04,4a555778a8572ca558da44e2510d840539b5f719
scottdixon-zz,https://api.github.com/repos/appium/appium/pulls/6099,https://api.github.com/repos/appium/appium/issues/6099,closed,2016-02-02,2016-02-02,2016-02-02,e9e75e3b063f8f42cb6803a3172ebcfc359b2b2b
anandsadu,https://api.github.com/repos/appium/appium/pulls/6094,https://api.github.com/repos/appium/appium/issues/6094,closed,2016-02-02,2016-03-04,,c0c24047661166fc7f15ca9c2c211697db4a6620
imurchie,https://api.github.com/repos/appium/appium/pulls/6092,https://api.github.com/repos/appium/appium/issues/6092,closed,2016-02-02,2016-02-02,2016-02-02,509d8c4593f7f7ca885c61c74e4d780837fdd703
imurchie,https://api.github.com/repos/appium/appium/pulls/6082,https://api.github.com/repos/appium/appium/issues/6082,closed,2016-01-29,2016-01-29,2016-01-29,bdae37aceb3cca7829e336284201f62d00d4c074
SrinivasanTarget,https://api.github.com/repos/appium/appium/pulls/6078,https://api.github.com/repos/appium/appium/issues/6078,closed,2016-01-28,2016-02-23,,1c111bfefb47a0a9a1b49dbd81a4233187e1106a
imurchie,https://api.github.com/repos/appium/appium/pulls/6074,https://api.github.com/repos/appium/appium/issues/6074,closed,2016-01-27,2016-01-27,2016-01-27,e38bcccc05a673b496ae461f4b5c30cb2e99d2d4
imurchie,https://api.github.com/repos/appium/appium/pulls/6073,https://api.github.com/repos/appium/appium/issues/6073,closed,2016-01-27,2016-01-27,2016-01-27,81a7704ecfaa82d949b9e257872a8c4391c0d06a
imurchie,https://api.github.com/repos/appium/appium/pulls/6069,https://api.github.com/repos/appium/appium/issues/6069,closed,2016-01-26,2016-01-26,2016-01-26,8e8e9ffb2f102156075e56aac4fb1af62aac011c
SrinivasanTarget,https://api.github.com/repos/appium/appium/pulls/6068,https://api.github.com/repos/appium/appium/issues/6068,closed,2016-01-26,2016-01-26,2016-01-26,b052b48f6201c70fa0ef0b462151e1e3abfe1cd8
imurchie,https://api.github.com/repos/appium/appium/pulls/6061,https://api.github.com/repos/appium/appium/issues/6061,closed,2016-01-24,2016-02-24,2016-01-24,650bab17f6731987fdef5c8390c4c25ef19e3c95
jlipps,https://api.github.com/repos/appium/appium/pulls/6060,https://api.github.com/repos/appium/appium/issues/6060,closed,2016-01-23,2016-01-23,2016-01-23,36a57fbda657515e96dab8f5aca64e623adc52ce
Jonahss,https://api.github.com/repos/appium/appium/pulls/6052,https://api.github.com/repos/appium/appium/issues/6052,closed,2016-01-20,2016-01-20,2016-01-20,86c98ab49a3697997b93a8f16a7d9754550d7d40
moizjv,https://api.github.com/repos/appium/appium/pulls/6046,https://api.github.com/repos/appium/appium/issues/6046,closed,2016-01-20,2016-01-20,2016-01-20,e7d721ad51ff9f98652e2f112a5933b775d43975
MiteshShah,https://api.github.com/repos/appium/appium/pulls/6045,https://api.github.com/repos/appium/appium/issues/6045,closed,2016-01-19,2016-01-20,,133f32995830ad3ffe53f6e4067aed6b5b972750
prayagverma,https://api.github.com/repos/appium/appium/pulls/6037,https://api.github.com/repos/appium/appium/issues/6037,closed,2016-01-16,2016-01-29,2016-01-21,9ddc47404a3bddc794326b3be38b384ac1d86541
jlipps,https://api.github.com/repos/appium/appium/pulls/6036,https://api.github.com/repos/appium/appium/issues/6036,closed,2016-01-15,2016-01-16,2016-01-16,3e7de5377e717c0c5caf4b92ec5b24bfa8e26f42
SrinivasanTarget,https://api.github.com/repos/appium/appium/pulls/6035,https://api.github.com/repos/appium/appium/issues/6035,closed,2016-01-15,2016-01-15,2016-01-15,5b80473c2eaca18c0c23ed9adb1f42354caf7685
SrinivasanTarget,https://api.github.com/repos/appium/appium/pulls/6031,https://api.github.com/repos/appium/appium/issues/6031,closed,2016-01-15,2016-01-15,2016-01-15,b72bd9309a2c10866679e44fe6d92a2fe64988b4
jlipps,https://api.github.com/repos/appium/appium/pulls/6030,https://api.github.com/repos/appium/appium/issues/6030,closed,2016-01-15,2018-02-15,2016-01-21,9d322b9ede17838494185990108476f532b06065
jlipps,https://api.github.com/repos/appium/appium/pulls/6029,https://api.github.com/repos/appium/appium/issues/6029,closed,2016-01-14,2018-02-15,2016-01-15,211138cd0b5665a6e5ebdc93b476aaa88d104cbb
scottdixon-zz,https://api.github.com/repos/appium/appium/pulls/6014,https://api.github.com/repos/appium/appium/issues/6014,closed,2016-01-12,2016-01-12,2016-01-12,4b267a558178b59de01df84a6568c299ba0773ab
rahuljawale,https://api.github.com/repos/appium/appium/pulls/6007,https://api.github.com/repos/appium/appium/issues/6007,closed,2016-01-12,2016-05-01,,5fde1e683064c83f480d57390e5f7cd50b186254
Jonahss,https://api.github.com/repos/appium/appium/pulls/6006,https://api.github.com/repos/appium/appium/issues/6006,closed,2016-01-12,2016-01-12,2016-01-12,870fca9b1bfefa3fba3f2e80ca15108852daf13e
Jonahss,https://api.github.com/repos/appium/appium/pulls/6005,https://api.github.com/repos/appium/appium/issues/6005,closed,2016-01-11,2016-01-12,,d1be716c195f92936f19f11160a3f6839a2987d3
SrinivasanTarget,https://api.github.com/repos/appium/appium/pulls/6004,https://api.github.com/repos/appium/appium/issues/6004,closed,2016-01-11,2016-01-12,2016-01-12,40eb74593fba4249a14e006bb80ad65b3bdb9d97
SrinivasanTarget,https://api.github.com/repos/appium/appium/pulls/6003,https://api.github.com/repos/appium/appium/issues/6003,closed,2016-01-11,2016-01-11,2016-01-11,899e678ce9f48d44a804aaeea20779235f3cefc8
SrinivasanTarget,https://api.github.com/repos/appium/appium/pulls/6002,https://api.github.com/repos/appium/appium/issues/6002,closed,2016-01-11,2016-01-11,2016-01-11,6a69e21434a916999574405cce324a72cf28e1f8
scottdixon-zz,https://api.github.com/repos/appium/appium/pulls/5996,https://api.github.com/repos/appium/appium/issues/5996,closed,2016-01-08,2016-01-11,2016-01-08,b19499da82cfd73f82136603a89b87aa318440be
SrinivasanTarget,https://api.github.com/repos/appium/appium/pulls/5994,https://api.github.com/repos/appium/appium/issues/5994,closed,2016-01-08,2016-01-11,,8ed9e795127f2eeaa9c75f2a103c58dce42ba89f
aluedeke,https://api.github.com/repos/appium/appium/pulls/5993,https://api.github.com/repos/appium/appium/issues/5993,closed,2016-01-08,2016-01-08,,97da701b8fb5d94e889c101fb70732f452e2bb94
imurchie,https://api.github.com/repos/appium/appium/pulls/5988,https://api.github.com/repos/appium/appium/issues/5988,closed,2016-01-08,2016-01-11,2016-01-11,3956438aa418de685a1039a9bcb4db892c1d4abb
lucyking,https://api.github.com/repos/appium/appium/pulls/5987,https://api.github.com/repos/appium/appium/issues/5987,closed,2016-01-07,2016-01-11,2016-01-11,8f60501633dc1e24195a973d8959657d4c3b98d4
scottdixon-zz,https://api.github.com/repos/appium/appium/pulls/5986,https://api.github.com/repos/appium/appium/issues/5986,closed,2016-01-06,2016-01-11,2016-01-11,f5fbd4797954a1677cf84181a8ab959f2bfaf982
SrinivasanTarget,https://api.github.com/repos/appium/appium/pulls/5985,https://api.github.com/repos/appium/appium/issues/5985,closed,2016-01-06,2016-01-06,2016-01-06,b89989792a48a5793a2d4f7603e7531581e5eade
Jonahss,https://api.github.com/repos/appium/appium/pulls/5981,https://api.github.com/repos/appium/appium/issues/5981,closed,2016-01-06,2016-01-06,2016-01-06,239b7ee83a875a5115b69fa84bcb15b57cbe1589
imurchie,https://api.github.com/repos/appium/appium/pulls/5979,https://api.github.com/repos/appium/appium/issues/5979,closed,2016-01-05,2016-02-24,2016-01-05,fc1f3107aa6efffc5f3a35bbf9d02772fe7a2468
SrinivasanTarget,https://api.github.com/repos/appium/appium/pulls/5977,https://api.github.com/repos/appium/appium/issues/5977,closed,2016-01-05,2016-01-06,,3dfc3bb6f9fec1219ba8054980d080c459460634
imurchie,https://api.github.com/repos/appium/appium/pulls/5975,https://api.github.com/repos/appium/appium/issues/5975,closed,2016-01-05,2016-01-05,2016-01-05,bbdf0560679b158322694a52e7b8b377912b7947
akhillb,https://api.github.com/repos/appium/appium/pulls/5974,https://api.github.com/repos/appium/appium/issues/5974,closed,2016-01-05,2016-03-04,,cb2596b2246de541933a9c9133b37e09f0855659
imurchie,https://api.github.com/repos/appium/appium/pulls/5971,https://api.github.com/repos/appium/appium/issues/5971,closed,2016-01-04,2016-01-05,2016-01-05,d1a1fc0a50288e406780ada798797db72bc3efd5
imurchie,https://api.github.com/repos/appium/appium/pulls/5965,https://api.github.com/repos/appium/appium/issues/5965,closed,2015-12-29,2015-12-30,2015-12-30,96b00ad737d71f6732b00c040a32f5c2069b9f15
imurchie,https://api.github.com/repos/appium/appium/pulls/5963,https://api.github.com/repos/appium/appium/issues/5963,closed,2015-12-28,2016-01-05,2015-12-28,dde8a33ffbf1fa630e266fb77cd1759ec809e48a
wuhao5,https://api.github.com/repos/appium/appium/pulls/5950,https://api.github.com/repos/appium/appium/issues/5950,closed,2015-12-23,2016-01-05,2016-01-05,a57585c1164690803422093e28158ba1a9c7c557
scottdixon-zz,https://api.github.com/repos/appium/appium/pulls/5940,https://api.github.com/repos/appium/appium/issues/5940,closed,2015-12-19,2015-12-21,2015-12-19,7647691b54def2ec6c3d782868d6ada3dc99b654
scottdixon-zz,https://api.github.com/repos/appium/appium/pulls/5933,https://api.github.com/repos/appium/appium/issues/5933,closed,2015-12-17,2015-12-18,2015-12-18,ee2dc968e4b142d5f24b9f3990e874b6d30b8af4
imurchie,https://api.github.com/repos/appium/appium/pulls/5932,https://api.github.com/repos/appium/appium/issues/5932,closed,2015-12-17,2015-12-17,2015-12-17,9c02ea50707c2a1421fc0665dc892030888bf8db
SrinivasanTarget,https://api.github.com/repos/appium/appium/pulls/5931,https://api.github.com/repos/appium/appium/issues/5931,closed,2015-12-17,2015-12-18,2015-12-18,e3c6032fd2b552ce7ee888aaf8901afb531b27c6
imurchie,https://api.github.com/repos/appium/appium/pulls/5922,https://api.github.com/repos/appium/appium/issues/5922,closed,2015-12-15,2015-12-15,2015-12-15,e3ed60825f9f7fd14890aa4013497011bb898d58
scottdixon-zz,https://api.github.com/repos/appium/appium/pulls/5919,https://api.github.com/repos/appium/appium/issues/5919,closed,2015-12-14,2015-12-17,2015-12-16,e5cde2411653fe7ad2f2ba76b323337345acddd2
scottdixon-zz,https://api.github.com/repos/appium/appium/pulls/5918,https://api.github.com/repos/appium/appium/issues/5918,closed,2015-12-14,2015-12-14,2015-12-14,07675d4e96177a74caac8a6e602e9270abc098bf
imurchie,https://api.github.com/repos/appium/appium/pulls/5916,https://api.github.com/repos/appium/appium/issues/5916,closed,2015-12-14,2015-12-14,2015-12-14,4054988178be531b6781f13d71a82792739075e6
pearlselvan,https://api.github.com/repos/appium/appium/pulls/5908,https://api.github.com/repos/appium/appium/issues/5908,closed,2015-12-10,2016-03-04,,c13cc730570be62887ef6272c13b5f5c0d4091db
imurchie,https://api.github.com/repos/appium/appium/pulls/5900,https://api.github.com/repos/appium/appium/issues/5900,closed,2015-12-03,2015-12-17,2015-12-17,fd3c5cbab3f7d1eb1d78f5c21bd783cf04663d6b
jlipps,https://api.github.com/repos/appium/appium/pulls/5897,https://api.github.com/repos/appium/appium/issues/5897,closed,2015-12-02,2015-12-02,2015-12-02,8acff477808589aeb16a7216dfd25a24ec73d552
ngsankha,https://api.github.com/repos/appium/appium/pulls/5890,https://api.github.com/repos/appium/appium/issues/5890,closed,2015-12-01,2015-12-02,2015-12-02,83376608b2664450c18d1af3c9a46a12d6669b4c
amake,https://api.github.com/repos/appium/appium/pulls/5880,https://api.github.com/repos/appium/appium/issues/5880,closed,2015-11-27,2015-11-30,2015-11-30,ecd201d34e4a47923777d9220067e2f9e78f12e2
rseek,https://api.github.com/repos/appium/appium/pulls/5876,https://api.github.com/repos/appium/appium/issues/5876,closed,2015-11-26,2015-11-30,,8c54b38e77a07c126bbfcb2801100738b6dc3c26
imurchie,https://api.github.com/repos/appium/appium/pulls/5874,https://api.github.com/repos/appium/appium/issues/5874,closed,2015-11-25,2015-11-25,2015-11-25,987bcaa19789ba800af2b742463c98cddf3db7e3
christian-bromann,https://api.github.com/repos/appium/appium/pulls/5854,https://api.github.com/repos/appium/appium/issues/5854,closed,2015-11-19,2015-11-20,2015-11-20,307f113b9d2ef17144ff500c228488e122d265b5
christian-bromann,https://api.github.com/repos/appium/appium/pulls/5853,https://api.github.com/repos/appium/appium/issues/5853,closed,2015-11-19,2017-07-20,2015-11-23,ebc013411f7548e6f1f5b499d86ba320b8f92a27
moizjv,https://api.github.com/repos/appium/appium/pulls/5852,https://api.github.com/repos/appium/appium/issues/5852,closed,2015-11-19,2018-02-15,2015-11-20,1580c9dcc3e63ba503c1b5737fe480a677213d0d
moizjv,https://api.github.com/repos/appium/appium/pulls/5845,https://api.github.com/repos/appium/appium/issues/5845,closed,2015-11-17,2015-11-17,2015-11-17,3f95569f8d0bcc9869c66ee8d663587c08eaa61c
imurchie,https://api.github.com/repos/appium/appium/pulls/5843,https://api.github.com/repos/appium/appium/issues/5843,closed,2015-11-17,2015-11-17,2015-11-17,ba381f0bbb0393b9f32a60d4bcf0dea4851511ab
rseek,https://api.github.com/repos/appium/appium/pulls/5840,https://api.github.com/repos/appium/appium/issues/5840,closed,2015-11-17,2016-03-04,,5f52cd948cc5555ea129271989466ce2d54919e6
ngsankha,https://api.github.com/repos/appium/appium/pulls/5838,https://api.github.com/repos/appium/appium/issues/5838,closed,2015-11-16,2015-11-20,2015-11-19,ac13be9b8d1a73559f36d218c66a2d0a5b4611b3
jlipps,https://api.github.com/repos/appium/appium/pulls/5837,https://api.github.com/repos/appium/appium/issues/5837,closed,2015-11-16,2015-11-17,2015-11-17,0e5b9fadd0d0241a2ae0b4dd54149d271d2926da
imurchie,https://api.github.com/repos/appium/appium/pulls/5836,https://api.github.com/repos/appium/appium/issues/5836,closed,2015-11-16,2016-02-24,2015-11-17,d2c6e4110e0ce15e8b18f16f6d87a11c74f0b95d
some-say,https://api.github.com/repos/appium/appium/pulls/5835,https://api.github.com/repos/appium/appium/issues/5835,closed,2015-11-16,2015-11-19,2015-11-19,f2d6db875d429850e88d145cfd274e8bc40aa81f
dshafer,https://api.github.com/repos/appium/appium/pulls/5829,https://api.github.com/repos/appium/appium/issues/5829,closed,2015-11-13,2015-11-17,2015-11-17,f54e2b671302a2fc90917a19cc8efe56dd261d2c
imurchie,https://api.github.com/repos/appium/appium/pulls/5822,https://api.github.com/repos/appium/appium/issues/5822,closed,2015-11-11,2015-11-17,2015-11-17,57d0f649f8afaf569bc5d316c38ed1fec43b702a
gempesaw,https://api.github.com/repos/appium/appium/pulls/5821,https://api.github.com/repos/appium/appium/issues/5821,closed,2015-11-11,2016-03-05,,3a04e14b8cf23dde9696c42297e4def65a48036b
imurchie,https://api.github.com/repos/appium/appium/pulls/5818,https://api.github.com/repos/appium/appium/issues/5818,closed,2015-11-10,2015-11-10,2015-11-10,4bda3a759f7ab6570864e76d0d5d98240a966e2e
imurchie,https://api.github.com/repos/appium/appium/pulls/5817,https://api.github.com/repos/appium/appium/issues/5817,closed,2015-11-10,2015-11-17,2015-11-17,06d428a24c127a6e0610a128c6ad7143902f8a7f
christian-bromann,https://api.github.com/repos/appium/appium/pulls/5813,https://api.github.com/repos/appium/appium/issues/5813,closed,2015-11-09,2015-11-13,2015-11-11,ab5aaa4fa56e59df2d8894cd64aec517c211a694
imurchie,https://api.github.com/repos/appium/appium/pulls/5812,https://api.github.com/repos/appium/appium/issues/5812,closed,2015-11-09,2015-11-09,2015-11-09,123915599de6b25b204d16a44122cfa115c57b66
redshirtrob,https://api.github.com/repos/appium/appium/pulls/5807,https://api.github.com/repos/appium/appium/issues/5807,closed,2015-11-06,2016-04-12,,a21586ba25cb092b3cb1edad26dec5469adaea75
imurchie,https://api.github.com/repos/appium/appium/pulls/5806,https://api.github.com/repos/appium/appium/issues/5806,closed,2015-11-06,2015-11-06,2015-11-06,2c638b7710391728a52ec9474ed32c47325efbf9
scottdixon-zz,https://api.github.com/repos/appium/appium/pulls/5801,https://api.github.com/repos/appium/appium/issues/5801,closed,2015-11-05,2015-11-06,2015-11-06,a4076547ec1b32ecb34b4807af2cc2d937c4f73d
imurchie,https://api.github.com/repos/appium/appium/pulls/5800,https://api.github.com/repos/appium/appium/issues/5800,closed,2015-11-05,2015-11-06,2015-11-06,753055be9f3efd568e65a50daedacc358874ef62
imurchie,https://api.github.com/repos/appium/appium/pulls/5782,https://api.github.com/repos/appium/appium/issues/5782,closed,2015-10-29,2015-11-03,2015-10-29,8cad49638f776b1885f8de51be3fb2e6869cee73
imurchie,https://api.github.com/repos/appium/appium/pulls/5781,https://api.github.com/repos/appium/appium/issues/5781,closed,2015-10-29,2015-10-29,,fb0b0439285d562e4fe36cf6df67fe177e592947
christian-bromann,https://api.github.com/repos/appium/appium/pulls/5776,https://api.github.com/repos/appium/appium/issues/5776,closed,2015-10-29,2015-11-02,2015-10-29,4439ebb9202fb14eb301a10bfb75aaf2c3953928
moizjv,https://api.github.com/repos/appium/appium/pulls/5772,https://api.github.com/repos/appium/appium/issues/5772,closed,2015-10-28,2015-10-28,2015-10-28,680cb906a275fcf8e25429d6e36ecbfad4dd488d
jlipps,https://api.github.com/repos/appium/appium/pulls/5770,https://api.github.com/repos/appium/appium/issues/5770,closed,2015-10-28,2015-10-28,2015-10-28,0d87eb6654f98b9d6db81bba769c9e54dedf1e93
lukeis,https://api.github.com/repos/appium/appium/pulls/5751,https://api.github.com/repos/appium/appium/issues/5751,closed,2015-10-21,2015-10-22,2015-10-22,4448f42be3cf7fead7d5cf5a91efc6c78c3be3c7
imurchie,https://api.github.com/repos/appium/appium/pulls/5748,https://api.github.com/repos/appium/appium/issues/5748,closed,2015-10-20,2015-11-20,2015-11-09,8d1170b61dd7d9f01cc9d9e87e616e11e3c4fa13
Footpad,https://api.github.com/repos/appium/appium/pulls/5743,https://api.github.com/repos/appium/appium/issues/5743,closed,2015-10-19,2015-10-21,2015-10-21,98beb6250a256c7e126ec88c8ce5b9e8d0e19a48
scottdixon-zz,https://api.github.com/repos/appium/appium/pulls/5742,https://api.github.com/repos/appium/appium/issues/5742,closed,2015-10-19,2015-10-19,2015-10-19,04e697a8c7e2cd4ab2b57efb8592db1f22cdfc73
moizjv,https://api.github.com/repos/appium/appium/pulls/5739,https://api.github.com/repos/appium/appium/issues/5739,closed,2015-10-19,2015-10-19,2015-10-19,dc6a1f39180264ef777187c5f5b231e4affe1431
scottdixon-zz,https://api.github.com/repos/appium/appium/pulls/5734,https://api.github.com/repos/appium/appium/issues/5734,closed,2015-10-16,2015-10-16,2015-10-16,2a8ce9e15928d51da8610c8795bb4f0a2946bc9a
scottdixon-zz,https://api.github.com/repos/appium/appium/pulls/5729,https://api.github.com/repos/appium/appium/issues/5729,closed,2015-10-15,2015-10-16,2015-10-15,276027b5e190c3f6e267fb8dd3346cca94679d9b
scottdixon-zz,https://api.github.com/repos/appium/appium/pulls/5726,https://api.github.com/repos/appium/appium/issues/5726,closed,2015-10-14,2015-10-16,,bcfea842fb46121a27e7d28fe81f667ea4ca22b6
ahansen1,https://api.github.com/repos/appium/appium/pulls/5722,https://api.github.com/repos/appium/appium/issues/5722,closed,2015-10-13,2015-10-21,2015-10-21,1636e25a9a39e226b7ab5a1337e67e927cfdd869
imurchie,https://api.github.com/repos/appium/appium/pulls/5695,https://api.github.com/repos/appium/appium/issues/5695,closed,2015-10-07,2015-10-07,2015-10-07,2f644188b8d56daaaf0195de1f71549bf0e1caad
michalsarna,https://api.github.com/repos/appium/appium/pulls/5692,https://api.github.com/repos/appium/appium/issues/5692,closed,2015-10-07,2015-10-13,2015-10-13,f09adf943f67db506741c0a106ad155cfd4379d3
imurchie,https://api.github.com/repos/appium/appium/pulls/5679,https://api.github.com/repos/appium/appium/issues/5679,closed,2015-09-30,2015-09-30,2015-09-30,7c3cf45bf6ed59b1a332a45260fa9041b168b7a6
moizjv,https://api.github.com/repos/appium/appium/pulls/5674,https://api.github.com/repos/appium/appium/issues/5674,closed,2015-09-30,2015-09-30,2015-09-30,6ae498edf8c014fbdbaea202a9e2c38d5b505df1
moizjv,https://api.github.com/repos/appium/appium/pulls/5673,https://api.github.com/repos/appium/appium/issues/5673,closed,2015-09-30,2015-09-30,2015-09-30,77c75cfbd0dc5e3316ad4d061312f8dca573f8f4
moizjv,https://api.github.com/repos/appium/appium/pulls/5672,https://api.github.com/repos/appium/appium/issues/5672,closed,2015-09-30,2015-09-30,2015-09-30,387865b9676c3bd95e838f6ff669061cbdb54e47
scottdixon-zz,https://api.github.com/repos/appium/appium/pulls/5666,https://api.github.com/repos/appium/appium/issues/5666,closed,2015-09-28,2015-09-28,2015-09-28,dd08e59d0d7610266b711e25a7f2ec12c08df3b6
scottdixon-zz,https://api.github.com/repos/appium/appium/pulls/5665,https://api.github.com/repos/appium/appium/issues/5665,closed,2015-09-28,2015-09-28,2015-09-28,0907685ffbd3ebde023c258b9cb6f023b92cb06a
imurchie,https://api.github.com/repos/appium/appium/pulls/5664,https://api.github.com/repos/appium/appium/issues/5664,closed,2015-09-28,2015-09-28,2015-09-28,39a44bda44a9934e6c5fec54b4feca9f2354f822
michalsarna,https://api.github.com/repos/appium/appium/pulls/5661,https://api.github.com/repos/appium/appium/issues/5661,closed,2015-09-28,2015-10-07,,daea0fb588850b34c65195653126cfe8a3a3c6b1
scottdixon-zz,https://api.github.com/repos/appium/appium/pulls/5658,https://api.github.com/repos/appium/appium/issues/5658,closed,2015-09-25,2015-09-25,2015-09-25,c102fd16713d49cfd7a247d82dda691a078a184a
scottdixon-zz,https://api.github.com/repos/appium/appium/pulls/5653,https://api.github.com/repos/appium/appium/issues/5653,closed,2015-09-25,2015-09-25,2015-09-25,670ce2aec77eecc36618ac5318b36fb7a94e386f
srautiai,https://api.github.com/repos/appium/appium/pulls/5652,https://api.github.com/repos/appium/appium/issues/5652,closed,2015-09-24,2015-09-25,2015-09-25,e3378d76bc71e964469b211b5bed629a1fcf190c
scottdixon-zz,https://api.github.com/repos/appium/appium/pulls/5651,https://api.github.com/repos/appium/appium/issues/5651,closed,2015-09-24,2015-09-24,2015-09-24,c86f26269477fc639fad678131c63de882d2872d
nicolasavenza,https://api.github.com/repos/appium/appium/pulls/5648,https://api.github.com/repos/appium/appium/issues/5648,closed,2015-09-24,2015-09-29,,3e9f623e3c62b9c40c29a311ac0f2a361999c72a
scottdixon-zz,https://api.github.com/repos/appium/appium/pulls/5646,https://api.github.com/repos/appium/appium/issues/5646,closed,2015-09-23,2015-09-24,2015-09-24,a920005992b3c890f355a379298fd8321cd2fe96
scottdixon-zz,https://api.github.com/repos/appium/appium/pulls/5645,https://api.github.com/repos/appium/appium/issues/5645,closed,2015-09-23,2015-09-23,2015-09-23,9d338a8fd8395d5fd3c0329028c9bc270ec662a7
scottdixon-zz,https://api.github.com/repos/appium/appium/pulls/5644,https://api.github.com/repos/appium/appium/issues/5644,closed,2015-09-23,2015-09-23,2015-09-23,9bce1ebf26688f522ceb486875a6d37b43b1ee4c
michalsarna,https://api.github.com/repos/appium/appium/pulls/5639,https://api.github.com/repos/appium/appium/issues/5639,closed,2015-09-22,2015-09-28,,e61ed12c72f8020d85e6dc2bcbef433aab197b2e
moizjv,https://api.github.com/repos/appium/appium/pulls/5636,https://api.github.com/repos/appium/appium/issues/5636,closed,2015-09-22,2015-09-22,2015-09-22,f3d3d8d22afd085564822d60cc9b30e5665ddeef
scottdixon-zz,https://api.github.com/repos/appium/appium/pulls/5635,https://api.github.com/repos/appium/appium/issues/5635,closed,2015-09-22,2015-09-23,2015-09-23,33f967ab43ba2efda8aea5d09903824756b21fb3
moizjv,https://api.github.com/repos/appium/appium/pulls/5633,https://api.github.com/repos/appium/appium/issues/5633,closed,2015-09-21,2015-09-21,2015-09-21,885b8bd6f019633e3dbd24cf85c794d79fb7f1d5
imurchie,https://api.github.com/repos/appium/appium/pulls/5627,https://api.github.com/repos/appium/appium/issues/5627,closed,2015-09-18,2015-09-18,2015-09-18,8005570b067244f750f0ee5889c56fdebd78fde6
moizjv,https://api.github.com/repos/appium/appium/pulls/5615,https://api.github.com/repos/appium/appium/issues/5615,closed,2015-09-15,2015-09-15,2015-09-15,978a5ab933c85cccc719f1b98d9869a10f5d1e7d
michaelpreston,https://api.github.com/repos/appium/appium/pulls/5612,https://api.github.com/repos/appium/appium/issues/5612,closed,2015-09-15,2015-09-18,,7dcd7e05aa1a2d4de494d43ccdfec29fd9c6230c
moizjv,https://api.github.com/repos/appium/appium/pulls/5611,https://api.github.com/repos/appium/appium/issues/5611,closed,2015-09-15,2015-09-15,2015-09-15,e9774d39c09bfdd9e6a64b5957275612e87c0fc5
moizjv,https://api.github.com/repos/appium/appium/pulls/5610,https://api.github.com/repos/appium/appium/issues/5610,closed,2015-09-15,2015-09-15,2015-09-15,8b33a42a0167762f0cd19849523574ca51554fa5
scottdixon-zz,https://api.github.com/repos/appium/appium/pulls/5596,https://api.github.com/repos/appium/appium/issues/5596,closed,2015-09-11,2015-09-23,2015-09-23,3a8d567c61e4c563412e64774f4dd899e8ecff59
ericwengelking,https://api.github.com/repos/appium/appium/pulls/5586,https://api.github.com/repos/appium/appium/issues/5586,closed,2015-09-09,2015-10-01,2015-09-10,6779cd4a55352db8cc3516489e861bd2b57faa89
ericwengelking,https://api.github.com/repos/appium/appium/pulls/5585,https://api.github.com/repos/appium/appium/issues/5585,closed,2015-09-09,2015-09-09,,
sebv,https://api.github.com/repos/appium/appium/pulls/5580,https://api.github.com/repos/appium/appium/issues/5580,closed,2015-09-09,2018-02-15,2015-09-09,eda50a196924dd6563f40ad0e1ece68867b48804
yaphatak,https://api.github.com/repos/appium/appium/pulls/5568,https://api.github.com/repos/appium/appium/issues/5568,closed,2015-09-04,2016-03-04,,ab657b1b97d530e00dfb25fbe082be3c40d1009e
sebv,https://api.github.com/repos/appium/appium/pulls/5535,https://api.github.com/repos/appium/appium/issues/5535,closed,2015-08-26,2017-07-20,2015-08-28,e2217b334c58eb32b2376ef63d47a8300e55c477
scottdixon-zz,https://api.github.com/repos/appium/appium/pulls/5533,https://api.github.com/repos/appium/appium/issues/5533,closed,2015-08-25,2015-08-26,2015-08-26,ee9fc6d422b931177b7693d6dc50d9673bee4355
michaelpreston,https://api.github.com/repos/appium/appium/pulls/5532,https://api.github.com/repos/appium/appium/issues/5532,closed,2015-08-25,2015-09-15,2015-08-25,758013f6641530bdb11e2c3a1d7a88ef9827f2d8
imurchie,https://api.github.com/repos/appium/appium/pulls/5523,https://api.github.com/repos/appium/appium/issues/5523,closed,2015-08-21,2015-11-20,2015-08-21,f4219ffc686913202b231bfc1c453f46672ce68f
sebv,https://api.github.com/repos/appium/appium/pulls/5515,https://api.github.com/repos/appium/appium/issues/5515,closed,2015-08-19,2018-02-15,2015-08-20,bb026b663930ebf906fb161a7e15f45f0e3f391c
sofaking,https://api.github.com/repos/appium/appium/pulls/5514,https://api.github.com/repos/appium/appium/issues/5514,closed,2015-08-19,2015-08-21,2015-08-21,932f00f68f618a7ac3aa7f5ce622093bd824f7a8
amake,https://api.github.com/repos/appium/appium/pulls/5492,https://api.github.com/repos/appium/appium/issues/5492,closed,2015-08-11,2015-08-14,2015-08-12,fb4ddb754f27d93ce84b80aa6e8006a90cefd071
arunnat,https://api.github.com/repos/appium/appium/pulls/5485,https://api.github.com/repos/appium/appium/issues/5485,closed,2015-08-07,2015-08-10,2015-08-10,214e04b23ed89745b9a45617d2884186a7064b73
moizjv,https://api.github.com/repos/appium/appium/pulls/5480,https://api.github.com/repos/appium/appium/issues/5480,closed,2015-08-07,2015-08-07,2015-08-07,609d289833607e38e82d62880c7de3bd63b0ed84
moizjv,https://api.github.com/repos/appium/appium/pulls/5478,https://api.github.com/repos/appium/appium/issues/5478,closed,2015-08-06,2015-08-06,2015-08-06,a0e7c92ec01ed204d439cf07ebe0aebca14759d1
theyelllowdart,https://api.github.com/repos/appium/appium/pulls/5462,https://api.github.com/repos/appium/appium/issues/5462,closed,2015-08-03,2016-03-04,,1c58ea0e767415de5c04e2f93290d276c5ff51ea
moizjv,https://api.github.com/repos/appium/appium/pulls/5438,https://api.github.com/repos/appium/appium/issues/5438,closed,2015-07-27,2015-07-28,2015-07-28,270d7dcf5c21883786f790d76e273c583de8c2dc
mjdetullio,https://api.github.com/repos/appium/appium/pulls/5428,https://api.github.com/repos/appium/appium/issues/5428,closed,2015-07-23,2015-07-27,2015-07-27,92991a7546d2e8802952311993d312f99e4d7759
mjdetullio,https://api.github.com/repos/appium/appium/pulls/5422,https://api.github.com/repos/appium/appium/issues/5422,closed,2015-07-22,2015-07-27,2015-07-27,d5a8e65b973a0d29962f488325d56719bf50eb0e
imurchie,https://api.github.com/repos/appium/appium/pulls/5412,https://api.github.com/repos/appium/appium/issues/5412,closed,2015-07-21,2015-11-19,2015-07-21,b03a75680a8c928154fc9f6735d540e18b13d85c
imurchie,https://api.github.com/repos/appium/appium/pulls/5405,https://api.github.com/repos/appium/appium/issues/5405,closed,2015-07-20,2015-07-20,2015-07-20,45c9b62da454a657e17d4387855089f3d7b422df
bayandin,https://api.github.com/repos/appium/appium/pulls/5399,https://api.github.com/repos/appium/appium/issues/5399,closed,2015-07-19,2015-07-20,2015-07-20,a3d1004d18c835248c19ea44ccb13ce5d393a17f
jlipps,https://api.github.com/repos/appium/appium/pulls/5395,https://api.github.com/repos/appium/appium/issues/5395,closed,2015-07-17,2015-07-31,2015-07-31,bdf8df174062ed7552318076a381cd4340526e70
Jonahss,https://api.github.com/repos/appium/appium/pulls/5383,https://api.github.com/repos/appium/appium/issues/5383,closed,2015-07-15,2015-07-15,2015-07-15,9542e5f08f16d34283662db41f81698de33cd141
bayandin,https://api.github.com/repos/appium/appium/pulls/5366,https://api.github.com/repos/appium/appium/issues/5366,closed,2015-07-11,2015-07-17,,beb28fd20a740f24cd67d4f7daef4c22f2ad02b2
fernyb,https://api.github.com/repos/appium/appium/pulls/5365,https://api.github.com/repos/appium/appium/issues/5365,closed,2015-07-11,2016-03-04,,311a190063b724bf454caca7a8cd7411e81a5116
Jonahss,https://api.github.com/repos/appium/appium/pulls/5362,https://api.github.com/repos/appium/appium/issues/5362,closed,2015-07-10,2015-07-10,2015-07-10,55bdf6e7244c30b0b2994b471217a45bcad7c211
moizjv,https://api.github.com/repos/appium/appium/pulls/5330,https://api.github.com/repos/appium/appium/issues/5330,closed,2015-07-02,2015-07-02,2015-07-02,878daa1b3ab95f9c78ceb58aa6a4626003495b9a
moizjv,https://api.github.com/repos/appium/appium/pulls/5329,https://api.github.com/repos/appium/appium/issues/5329,closed,2015-07-02,2015-07-02,2015-07-02,1c81428284cd647b07dbbe9b0224b2c5aecfb644
moizjv,https://api.github.com/repos/appium/appium/pulls/5328,https://api.github.com/repos/appium/appium/issues/5328,closed,2015-07-02,2015-07-02,2015-07-02,e508d5efd9036056043cc4d722050acf84ffd926
moizjv,https://api.github.com/repos/appium/appium/pulls/5327,https://api.github.com/repos/appium/appium/issues/5327,closed,2015-07-01,2015-07-01,2015-07-01,f1f72d917db065c598b210a38e141e2d1f6c8970
stkomitov,https://api.github.com/repos/appium/appium/pulls/5315,https://api.github.com/repos/appium/appium/issues/5315,closed,2015-06-30,2016-03-04,,3bb851c78d8b04f4951bf5ca9b3b403bc9dd0dac
moizjv,https://api.github.com/repos/appium/appium/pulls/5314,https://api.github.com/repos/appium/appium/issues/5314,closed,2015-06-30,2015-06-30,2015-06-30,a6127fcb3068e3f1d608d87702e58d39f253ab3d
d0lfin,https://api.github.com/repos/appium/appium/pulls/5308,https://api.github.com/repos/appium/appium/issues/5308,closed,2015-06-26,2015-07-17,2015-07-17,ca676dc8fa0de61191680e54871b504f5e485726
sebv,https://api.github.com/repos/appium/appium/pulls/5282,https://api.github.com/repos/appium/appium/issues/5282,closed,2015-06-19,2018-12-10,,c5d5491ac141bfc7528479b96efa7d8b42955918
sebv,https://api.github.com/repos/appium/appium/pulls/5279,https://api.github.com/repos/appium/appium/issues/5279,closed,2015-06-19,2015-11-19,2015-06-22,8cda4b2603ec9860947ed797c02d9c126f635374
moizjv,https://api.github.com/repos/appium/appium/pulls/5273,https://api.github.com/repos/appium/appium/issues/5273,closed,2015-06-18,2015-06-22,,d2ca06c65a5aff84f3ece01302006cb314c423a6
imurchie,https://api.github.com/repos/appium/appium/pulls/5248,https://api.github.com/repos/appium/appium/issues/5248,closed,2015-06-11,2015-06-11,2015-06-11,6701a607e19874909da591e0c46599a857252957
icecrystal23,https://api.github.com/repos/appium/appium/pulls/5247,https://api.github.com/repos/appium/appium/issues/5247,closed,2015-06-11,2015-06-11,2015-06-11,6049b0c9234dbcaa7c9bdc446bc4785cf8508179
WKPlus,https://api.github.com/repos/appium/appium/pulls/5242,https://api.github.com/repos/appium/appium/issues/5242,closed,2015-06-11,2015-06-11,2015-06-11,95a0cc94c7e4769a7fc2e9509882f213e791d0e1
imurchie,https://api.github.com/repos/appium/appium/pulls/5238,https://api.github.com/repos/appium/appium/issues/5238,closed,2015-06-10,2015-06-10,2015-06-10,200a4e53d09a7da54e7eb06aae6a6032dd103b89
jlipps,https://api.github.com/repos/appium/appium/pulls/5232,https://api.github.com/repos/appium/appium/issues/5232,closed,2015-06-09,2015-06-19,,7b885aa565ed1d29ab05292950d7c0296fca8782
romainlouvet,https://api.github.com/repos/appium/appium/pulls/5228,https://api.github.com/repos/appium/appium/issues/5228,closed,2015-06-09,2015-06-09,,60733b320952651da241b348143434ca2dc5f88d
xudafeng,https://api.github.com/repos/appium/appium/pulls/5227,https://api.github.com/repos/appium/appium/issues/5227,closed,2015-06-09,2015-06-09,,c14837a0ac17a136144184ce94f083819ce54208
bayandin,https://api.github.com/repos/appium/appium/pulls/5224,https://api.github.com/repos/appium/appium/issues/5224,closed,2015-06-08,2015-06-08,,06562777bb665df3db71731c9940c1f5cab6b748
imurchie,https://api.github.com/repos/appium/appium/pulls/5217,https://api.github.com/repos/appium/appium/issues/5217,closed,2015-06-05,2015-06-08,2015-06-08,52eb6a60990bcfd52be314b13b61926e0a05a566
imurchie,https://api.github.com/repos/appium/appium/pulls/5205,https://api.github.com/repos/appium/appium/issues/5205,closed,2015-06-03,2015-06-03,2015-06-03,4378b71774df46567c463b77dbeead6b9680c4d4
imurchie,https://api.github.com/repos/appium/appium/pulls/5196,https://api.github.com/repos/appium/appium/issues/5196,closed,2015-06-02,2015-06-02,2015-06-02,ed7ddd0d315430d54ec90e381342a6baf4131c26
imurchie,https://api.github.com/repos/appium/appium/pulls/5189,https://api.github.com/repos/appium/appium/issues/5189,closed,2015-06-01,2015-06-02,2015-06-02,27f9b18f6a7b83841af157aa4bb61e8f298d12a9
Jonahss,https://api.github.com/repos/appium/appium/pulls/5183,https://api.github.com/repos/appium/appium/issues/5183,closed,2015-05-29,2015-05-29,2015-05-29,8491c590fc652b876bbae9741752fe841e8f4a26
imurchie,https://api.github.com/repos/appium/appium/pulls/5179,https://api.github.com/repos/appium/appium/issues/5179,closed,2015-05-28,2015-05-28,2015-05-28,085e3c4a89df0019bd74ff39955138e10fb49c57
whoward,https://api.github.com/repos/appium/appium/pulls/5174,https://api.github.com/repos/appium/appium/issues/5174,closed,2015-05-27,2015-06-02,2015-06-02,67ea0096bd2e4657c957f48a98ea4d3b530b79ab
sebv,https://api.github.com/repos/appium/appium/pulls/5168,https://api.github.com/repos/appium/appium/issues/5168,closed,2015-05-27,2015-05-28,2015-05-28,46c5f306ae1456d5869da4c091280a6c3c00b767
imurchie,https://api.github.com/repos/appium/appium/pulls/5163,https://api.github.com/repos/appium/appium/issues/5163,closed,2015-05-26,2015-05-26,2015-05-26,c8aff1a387fc8e4a9736a0b0e3755ed512c2d6a9
imurchie,https://api.github.com/repos/appium/appium/pulls/5154,https://api.github.com/repos/appium/appium/issues/5154,closed,2015-05-22,2015-05-25,2015-05-25,b5bf00335e6100feb9ec4808a4a684853cc83bc7
whoward,https://api.github.com/repos/appium/appium/pulls/5153,https://api.github.com/repos/appium/appium/issues/5153,closed,2015-05-22,2015-05-26,2015-05-26,cb0a292502e52fb3f595b3f05de62729a427f042
yaphatak,https://api.github.com/repos/appium/appium/pulls/5132,https://api.github.com/repos/appium/appium/issues/5132,closed,2015-05-18,2015-09-04,,c8bfe80060393e9d707c5001b6aa90ab81ab3582
lihuazhang,https://api.github.com/repos/appium/appium/pulls/5120,https://api.github.com/repos/appium/appium/issues/5120,closed,2015-05-14,2015-05-26,,13d5bc48a52952bc17694138d5c64647aa134837
yaphatak,https://api.github.com/repos/appium/appium/pulls/5118,https://api.github.com/repos/appium/appium/issues/5118,closed,2015-05-13,2015-05-15,2015-05-15,22ffe3415bcd51506f6786a55f960df910a29a55
jlipps,https://api.github.com/repos/appium/appium/pulls/5112,https://api.github.com/repos/appium/appium/issues/5112,closed,2015-05-12,2015-05-12,2015-05-12,20ad77954b3931c46f82731945f128e8ca36f6c0
yaphatak,https://api.github.com/repos/appium/appium/pulls/5111,https://api.github.com/repos/appium/appium/issues/5111,closed,2015-05-12,2015-05-13,,cab5d5d0a00cbf8330465f6d84bc919cf70115a9
moizjv,https://api.github.com/repos/appium/appium/pulls/5103,https://api.github.com/repos/appium/appium/issues/5103,closed,2015-05-12,2015-05-12,2015-05-12,e0b721ab9ff1de15c32cc37cecf9db522ed9edfe
jlipps,https://api.github.com/repos/appium/appium/pulls/5101,https://api.github.com/repos/appium/appium/issues/5101,closed,2015-05-11,2015-05-11,2015-05-11,be0776f44cbfd4e61bc2e365598d4ef49550d3b3
Jonahss,https://api.github.com/repos/appium/appium/pulls/5088,https://api.github.com/repos/appium/appium/issues/5088,closed,2015-05-09,2015-05-11,2015-05-11,5cbc61b11609e16936c72ea5a49040f589449d6d
moizjv,https://api.github.com/repos/appium/appium/pulls/5086,https://api.github.com/repos/appium/appium/issues/5086,closed,2015-05-08,2015-05-08,2015-05-08,a0bcce8f0ea9839a0ea92c61565f356ad7f5fe4b
moizjv,https://api.github.com/repos/appium/appium/pulls/5071,https://api.github.com/repos/appium/appium/issues/5071,closed,2015-05-06,2015-05-06,2015-05-06,ff897cfaf36fb0dadd882fadad8a872a12ec6875
Jonahss,https://api.github.com/repos/appium/appium/pulls/5069,https://api.github.com/repos/appium/appium/issues/5069,closed,2015-05-06,2015-05-07,2015-05-07,5272ebfc276e8b9d812e8b4009bde37f7ede3459
imurchie,https://api.github.com/repos/appium/appium/pulls/5067,https://api.github.com/repos/appium/appium/issues/5067,closed,2015-05-06,2015-05-06,2015-05-06,15205c0efddbfde1a38721eac4df2247fcc5f169
moizjv,https://api.github.com/repos/appium/appium/pulls/5064,https://api.github.com/repos/appium/appium/issues/5064,closed,2015-05-06,2015-05-06,2015-05-06,a179c3829409e000207332370befb89babd17826
Jonahss,https://api.github.com/repos/appium/appium/pulls/5062,https://api.github.com/repos/appium/appium/issues/5062,closed,2015-05-05,2015-05-06,2015-05-06,dab7142155d8233175baacdc37bdc5807dc599ee
moizjv,https://api.github.com/repos/appium/appium/pulls/5058,https://api.github.com/repos/appium/appium/issues/5058,closed,2015-05-05,2015-05-05,2015-05-05,0c07475ee5a9b2f0e530336e43c042f05d901e7c
moizjv,https://api.github.com/repos/appium/appium/pulls/5057,https://api.github.com/repos/appium/appium/issues/5057,closed,2015-05-05,2015-05-05,2015-05-05,8fbd3fd61aa70944266e3dca4f1dda66f3412535
imurchie,https://api.github.com/repos/appium/appium/pulls/5045,https://api.github.com/repos/appium/appium/issues/5045,closed,2015-05-04,2015-05-04,2015-05-04,7b6aa88a8e6c94795835edf4c42d1e5fa5cc7cc3
penguinho,https://api.github.com/repos/appium/appium/pulls/5040,https://api.github.com/repos/appium/appium/issues/5040,closed,2015-05-03,2015-05-04,2015-05-03,8fc00ff53c39f6fbb72bfd44e1a9f2bb29f871e7
jlipps,https://api.github.com/repos/appium/appium/pulls/5036,https://api.github.com/repos/appium/appium/issues/5036,closed,2015-05-01,2015-05-01,2015-05-01,17f020a18156bc6bc470e66e748bde6d8a38ceef
moizjv,https://api.github.com/repos/appium/appium/pulls/5022,https://api.github.com/repos/appium/appium/issues/5022,closed,2015-04-29,2015-05-01,2015-05-01,9aa96d20988b5ab2dd01f60a519e791f8807fb5e
jlipps,https://api.github.com/repos/appium/appium/pulls/5019,https://api.github.com/repos/appium/appium/issues/5019,closed,2015-04-29,2015-04-29,2015-04-29,da56248774d67104807038185fbf89285db88e2e
imurchie,https://api.github.com/repos/appium/appium/pulls/5017,https://api.github.com/repos/appium/appium/issues/5017,closed,2015-04-28,2015-04-29,2015-04-29,1a0695b3c8f1eaec97e49c2294b13ebb5acc178e
moizjv,https://api.github.com/repos/appium/appium/pulls/5016,https://api.github.com/repos/appium/appium/issues/5016,closed,2015-04-28,2015-04-28,2015-04-28,e6d9cd10ecccae5294c2d12ae4509def43630b81
Jonahss,https://api.github.com/repos/appium/appium/pulls/5010,https://api.github.com/repos/appium/appium/issues/5010,closed,2015-04-27,2015-05-01,2015-05-01,2a4bbec64b22a3cd238a2871e41e0481be8892f7
moizjv,https://api.github.com/repos/appium/appium/pulls/5009,https://api.github.com/repos/appium/appium/issues/5009,closed,2015-04-27,2015-04-28,2015-04-28,ed3d7085c99f484bb561a3252454b48d765c36b5
moizjv,https://api.github.com/repos/appium/appium/pulls/5003,https://api.github.com/repos/appium/appium/issues/5003,closed,2015-04-27,2015-04-27,2015-04-27,79ea9db5d30c1fe1b6d29df0b4db01b0da7c29b5
moizjv,https://api.github.com/repos/appium/appium/pulls/5001,https://api.github.com/repos/appium/appium/issues/5001,closed,2015-04-24,2015-04-24,2015-04-24,71a0baa047cdea6a65c2f1c543da92fffee16ef6
Annnd,https://api.github.com/repos/appium/appium/pulls/4998,https://api.github.com/repos/appium/appium/issues/4998,closed,2015-04-24,2015-04-24,2015-04-24,2cc470077422294c91fb2baa2e0dcc03dbd85bf5
imurchie,https://api.github.com/repos/appium/appium/pulls/4994,https://api.github.com/repos/appium/appium/issues/4994,closed,2015-04-23,2015-04-23,2015-04-23,e205f99b0189db6329157b6deafdab7d3b302aea
moizjv,https://api.github.com/repos/appium/appium/pulls/4991,https://api.github.com/repos/appium/appium/issues/4991,closed,2015-04-22,2015-04-23,2015-04-23,884473bd939bcbc0d588eaaaafaa528aee117021
moizjv,https://api.github.com/repos/appium/appium/pulls/4990,https://api.github.com/repos/appium/appium/issues/4990,closed,2015-04-22,2015-04-22,2015-04-22,6ff2c24543a2045febf38bdafb3c5a677ee05e48
imurchie,https://api.github.com/repos/appium/appium/pulls/4984,https://api.github.com/repos/appium/appium/issues/4984,closed,2015-04-21,2015-04-21,2015-04-21,1fea7bb6889cb96f56c9a715f3c2700deff46c6b
moizjv,https://api.github.com/repos/appium/appium/pulls/4980,https://api.github.com/repos/appium/appium/issues/4980,closed,2015-04-21,2015-04-21,2015-04-21,181a6a30a4e9844cf8e2175dac0b5e41098fce24
imurchie,https://api.github.com/repos/appium/appium/pulls/4976,https://api.github.com/repos/appium/appium/issues/4976,closed,2015-04-21,2015-04-21,2015-04-21,f53933f16bb198f02cfaddcd7936f1082f59a4c4
siriwit,https://api.github.com/repos/appium/appium/pulls/4973,https://api.github.com/repos/appium/appium/issues/4973,closed,2015-04-21,2015-04-24,2015-04-24,b9a0c237d9df07e3bb6fde7de5797797a6a06f5f
moizjv,https://api.github.com/repos/appium/appium/pulls/4970,https://api.github.com/repos/appium/appium/issues/4970,closed,2015-04-21,2016-08-23,2015-04-21,c322222edc68eae4eb8bd5d7c01094c3187258c4
imurchie,https://api.github.com/repos/appium/appium/pulls/4967,https://api.github.com/repos/appium/appium/issues/4967,closed,2015-04-20,2015-04-21,2015-04-21,d526cb543fb515795152c5ed4e64c6efadc4a87b
paymand,https://api.github.com/repos/appium/appium/pulls/4964,https://api.github.com/repos/appium/appium/issues/4964,closed,2015-04-20,2015-04-21,2015-04-21,c12680485e4aa85049b7afbb7925ce0d933178f1
penguinho,https://api.github.com/repos/appium/appium/pulls/4957,https://api.github.com/repos/appium/appium/issues/4957,closed,2015-04-19,2015-04-24,2015-04-24,cacf60c1ea3b56c2ddf303b5f4d9131dd8b7182b
penguinho,https://api.github.com/repos/appium/appium/pulls/4954,https://api.github.com/repos/appium/appium/issues/4954,closed,2015-04-18,2015-04-18,2015-04-18,044e77faf24ba8603cc4672f11a0b57cb0628955
hyeung-trulia,https://api.github.com/repos/appium/appium/pulls/4953,https://api.github.com/repos/appium/appium/issues/4953,closed,2015-04-18,2015-05-26,,690c807c9894612d00b74e59e6ebb6db0d20618d
0x1mason,https://api.github.com/repos/appium/appium/pulls/4948,https://api.github.com/repos/appium/appium/issues/4948,closed,2015-04-17,2015-04-17,2015-04-17,0d634f24d9fc224c4f1a3116190cfc8167185476
bootstraponline,https://api.github.com/repos/appium/appium/pulls/4945,https://api.github.com/repos/appium/appium/issues/4945,closed,2015-04-17,2015-04-21,2015-04-21,00af709f19f7ae77b294af92c6455bef3d170501
imurchie,https://api.github.com/repos/appium/appium/pulls/4942,https://api.github.com/repos/appium/appium/issues/4942,closed,2015-04-16,2015-04-16,2015-04-16,540170155e24c13f1bb1b64d47e011f1ff9428c9
0x1mason,https://api.github.com/repos/appium/appium/pulls/4941,https://api.github.com/repos/appium/appium/issues/4941,closed,2015-04-16,2015-04-16,2015-04-16,3facae5a430d6fdc187430555bae6f3645bbb186
0x1mason,https://api.github.com/repos/appium/appium/pulls/4940,https://api.github.com/repos/appium/appium/issues/4940,closed,2015-04-16,2015-04-16,2015-04-16,5580ec63c1422addf75014611e755e582f87568d
moizjv,https://api.github.com/repos/appium/appium/pulls/4929,https://api.github.com/repos/appium/appium/issues/4929,closed,2015-04-15,2015-04-15,2015-04-15,8cba9e810b9569fe395e29b7e0151aafd8138ca6
jlipps,https://api.github.com/repos/appium/appium/pulls/4928,https://api.github.com/repos/appium/appium/issues/4928,closed,2015-04-15,2015-06-23,2015-04-16,eb33b5b1cde0f59382fb0bb64f10c9f256a0ede7
paymand,https://api.github.com/repos/appium/appium/pulls/4921,https://api.github.com/repos/appium/appium/issues/4921,closed,2015-04-15,2015-04-15,2015-04-15,839f8618673d792e71b8087ea52dbfbdb5c342bb
redshirtrob,https://api.github.com/repos/appium/appium/pulls/4918,https://api.github.com/repos/appium/appium/issues/4918,closed,2015-04-15,2015-04-15,2015-04-15,006fec47f4f35105615f68061b29ddf8f604d91b
imurchie,https://api.github.com/repos/appium/appium/pulls/4914,https://api.github.com/repos/appium/appium/issues/4914,closed,2015-04-14,2015-04-16,2015-04-16,091cee068d11d4d254b96c7a4cd501a0429ff90e
jlipps,https://api.github.com/repos/appium/appium/pulls/4913,https://api.github.com/repos/appium/appium/issues/4913,closed,2015-04-14,2015-04-15,2015-04-15,77242063a18262e710b7228180ab461c87826fad
moizjv,https://api.github.com/repos/appium/appium/pulls/4912,https://api.github.com/repos/appium/appium/issues/4912,closed,2015-04-14,2015-04-14,2015-04-14,1a1efb8e07aa7fe792f0a0404f69d5d5543d80f2
jlipps,https://api.github.com/repos/appium/appium/pulls/4907,https://api.github.com/repos/appium/appium/issues/4907,closed,2015-04-13,2015-04-14,2015-04-14,1601fd5aabffcdb50005d62af148bd0a82c7018e
jlipps,https://api.github.com/repos/appium/appium/pulls/4905,https://api.github.com/repos/appium/appium/issues/4905,closed,2015-04-13,2015-04-13,2015-04-13,b9e4d48569b3e583d30a761f937e1ca492d6c886
imurchie,https://api.github.com/repos/appium/appium/pulls/4903,https://api.github.com/repos/appium/appium/issues/4903,closed,2015-04-13,2015-04-13,2015-04-13,801fa1d57c7bfe8264aa6ded6004c0d62ddcd2f5
imurchie,https://api.github.com/repos/appium/appium/pulls/4899,https://api.github.com/repos/appium/appium/issues/4899,closed,2015-04-12,2015-04-23,2015-04-23,4e5145b16437ddb4673ec5b6b24bae880f4232b0
Jonahss,https://api.github.com/repos/appium/appium/pulls/4894,https://api.github.com/repos/appium/appium/issues/4894,closed,2015-04-11,2015-04-13,2015-04-13,876ac30d185133a1e5ccd0b2e500a39fab526757
Jonahss,https://api.github.com/repos/appium/appium/pulls/4892,https://api.github.com/repos/appium/appium/issues/4892,closed,2015-04-10,2015-04-10,2015-04-10,a478bb19ede043c6bfb063dd13f5d58b4b898293
Jonahss,https://api.github.com/repos/appium/appium/pulls/4877,https://api.github.com/repos/appium/appium/issues/4877,closed,2015-04-08,2015-04-08,2015-04-08,d6661e130d3c9afeecbd0253abfb4e5fc47abf0d
teragoon,https://api.github.com/repos/appium/appium/pulls/4872,https://api.github.com/repos/appium/appium/issues/4872,closed,2015-04-08,2015-04-15,,ce79c6933a6c483576b0c96e027e301838d64509
Jonahss,https://api.github.com/repos/appium/appium/pulls/4871,https://api.github.com/repos/appium/appium/issues/4871,closed,2015-04-07,2015-04-10,2015-04-10,fa23af392dbdb823eb2ec9a7f7aaeabb6d9f5a19
Jonahss,https://api.github.com/repos/appium/appium/pulls/4870,https://api.github.com/repos/appium/appium/issues/4870,closed,2015-04-07,2015-04-07,,cc2c37939acb0a749aaccf3ffc9d4710e10a5116
0x1mason,https://api.github.com/repos/appium/appium/pulls/4855,https://api.github.com/repos/appium/appium/issues/4855,closed,2015-04-03,2015-04-03,2015-04-03,fdc3b9de6e1340b2fc5905317bf4960ee514990a
nwlunatic,https://api.github.com/repos/appium/appium/pulls/4851,https://api.github.com/repos/appium/appium/issues/4851,closed,2015-04-03,2015-04-09,2015-04-08,94d95825aa5b94fdb4f15ee4d04917db11cb8d35
tarunsujit,https://api.github.com/repos/appium/appium/pulls/4846,https://api.github.com/repos/appium/appium/issues/4846,closed,2015-04-02,2015-04-04,2015-04-03,efb20d21e864834444d8f14d8786bdaa7e06ce29
0x1mason,https://api.github.com/repos/appium/appium/pulls/4845,https://api.github.com/repos/appium/appium/issues/4845,closed,2015-04-02,2015-04-22,,72beb07bf55ee73bc8d775f87d47e3f02f3478b6
amake,https://api.github.com/repos/appium/appium/pulls/4843,https://api.github.com/repos/appium/appium/issues/4843,closed,2015-04-02,2015-04-08,2015-04-02,6462010164f378d0bc8167d3832b7e44db603e2e
tarunsujit,https://api.github.com/repos/appium/appium/pulls/4841,https://api.github.com/repos/appium/appium/issues/4841,closed,2015-04-02,2015-04-02,,0e1b1726d36900d420d87c33df675eccd3e9293f
imurchie,https://api.github.com/repos/appium/appium/pulls/4840,https://api.github.com/repos/appium/appium/issues/4840,closed,2015-04-01,2015-04-02,2015-04-02,ee97acc3a399c4502022d476923b4947768c6d4c
imurchie,https://api.github.com/repos/appium/appium/pulls/4837,https://api.github.com/repos/appium/appium/issues/4837,closed,2015-04-01,2015-04-02,2015-04-02,fe844abbb500d4e222d7a4542e41789a86455867
sangeethasriniv,https://api.github.com/repos/appium/appium/pulls/4826,https://api.github.com/repos/appium/appium/issues/4826,closed,2015-03-31,2015-04-13,,e885e71dc24a0d4743f8a266368decc2a3d790fa
jlipps,https://api.github.com/repos/appium/appium/pulls/4823,https://api.github.com/repos/appium/appium/issues/4823,closed,2015-03-31,2015-03-31,2015-03-31,4d24b7029b334349d8f96feb46f17f917d68ef3a
bayandin,https://api.github.com/repos/appium/appium/pulls/4814,https://api.github.com/repos/appium/appium/issues/4814,closed,2015-03-31,2015-03-31,2015-03-31,f0834ea19954e682276e21a347b8461d6c3df146
imurchie,https://api.github.com/repos/appium/appium/pulls/4801,https://api.github.com/repos/appium/appium/issues/4801,closed,2015-03-27,2015-03-27,2015-03-27,9d97e9061b2b994e6d434c1c085187979f739888
SBoudrias,https://api.github.com/repos/appium/appium/pulls/4798,https://api.github.com/repos/appium/appium/issues/4798,closed,2015-03-26,2015-03-27,2015-03-27,e5dccc70ebb21afa44547cde7ae5ed35842dc7b2
jlipps,https://api.github.com/repos/appium/appium/pulls/4796,https://api.github.com/repos/appium/appium/issues/4796,closed,2015-03-26,2015-03-27,2015-03-27,b105b1bebc6713d57a18feb15a260e3bb1164fd5
0x1mason,https://api.github.com/repos/appium/appium/pulls/4795,https://api.github.com/repos/appium/appium/issues/4795,closed,2015-03-26,2015-04-07,2015-03-27,084da06085eb5e7ca9da2b7673a2860704013339
aleks2a,https://api.github.com/repos/appium/appium/pulls/4794,https://api.github.com/repos/appium/appium/issues/4794,closed,2015-03-26,2015-03-27,2015-03-27,bacdad8f1b499682a0a27638fc29cee1188ac619
paymand,https://api.github.com/repos/appium/appium/pulls/4790,https://api.github.com/repos/appium/appium/issues/4790,closed,2015-03-26,2015-04-07,2015-03-27,c44534e354a314a4c4d58400a89f4553b5f84424
jlipps,https://api.github.com/repos/appium/appium/pulls/4783,https://api.github.com/repos/appium/appium/issues/4783,closed,2015-03-25,2015-03-26,2015-03-26,29bdbcb0b1318983c0764549c3ffec17e41d6199
imurchie,https://api.github.com/repos/appium/appium/pulls/4782,https://api.github.com/repos/appium/appium/issues/4782,closed,2015-03-25,2015-03-26,2015-03-26,edd04c96eb5e58a641a83535e70f3b06bdc004aa
0x1mason,https://api.github.com/repos/appium/appium/pulls/4778,https://api.github.com/repos/appium/appium/issues/4778,closed,2015-03-25,2015-03-25,2015-03-25,17c7a81bc84199269a8e587d3c1ee79b2a8d7691
tarunsujit,https://api.github.com/repos/appium/appium/pulls/4771,https://api.github.com/repos/appium/appium/issues/4771,closed,2015-03-25,2015-03-27,2015-03-27,02c84e4daa92069d6fbbf6fdb376f6072f4285cc
Jonahss,https://api.github.com/repos/appium/appium/pulls/4768,https://api.github.com/repos/appium/appium/issues/4768,closed,2015-03-24,2015-04-03,,cf64fbaaf529d32df077b7e0b83d2ca3d7e22957
filipesperandio,https://api.github.com/repos/appium/appium/pulls/4766,https://api.github.com/repos/appium/appium/issues/4766,closed,2015-03-24,2015-03-26,2015-03-26,647e5e74f6e737f5cebf947c6a3b2ee186d64141
0x1mason,https://api.github.com/repos/appium/appium/pulls/4764,https://api.github.com/repos/appium/appium/issues/4764,closed,2015-03-24,2015-03-24,2015-03-24,f6810da7dcd99d1fe3b339321dd16487b2c8fb03
Jonahss,https://api.github.com/repos/appium/appium/pulls/4757,https://api.github.com/repos/appium/appium/issues/4757,closed,2015-03-24,2015-03-24,2015-03-24,250a34e48800b0d91b1244b35dae42cef4045863
VinceBarresi,https://api.github.com/repos/appium/appium/pulls/4752,https://api.github.com/repos/appium/appium/issues/4752,closed,2015-03-23,2015-03-26,,91f10ba20f78b07b6b05f164cc71335877dd5caf
SBoudrias,https://api.github.com/repos/appium/appium/pulls/4729,https://api.github.com/repos/appium/appium/issues/4729,closed,2015-03-18,2015-04-09,2015-03-26,5917e9b87fa9ffd62241c9c348d99057d8156365
0x1mason,https://api.github.com/repos/appium/appium/pulls/4726,https://api.github.com/repos/appium/appium/issues/4726,closed,2015-03-17,2015-03-18,2015-03-18,fd179a689297226d4bb7c3c386a66f865db5b40d
0x1mason,https://api.github.com/repos/appium/appium/pulls/4721,https://api.github.com/repos/appium/appium/issues/4721,closed,2015-03-16,2015-03-18,2015-03-17,b2ab6f09f769c4b5279e7c7c8593d4072c10f20a
lihuazhang,https://api.github.com/repos/appium/appium/pulls/4715,https://api.github.com/repos/appium/appium/issues/4715,closed,2015-03-14,2015-03-14,2015-03-14,a2b1dfccbf1eabbb9fc064619cf0b9f63aa097ea
KazuCocoa,https://api.github.com/repos/appium/appium/pulls/4714,https://api.github.com/repos/appium/appium/issues/4714,closed,2015-03-14,2015-03-15,2015-03-14,c55784b42b96277c88ad0f62e52cf7c27a1fb78c
0x1mason,https://api.github.com/repos/appium/appium/pulls/4712,https://api.github.com/repos/appium/appium/issues/4712,closed,2015-03-13,2015-03-13,,8989f67243a2a671e185fab70a6c1a3721e4da80
imurchie,https://api.github.com/repos/appium/appium/pulls/4704,https://api.github.com/repos/appium/appium/issues/4704,closed,2015-03-13,2015-03-13,2015-03-13,b819545f0a1a16007a266494c3ca4b44fa52ec23
jlipps,https://api.github.com/repos/appium/appium/pulls/4703,https://api.github.com/repos/appium/appium/issues/4703,closed,2015-03-12,2015-03-12,2015-03-12,8b588560d15228f9c804deefcf6d5d4c88de955e
0x1mason,https://api.github.com/repos/appium/appium/pulls/4697,https://api.github.com/repos/appium/appium/issues/4697,closed,2015-03-11,2015-03-11,2015-03-11,5973eefab7e1075090d75f8b6c50fd17f2732b2e
imurchie,https://api.github.com/repos/appium/appium/pulls/4696,https://api.github.com/repos/appium/appium/issues/4696,closed,2015-03-11,2015-03-20,2015-03-16,3f7f104e5d953f8e8f5ee6a7e02387d200223799
paymand,https://api.github.com/repos/appium/appium/pulls/4693,https://api.github.com/repos/appium/appium/issues/4693,closed,2015-03-11,2015-03-11,,f7bdecfef95f8a2d3f7a7b521aef745564b0c37e
paymand,https://api.github.com/repos/appium/appium/pulls/4692,https://api.github.com/repos/appium/appium/issues/4692,closed,2015-03-11,2015-03-13,2015-03-13,fc9aceff3dfeff8ddcbb545a7c3d62ab23a31375
imurchie,https://api.github.com/repos/appium/appium/pulls/4679,https://api.github.com/repos/appium/appium/issues/4679,closed,2015-03-09,2015-03-09,2015-03-09,a21872a0ce66f9d57b35d75b1db00af690fa78a6
0x1mason,https://api.github.com/repos/appium/appium/pulls/4677,https://api.github.com/repos/appium/appium/issues/4677,closed,2015-03-09,2015-03-09,2015-03-09,2d5ebb481178ff6aab3d7b1353cbd988050bd92c
0x1mason,https://api.github.com/repos/appium/appium/pulls/4676,https://api.github.com/repos/appium/appium/issues/4676,closed,2015-03-09,2015-03-09,,
0x1mason,https://api.github.com/repos/appium/appium/pulls/4674,https://api.github.com/repos/appium/appium/issues/4674,closed,2015-03-09,2015-03-09,2015-03-09,e68ba0a9e4d1f1f73436f30124cb45f46581e0a2
imurchie,https://api.github.com/repos/appium/appium/pulls/4673,https://api.github.com/repos/appium/appium/issues/4673,closed,2015-03-09,2015-03-09,2015-03-09,61b606d42f504b2e18bce8599884c5c3ec767acb
imurchie,https://api.github.com/repos/appium/appium/pulls/4672,https://api.github.com/repos/appium/appium/issues/4672,closed,2015-03-09,2015-03-09,2015-03-09,22602b29311cab8500d9f1008dce8585e4ae511a
paymand,https://api.github.com/repos/appium/appium/pulls/4671,https://api.github.com/repos/appium/appium/issues/4671,closed,2015-03-09,2015-03-10,2015-03-09,7bd8027cc17d5b3062db07be521a1a59d77f7110
bootstraponline,https://api.github.com/repos/appium/appium/pulls/4661,https://api.github.com/repos/appium/appium/issues/4661,closed,2015-03-06,2015-03-07,2015-03-07,0f331dbb2af80c6de7153fcf0c200976f081cc3b
jlipps,https://api.github.com/repos/appium/appium/pulls/4658,https://api.github.com/repos/appium/appium/issues/4658,closed,2015-03-05,2015-03-05,2015-03-05,022605843e76f7d9fc1e445cbbee38a5deee1ff2
0x1mason,https://api.github.com/repos/appium/appium/pulls/4646,https://api.github.com/repos/appium/appium/issues/4646,closed,2015-03-04,2015-03-04,2015-03-04,354748eaa918402801fe096147fe9deee32a72a3
qianyiliushang,https://api.github.com/repos/appium/appium/pulls/4639,https://api.github.com/repos/appium/appium/issues/4639,closed,2015-03-03,2015-03-03,,714bf9bdebee93fdfb272163cb1d774b04f7cab0
paymand,https://api.github.com/repos/appium/appium/pulls/4600,https://api.github.com/repos/appium/appium/issues/4600,closed,2015-02-25,2015-03-04,2015-03-04,adabf0881f24d22ffe3a9c15e9a29f74197c3880
sebv,https://api.github.com/repos/appium/appium/pulls/4594,https://api.github.com/repos/appium/appium/issues/4594,closed,2015-02-24,2015-04-17,2015-03-08,ae78b38e6f864a2f5a676c28843c7943b64f9cc1
paymand,https://api.github.com/repos/appium/appium/pulls/4577,https://api.github.com/repos/appium/appium/issues/4577,closed,2015-02-21,2015-02-26,2015-02-26,da6b8282dc35e178bd4bdf714827e0fb275654fb
paymand,https://api.github.com/repos/appium/appium/pulls/4576,https://api.github.com/repos/appium/appium/issues/4576,closed,2015-02-21,2015-02-24,2015-02-24,8f7d2c87934180af6c4b1a2cbdc75cef78fce2de
0x1mason,https://api.github.com/repos/appium/appium/pulls/4575,https://api.github.com/repos/appium/appium/issues/4575,closed,2015-02-20,2018-12-10,2015-02-20,0a41949c970278ea3e109c2d0e0086d3d4de90fc
0x1mason,https://api.github.com/repos/appium/appium/pulls/4574,https://api.github.com/repos/appium/appium/issues/4574,closed,2015-02-20,2015-02-20,,ebc7b290c7dcdf4c0f181d9fce547a111e6461e5
0x1mason,https://api.github.com/repos/appium/appium/pulls/4556,https://api.github.com/repos/appium/appium/issues/4556,closed,2015-02-17,2015-05-04,2015-03-09,3c571356c73b3909650eb5a8f6023dd5e5e2d417
robfromca,https://api.github.com/repos/appium/appium/pulls/4555,https://api.github.com/repos/appium/appium/issues/4555,closed,2015-02-17,2015-02-18,2015-02-18,2a89312076d5a07dd3b9740d04efba430caaa187
0x1mason,https://api.github.com/repos/appium/appium/pulls/4554,https://api.github.com/repos/appium/appium/issues/4554,closed,2015-02-17,2015-02-18,,bbc5bbd3a115a7d0a2e432df5e5c127f496f1635
slk9,https://api.github.com/repos/appium/appium/pulls/4550,https://api.github.com/repos/appium/appium/issues/4550,closed,2015-02-17,2015-02-18,2015-02-18,a7b302ae54e8811cd55b286635698c2644b7fe50
aluedeke,https://api.github.com/repos/appium/appium/pulls/4541,https://api.github.com/repos/appium/appium/issues/4541,closed,2015-02-16,2015-02-24,,821be818e7837569904fbd16e337ccee1fdd3e0b
0x1mason,https://api.github.com/repos/appium/appium/pulls/4526,https://api.github.com/repos/appium/appium/issues/4526,closed,2015-02-10,2018-12-10,2015-02-10,48c01d4e0026973bb6874f13e9a9f53ce955e593
imurchie,https://api.github.com/repos/appium/appium/pulls/4522,https://api.github.com/repos/appium/appium/issues/4522,closed,2015-02-10,2015-02-17,2015-02-17,9255e244c8c157df920628e4b828271b5c4cf941
sebv,https://api.github.com/repos/appium/appium/pulls/4520,https://api.github.com/repos/appium/appium/issues/4520,closed,2015-02-10,2015-02-10,,66db39f7718eb3dcd97b2616b8739b5803499dbf
scf2k,https://api.github.com/repos/appium/appium/pulls/4519,https://api.github.com/repos/appium/appium/issues/4519,closed,2015-02-10,2015-03-04,2015-03-04,dee011f7bff2709a478c923f8d154d7ae02762cb
sebv,https://api.github.com/repos/appium/appium/pulls/4518,https://api.github.com/repos/appium/appium/issues/4518,closed,2015-02-10,2015-02-10,,3199c13766bc3de6e461f725c5aec0104181c01b
sebv,https://api.github.com/repos/appium/appium/pulls/4517,https://api.github.com/repos/appium/appium/issues/4517,closed,2015-02-10,2015-02-10,,d6c57d265e6b3a0d2b68f0b13f10d6ddc5dd6341
sebv,https://api.github.com/repos/appium/appium/pulls/4515,https://api.github.com/repos/appium/appium/issues/4515,closed,2015-02-10,2015-02-10,,29ee2eaabf17af4b941b2d18d57c372af382d147
sebv,https://api.github.com/repos/appium/appium/pulls/4514,https://api.github.com/repos/appium/appium/issues/4514,closed,2015-02-10,2015-02-10,,dedf8d73ba8f8011e7f4c2f4cd24161b32ecadb9
paymand,https://api.github.com/repos/appium/appium/pulls/4513,https://api.github.com/repos/appium/appium/issues/4513,closed,2015-02-09,2015-02-10,2015-02-10,f982c714f1b69dff121431b0c6a9cd7b9ff65860
sebv,https://api.github.com/repos/appium/appium/pulls/4507,https://api.github.com/repos/appium/appium/issues/4507,closed,2015-02-09,2015-02-10,,8e7f5b8d4732e6cbdc1fba29ad344674f2598a43
paymand,https://api.github.com/repos/appium/appium/pulls/4505,https://api.github.com/repos/appium/appium/issues/4505,closed,2015-02-06,2015-02-06,2015-02-06,6718f0b097bee998306c34a7ffabe4d40ad3492b
bayandin,https://api.github.com/repos/appium/appium/pulls/4494,https://api.github.com/repos/appium/appium/issues/4494,closed,2015-02-05,2015-08-04,,f797329618705513aeae30e4d823d40a8c5ee29a
bayandin,https://api.github.com/repos/appium/appium/pulls/4493,https://api.github.com/repos/appium/appium/issues/4493,closed,2015-02-05,2015-02-07,2015-02-06,be996b45cacc3b452038c0558b71a94041838543
bootstraponline,https://api.github.com/repos/appium/appium/pulls/4467,https://api.github.com/repos/appium/appium/issues/4467,closed,2015-02-01,2015-03-27,2015-03-27,fe084008de32a380c8749c8004d60fde20953ff1
bayandin,https://api.github.com/repos/appium/appium/pulls/4466,https://api.github.com/repos/appium/appium/issues/4466,closed,2015-02-01,2015-02-02,2015-02-02,7b02ea87b4ce20fe156ccc54ddbd95206626352c
sebv,https://api.github.com/repos/appium/appium/pulls/4453,https://api.github.com/repos/appium/appium/issues/4453,closed,2015-01-28,2015-02-02,2015-02-02,e54cc24a15ac04af9fdc7da664c27bf169cc4617
jlipps,https://api.github.com/repos/appium/appium/pulls/4445,https://api.github.com/repos/appium/appium/issues/4445,closed,2015-01-26,2015-02-02,2015-02-02,ea6c4202267dc56b3de8da8a4cc96992786fe407
manadream,https://api.github.com/repos/appium/appium/pulls/4443,https://api.github.com/repos/appium/appium/issues/4443,closed,2015-01-26,2015-03-05,2015-03-05,aaa04dc2fc9ba31c943921d9ec9f449d9dfb9c8d
0x1mason,https://api.github.com/repos/appium/appium/pulls/4431,https://api.github.com/repos/appium/appium/issues/4431,closed,2015-01-22,2015-01-22,2015-01-22,1d433b03bde2ebaaacc07281ccd362cbb4443627
imurchie,https://api.github.com/repos/appium/appium/pulls/4402,https://api.github.com/repos/appium/appium/issues/4402,closed,2015-01-16,2015-01-16,2015-01-16,7bc8c12a91fddb81fdfa571fefcedbebcc3fda9a
paymand,https://api.github.com/repos/appium/appium/pulls/4401,https://api.github.com/repos/appium/appium/issues/4401,closed,2015-01-16,2015-01-16,,53acb661cea7ab5407acbc1a28b7a489e6a25f91
imurchie,https://api.github.com/repos/appium/appium/pulls/4396,https://api.github.com/repos/appium/appium/issues/4396,closed,2015-01-14,2015-01-15,2015-01-15,f269870617ec1331ee3a8896dcc2f37d0fcaa1af
imurchie,https://api.github.com/repos/appium/appium/pulls/4392,https://api.github.com/repos/appium/appium/issues/4392,closed,2015-01-13,2015-01-15,2015-01-15,f05be0007f306e1a170b627b500e0996024c4a85
jlipps,https://api.github.com/repos/appium/appium/pulls/4388,https://api.github.com/repos/appium/appium/issues/4388,closed,2015-01-13,2015-04-09,2015-04-09,54f89d10b2e303f64d88e56ee1c8a06868e6c1f0
jlipps,https://api.github.com/repos/appium/appium/pulls/4387,https://api.github.com/repos/appium/appium/issues/4387,closed,2015-01-12,2015-02-24,2015-02-24,b6f71765f3dca62d7127d0f63188b8ab3bb96a56
imurchie,https://api.github.com/repos/appium/appium/pulls/4385,https://api.github.com/repos/appium/appium/issues/4385,closed,2015-01-12,2015-01-13,2015-01-13,5243b4f0eb8f5e42f7c58031a46b19eb644bc044
0x1mason,https://api.github.com/repos/appium/appium/pulls/4365,https://api.github.com/repos/appium/appium/issues/4365,closed,2015-01-08,2015-01-08,2015-01-08,a9386b26e27ccf128697fd046d89ec891ffc6070
sebv,https://api.github.com/repos/appium/appium/pulls/4345,https://api.github.com/repos/appium/appium/issues/4345,closed,2015-01-06,2015-03-27,,19f9707b1d8cfa5c9318b704d95d22f77a4b07ce
imurchie,https://api.github.com/repos/appium/appium/pulls/4339,https://api.github.com/repos/appium/appium/issues/4339,closed,2015-01-05,2015-01-06,2015-01-06,8046da10f7919b1c96880a6296d4ad3f00b49eb4
imurchie,https://api.github.com/repos/appium/appium/pulls/4293,https://api.github.com/repos/appium/appium/issues/4293,closed,2014-12-19,2014-12-20,2014-12-20,019be9785a0cbd81e828d81486d0a86f1ca39616
imurchie,https://api.github.com/repos/appium/appium/pulls/4278,https://api.github.com/repos/appium/appium/issues/4278,closed,2014-12-16,2015-01-06,2014-12-17,98ebec20508ed647e278be94050b9ac5e6a6d049
imurchie,https://api.github.com/repos/appium/appium/pulls/4269,https://api.github.com/repos/appium/appium/issues/4269,closed,2014-12-15,2014-12-19,2014-12-15,da58f58f95aae69bcfc443ff1bda5114226be176
aluedeke,https://api.github.com/repos/appium/appium/pulls/4266,https://api.github.com/repos/appium/appium/issues/4266,closed,2014-12-15,2014-12-15,,3a34febfd631dcfc5289ed9365a9342a6e59839a
gempesaw,https://api.github.com/repos/appium/appium/pulls/4253,https://api.github.com/repos/appium/appium/issues/4253,closed,2014-12-11,2014-12-16,2014-12-15,4b948abbbc97c5081de15b07921e59674dfeaa9e
aluedeke,https://api.github.com/repos/appium/appium/pulls/4252,https://api.github.com/repos/appium/appium/issues/4252,closed,2014-12-10,2015-01-21,2015-01-21,beb519da63edc427895a831330e6f6e86b65aef7
jlipps,https://api.github.com/repos/appium/appium/pulls/4250,https://api.github.com/repos/appium/appium/issues/4250,closed,2014-12-10,2014-12-13,2014-12-13,b65e4bdfa72cd389f421647d6716fa97d802dc09
imurchie,https://api.github.com/repos/appium/appium/pulls/4249,https://api.github.com/repos/appium/appium/issues/4249,closed,2014-12-10,2015-01-12,2014-12-11,dc6b04ed9899bbe1f2b22799ac88dee847e83874
aluedeke,https://api.github.com/repos/appium/appium/pulls/4247,https://api.github.com/repos/appium/appium/issues/4247,closed,2014-12-10,2014-12-12,2014-12-12,86e16ac1be934909d2786e7bc3e1928fe7deea6c
imurchie,https://api.github.com/repos/appium/appium/pulls/4230,https://api.github.com/repos/appium/appium/issues/4230,closed,2014-12-06,2015-01-12,2014-12-08,3ef3995c1ab8a64be35dcc6a2a8da068cf263b78
sangeethasriniv,https://api.github.com/repos/appium/appium/pulls/4224,https://api.github.com/repos/appium/appium/issues/4224,closed,2014-12-04,2014-12-11,2014-12-11,806430f8d398d9cd0fe24536c0f7197739d8c0e6
imurchie,https://api.github.com/repos/appium/appium/pulls/4212,https://api.github.com/repos/appium/appium/issues/4212,closed,2014-12-02,2015-01-12,2014-12-02,db43390c2e61d3052552e2177f4b5e2c6b034e44
sebv,https://api.github.com/repos/appium/appium/pulls/4191,https://api.github.com/repos/appium/appium/issues/4191,closed,2014-11-28,2014-11-28,2014-11-28,623179274e7a84016a131fb1528a7defd07d4fd2
danail-branekov,https://api.github.com/repos/appium/appium/pulls/4185,https://api.github.com/repos/appium/appium/issues/4185,closed,2014-11-27,2014-11-28,2014-11-28,ce3b5facb36fb1039c6d75101601ff5825aaf682
panozzaj,https://api.github.com/repos/appium/appium/pulls/4181,https://api.github.com/repos/appium/appium/issues/4181,closed,2014-11-26,2014-12-02,2014-12-02,c8d12352d7c5d737cf69af0fd28f58eafee93eac
imurchie,https://api.github.com/repos/appium/appium/pulls/4179,https://api.github.com/repos/appium/appium/issues/4179,closed,2014-11-26,2015-01-12,,c0ddbaffbf39f4c2f731d49d3ee0c3db3129c42f
paymand,https://api.github.com/repos/appium/appium/pulls/4173,https://api.github.com/repos/appium/appium/issues/4173,closed,2014-11-26,2014-11-27,,80e40068c5b92dab43b0783cb846c03d84b09b68
imurchie,https://api.github.com/repos/appium/appium/pulls/4168,https://api.github.com/repos/appium/appium/issues/4168,closed,2014-11-25,2015-01-12,2014-11-25,41fe142a1fdf8a2565afa1ed7235c214fc7230ef
abmish,https://api.github.com/repos/appium/appium/pulls/4165,https://api.github.com/repos/appium/appium/issues/4165,closed,2014-11-25,2014-11-25,2014-11-25,9a1778c5529d31adf331fe618e3dea3208b43aa2
imurchie,https://api.github.com/repos/appium/appium/pulls/4161,https://api.github.com/repos/appium/appium/issues/4161,closed,2014-11-25,2015-01-12,,7e5c3aa86db2ae80592aad6388d919b58e971974
sangeethasriniv,https://api.github.com/repos/appium/appium/pulls/4159,https://api.github.com/repos/appium/appium/issues/4159,closed,2014-11-24,2014-12-04,,8bee41743d75ee5d3359dd72669b00976e68135b
apankov1,https://api.github.com/repos/appium/appium/pulls/4155,https://api.github.com/repos/appium/appium/issues/4155,closed,2014-11-24,2014-11-24,2014-11-24,ee161996909e133de280c1c04c16d832287d1000
paymand,https://api.github.com/repos/appium/appium/pulls/4134,https://api.github.com/repos/appium/appium/issues/4134,closed,2014-11-22,2014-11-24,2014-11-22,779a291fbd40eae169b95bc693a0e3a1d26c178e
paymand,https://api.github.com/repos/appium/appium/pulls/4129,https://api.github.com/repos/appium/appium/issues/4129,closed,2014-11-21,2014-11-24,2014-11-22,09214beeb1d8feac706841055c2ebec1306d479f
imurchie,https://api.github.com/repos/appium/appium/pulls/4118,https://api.github.com/repos/appium/appium/issues/4118,closed,2014-11-20,2015-01-12,2014-11-20,7b4535fcd4e5d22d382974b0b579fd561e0d91f1
0x1mason,https://api.github.com/repos/appium/appium/pulls/4117,https://api.github.com/repos/appium/appium/issues/4117,closed,2014-11-20,2014-11-21,,b53be3aba471d90387de20bf2836f5050ffd06f4
amake,https://api.github.com/repos/appium/appium/pulls/4109,https://api.github.com/repos/appium/appium/issues/4109,closed,2014-11-20,2015-04-03,,87579e590793391c21f0ad787027cb18a88304e9
imurchie,https://api.github.com/repos/appium/appium/pulls/4108,https://api.github.com/repos/appium/appium/issues/4108,closed,2014-11-19,2015-01-12,2014-11-20,0544ee299bb0903dabc7e6fdc8f4ed92db24a547
paymand,https://api.github.com/repos/appium/appium/pulls/4103,https://api.github.com/repos/appium/appium/issues/4103,closed,2014-11-19,2014-11-21,,bdc802d590c3bde57fb3228d66f779f7fdb918e5
imurchie,https://api.github.com/repos/appium/appium/pulls/4095,https://api.github.com/repos/appium/appium/issues/4095,closed,2014-11-18,2015-01-12,2014-11-18,818375121939c5be4eb6531802d02448803b0e17
imurchie,https://api.github.com/repos/appium/appium/pulls/4094,https://api.github.com/repos/appium/appium/issues/4094,closed,2014-11-18,2015-01-12,2014-11-20,3558829597b9d6a86f5d38ff71d66d9110a06863
ktronic80,https://api.github.com/repos/appium/appium/pulls/4092,https://api.github.com/repos/appium/appium/issues/4092,closed,2014-11-18,2014-12-02,2014-12-01,f002891e56f991f48006bcdffaa3a4232c854a09
paymand,https://api.github.com/repos/appium/appium/pulls/4090,https://api.github.com/repos/appium/appium/issues/4090,closed,2014-11-18,2014-11-18,2014-11-18,b9db0c3c7b40efbf1401df7b349923e075699528
sofaking,https://api.github.com/repos/appium/appium/pulls/4089,https://api.github.com/repos/appium/appium/issues/4089,closed,2014-11-18,2014-11-18,,fe0808b1397187e0ecabd4ed701daf8b457feb08
imurchie,https://api.github.com/repos/appium/appium/pulls/4083,https://api.github.com/repos/appium/appium/issues/4083,closed,2014-11-17,2014-12-06,2014-11-18,7b57c82c667729d16b28fcecca09173600f4d175
jlipps,https://api.github.com/repos/appium/appium/pulls/4077,https://api.github.com/repos/appium/appium/issues/4077,closed,2014-11-15,2014-12-15,,7f5988295a8486097ed5e86d56856c974a4d1141
sebv,https://api.github.com/repos/appium/appium/pulls/4073,https://api.github.com/repos/appium/appium/issues/4073,closed,2014-11-14,2014-11-18,2014-11-18,52479d8419ab259c39e5afc8c932fd01e3090723
jdeff,https://api.github.com/repos/appium/appium/pulls/4068,https://api.github.com/repos/appium/appium/issues/4068,closed,2014-11-14,2014-11-18,,cc6fa4cfe5a1026eb926110d6fa167009975b149
imurchie,https://api.github.com/repos/appium/appium/pulls/4061,https://api.github.com/repos/appium/appium/issues/4061,closed,2014-11-13,2014-11-18,,06b7937c58f3c2e09500fd9573cbcfdde86e9233
jlipps,https://api.github.com/repos/appium/appium/pulls/4059,https://api.github.com/repos/appium/appium/issues/4059,closed,2014-11-13,2014-11-13,2014-11-13,068c268be1af0f19f58a3025b6af020a637c46ac
jlipps,https://api.github.com/repos/appium/appium/pulls/4058,https://api.github.com/repos/appium/appium/issues/4058,closed,2014-11-13,2014-11-14,2014-11-13,24d76924b2397d19935887be820ac6eed5e28295
bootstraponline,https://api.github.com/repos/appium/appium/pulls/4046,https://api.github.com/repos/appium/appium/issues/4046,closed,2014-11-13,2014-11-13,2014-11-13,2512a3875491a8c0f83224dfe14df3d2f6aeaa2a
paymand,https://api.github.com/repos/appium/appium/pulls/4044,https://api.github.com/repos/appium/appium/issues/4044,closed,2014-11-12,2015-01-27,,7b871aae9a1e4bba4f1968309d996e928bb64417
0x1mason,https://api.github.com/repos/appium/appium/pulls/4041,https://api.github.com/repos/appium/appium/issues/4041,closed,2014-11-12,2014-11-12,2014-11-12,7329088838b544fb6d6783ff2edca4e0eee5c17a
sebv,https://api.github.com/repos/appium/appium/pulls/4040,https://api.github.com/repos/appium/appium/issues/4040,closed,2014-11-12,2014-11-14,,c77b3f388999b5ee2e91f5e5af0f1d2df0e90fcf
imurchie,https://api.github.com/repos/appium/appium/pulls/4031,https://api.github.com/repos/appium/appium/issues/4031,closed,2014-11-11,2014-11-17,,2f0a05bbccd65b7de8cf263ed516d456213a5f8e
sebv,https://api.github.com/repos/appium/appium/pulls/4027,https://api.github.com/repos/appium/appium/issues/4027,closed,2014-11-11,2014-11-13,,7639568b69ae41b127da09ecd39cdec17fe566cd
bootstraponline,https://api.github.com/repos/appium/appium/pulls/4018,https://api.github.com/repos/appium/appium/issues/4018,closed,2014-11-10,2014-11-13,2014-11-12,631228bf612fe1d1e7eb8eed744804d53d31ddc0
0x1mason,https://api.github.com/repos/appium/appium/pulls/4017,https://api.github.com/repos/appium/appium/issues/4017,closed,2014-11-10,2014-11-10,2014-11-10,b643336fa3a9d18b7bf84a31b785dff33d82cf41
sebv,https://api.github.com/repos/appium/appium/pulls/4008,https://api.github.com/repos/appium/appium/issues/4008,closed,2014-11-09,2014-12-15,,8ada5c77f85fb3e3282cf733364f633e684fdacc
lukeis,https://api.github.com/repos/appium/appium/pulls/4005,https://api.github.com/repos/appium/appium/issues/4005,closed,2014-11-07,2016-02-17,,0173a3b14c2b3dac1d8df30e6881b9348f6ce713
0x1mason,https://api.github.com/repos/appium/appium/pulls/4004,https://api.github.com/repos/appium/appium/issues/4004,closed,2014-11-07,2014-11-10,2014-11-10,f233a56947528a29b0b8160d2e4548ba66db22c5
imurchie,https://api.github.com/repos/appium/appium/pulls/4003,https://api.github.com/repos/appium/appium/issues/4003,closed,2014-11-07,2014-11-17,,e0dd7716287b89204a76866b422cdd8d72923e66
0x1mason,https://api.github.com/repos/appium/appium/pulls/3995,https://api.github.com/repos/appium/appium/issues/3995,closed,2014-11-06,2014-11-10,2014-11-10,ed365f8eba6ba4e42c98be719fb1077ad642bc75
0x1mason,https://api.github.com/repos/appium/appium/pulls/3990,https://api.github.com/repos/appium/appium/issues/3990,closed,2014-11-06,2014-11-10,,3dfe3e60c5b038a398febef02924ee438fa54f13
paymand,https://api.github.com/repos/appium/appium/pulls/3987,https://api.github.com/repos/appium/appium/issues/3987,closed,2014-11-06,2014-11-11,,a546dee47e09926e874ff7b5f0e845d6012d9e37
sebv,https://api.github.com/repos/appium/appium/pulls/3985,https://api.github.com/repos/appium/appium/issues/3985,closed,2014-11-06,2014-11-07,2014-11-07,6459dd2b0ca435e8297e7433c70f0473a37ea2ea
sebv,https://api.github.com/repos/appium/appium/pulls/3983,https://api.github.com/repos/appium/appium/issues/3983,closed,2014-11-06,2014-11-11,,8fd3338f77c1961dd8278dbb75152a4acac7796f
imurchie,https://api.github.com/repos/appium/appium/pulls/3982,https://api.github.com/repos/appium/appium/issues/3982,closed,2014-11-05,2015-01-12,,e9171e316c1a4d3e939bcdb990564c108055fb43
sebv,https://api.github.com/repos/appium/appium/pulls/3978,https://api.github.com/repos/appium/appium/issues/3978,closed,2014-11-05,2014-11-18,,2697743a34934598e6c7ad0366e31f63a61f7a0c
amake,https://api.github.com/repos/appium/appium/pulls/3975,https://api.github.com/repos/appium/appium/issues/3975,closed,2014-11-05,2015-04-03,,036ad93bc53171d8752dea89b77b11e47340c186
0x1mason,https://api.github.com/repos/appium/appium/pulls/3970,https://api.github.com/repos/appium/appium/issues/3970,closed,2014-11-04,2014-11-04,2014-11-04,016c887135b44d4bc55587479ba2fd2b3782a840
paymand,https://api.github.com/repos/appium/appium/pulls/3969,https://api.github.com/repos/appium/appium/issues/3969,closed,2014-11-04,2014-11-05,,8b6ed03996fba44270d6ed34b24d025ddec66d95
sebv,https://api.github.com/repos/appium/appium/pulls/3964,https://api.github.com/repos/appium/appium/issues/3964,closed,2014-11-04,2015-03-23,,bc05faf79ee3c4a31972454da05cf47344742cce
sebv,https://api.github.com/repos/appium/appium/pulls/3963,https://api.github.com/repos/appium/appium/issues/3963,closed,2014-11-04,2014-11-04,2014-11-04,69457e783b7afea23c97950cb5c0f91e0501745c
sebv,https://api.github.com/repos/appium/appium/pulls/3944,https://api.github.com/repos/appium/appium/issues/3944,closed,2014-10-31,2014-11-05,,2a53297212093d21172ce4f787dbe95137020823
0x1mason,https://api.github.com/repos/appium/appium/pulls/3943,https://api.github.com/repos/appium/appium/issues/3943,closed,2014-10-31,2014-11-04,2014-11-04,8b3d300ddf1fea0b560948ddfba0935aece4d22d
sebv,https://api.github.com/repos/appium/appium/pulls/3941,https://api.github.com/repos/appium/appium/issues/3941,closed,2014-10-31,2014-10-31,2014-10-31,4b2da05e03c2c3afc7575890746fe992c09ec41f
imurchie,https://api.github.com/repos/appium/appium/pulls/3939,https://api.github.com/repos/appium/appium/issues/3939,closed,2014-10-30,2015-01-12,2014-11-04,617538e90ad08cfa71a2475451892862d8e9bad4
paymand,https://api.github.com/repos/appium/appium/pulls/3936,https://api.github.com/repos/appium/appium/issues/3936,closed,2014-10-30,2014-12-03,,57d4a272a29c514bc16382bd6da40e4e84bda567
sebv,https://api.github.com/repos/appium/appium/pulls/3932,https://api.github.com/repos/appium/appium/issues/3932,closed,2014-10-30,2014-11-04,,a6c4bf16f31f5026574c3bbb6bf86fbb50c234d2
sebv,https://api.github.com/repos/appium/appium/pulls/3929,https://api.github.com/repos/appium/appium/issues/3929,closed,2014-10-29,2014-11-04,2014-11-04,f379a683e76ad7298209b02c8cd3b217ba8b9677
amake,https://api.github.com/repos/appium/appium/pulls/3923,https://api.github.com/repos/appium/appium/issues/3923,closed,2014-10-29,2014-12-03,,92de59db6299b06dcb1acf3118988ab9cdc1698c
sebv,https://api.github.com/repos/appium/appium/pulls/3922,https://api.github.com/repos/appium/appium/issues/3922,closed,2014-10-29,2014-12-03,2014-10-31,5e4c685718decdc50ee9f6a3384e28477c9b73d3
sebv,https://api.github.com/repos/appium/appium/pulls/3915,https://api.github.com/repos/appium/appium/issues/3915,closed,2014-10-28,2014-10-28,2014-10-28,d158455ba274a74ead716c509ec27bcecf1b0527
sebv,https://api.github.com/repos/appium/appium/pulls/3909,https://api.github.com/repos/appium/appium/issues/3909,closed,2014-10-27,2015-02-18,2014-11-04,16d9b3aca96bfc38222304c0a920abf8771e2660
Jonahss,https://api.github.com/repos/appium/appium/pulls/3908,https://api.github.com/repos/appium/appium/issues/3908,closed,2014-10-27,2014-10-29,2014-10-28,6c20584e853842078ffc715216598cdf64c88022
imurchie,https://api.github.com/repos/appium/appium/pulls/3907,https://api.github.com/repos/appium/appium/issues/3907,closed,2014-10-27,2015-01-12,2014-10-27,76b62d6f850b813d5b072dd8f8b40bf306a05ac1
0x1mason,https://api.github.com/repos/appium/appium/pulls/3906,https://api.github.com/repos/appium/appium/issues/3906,closed,2014-10-27,2014-10-31,,c92f906c844ac855e9a84231fefa474a239244e1
sebv,https://api.github.com/repos/appium/appium/pulls/3898,https://api.github.com/repos/appium/appium/issues/3898,closed,2014-10-26,2014-10-28,2014-10-28,da51d7e9056c3d796588a8a8362e8102696ceb56
sebv,https://api.github.com/repos/appium/appium/pulls/3895,https://api.github.com/repos/appium/appium/issues/3895,closed,2014-10-25,2016-11-18,2014-10-27,a52d84e0c1d5b2a59b2b795056724f062e9fd99b
rgonalo,https://api.github.com/repos/appium/appium/pulls/3890,https://api.github.com/repos/appium/appium/issues/3890,closed,2014-10-24,2014-10-24,2014-10-24,45d53476e4ac2357edc003eedef0f04cfe8407a1
Jonahss,https://api.github.com/repos/appium/appium/pulls/3888,https://api.github.com/repos/appium/appium/issues/3888,closed,2014-10-23,2014-10-23,2014-10-23,ec79feea5bdcd68e45531eda2efc023422319458
sebv,https://api.github.com/repos/appium/appium/pulls/3886,https://api.github.com/repos/appium/appium/issues/3886,closed,2014-10-23,2016-11-18,,c114b02afa7c4973963c08c8188c0d0c7f59a27b
sebv,https://api.github.com/repos/appium/appium/pulls/3874,https://api.github.com/repos/appium/appium/issues/3874,closed,2014-10-22,2014-10-23,2014-10-23,ef38e1d34b76215ad86046481d911fc7c6c4a38e
Jonahss,https://api.github.com/repos/appium/appium/pulls/3866,https://api.github.com/repos/appium/appium/issues/3866,closed,2014-10-21,2014-10-21,2014-10-21,bc6da5934bcb3078b0209339d0b6073de321622c
imurchie,https://api.github.com/repos/appium/appium/pulls/3859,https://api.github.com/repos/appium/appium/issues/3859,closed,2014-10-20,2015-01-12,2014-10-20,966fe03a75a3c1d4c8d973ff513292fa6e8ba9f2
imurchie,https://api.github.com/repos/appium/appium/pulls/3853,https://api.github.com/repos/appium/appium/issues/3853,closed,2014-10-17,2014-10-19,2014-10-19,13bb0259c57ebc9540db0bfc1e108bbea21f68bb
sebv,https://api.github.com/repos/appium/appium/pulls/3847,https://api.github.com/repos/appium/appium/issues/3847,closed,2014-10-17,2014-10-18,2014-10-18,8d04703b011245ccf862f1fd4892140ddb7b1ef2
Jonahss,https://api.github.com/repos/appium/appium/pulls/3845,https://api.github.com/repos/appium/appium/issues/3845,closed,2014-10-17,2014-10-18,2014-10-18,ce2c255c6b8f0658e0ad71e5d5b0d02471e07117
Jonahss,https://api.github.com/repos/appium/appium/pulls/3841,https://api.github.com/repos/appium/appium/issues/3841,closed,2014-10-16,2014-10-17,2014-10-17,04055ac6e8953fd692071046f8bf28b3455e8dfc
sebv,https://api.github.com/repos/appium/appium/pulls/3829,https://api.github.com/repos/appium/appium/issues/3829,closed,2014-10-15,2014-10-16,2014-10-16,3ffe4482f5833e049933419b5ec9a063cef2625a
Jonahss,https://api.github.com/repos/appium/appium/pulls/3827,https://api.github.com/repos/appium/appium/issues/3827,closed,2014-10-14,2014-10-15,2014-10-15,030cd3ca1106674fc97fcc48c7af43b914487938
Jonahss,https://api.github.com/repos/appium/appium/pulls/3826,https://api.github.com/repos/appium/appium/issues/3826,closed,2014-10-14,2014-10-14,2014-10-14,b6680dfe00925d5987d6929e321748a417330c38
Jonahss,https://api.github.com/repos/appium/appium/pulls/3825,https://api.github.com/repos/appium/appium/issues/3825,closed,2014-10-14,2014-10-14,,914e64ad64d3db11e5762c270fc74fd0c992ed97
Jonahss,https://api.github.com/repos/appium/appium/pulls/3821,https://api.github.com/repos/appium/appium/issues/3821,closed,2014-10-14,2014-10-14,2014-10-14,7d6b16c36c02fa2994534c3b21e1837c0424fa44
KazuCocoa,https://api.github.com/repos/appium/appium/pulls/3820,https://api.github.com/repos/appium/appium/issues/3820,closed,2014-10-13,2019-06-08,2014-10-13,34e4bc824731dfb708a6c626743e0c1114038b31
emakiej,https://api.github.com/repos/appium/appium/pulls/3819,https://api.github.com/repos/appium/appium/issues/3819,closed,2014-10-13,2015-05-07,,b2c623f65f99afd704ebed4328893e7f1c1fbc54
DylanLacey,https://api.github.com/repos/appium/appium/pulls/3797,https://api.github.com/repos/appium/appium/issues/3797,closed,2014-10-09,2014-10-10,2014-10-10,45a36e45e5b183e03a59122f4c11391fb36b461f
paymand,https://api.github.com/repos/appium/appium/pulls/3795,https://api.github.com/repos/appium/appium/issues/3795,closed,2014-10-08,2014-10-08,2014-10-08,97f0203ef6e3f69504363589922628c3f4c59aa6
arikon,https://api.github.com/repos/appium/appium/pulls/3794,https://api.github.com/repos/appium/appium/issues/3794,closed,2014-10-08,2014-10-09,2014-10-08,81ef3dbd49d2c34bd3bbb25c5e5a4b32a622bd8d
emakiej,https://api.github.com/repos/appium/appium/pulls/3786,https://api.github.com/repos/appium/appium/issues/3786,closed,2014-10-08,2014-10-10,2014-10-10,d84c060f5e66aa8d16490ec26e114216b052dde1
paymand,https://api.github.com/repos/appium/appium/pulls/3785,https://api.github.com/repos/appium/appium/issues/3785,closed,2014-10-08,2014-10-08,2014-10-08,e67a1f9c99cf3f91423f68fbbd261dd73d8a27d8
0x1mason,https://api.github.com/repos/appium/appium/pulls/3779,https://api.github.com/repos/appium/appium/issues/3779,closed,2014-10-07,2014-10-07,2014-10-07,1840036376d5b3af8d838154d82c4e68e8941f46
paymand,https://api.github.com/repos/appium/appium/pulls/3771,https://api.github.com/repos/appium/appium/issues/3771,closed,2014-10-06,2014-10-07,2014-10-07,23ff09bb14109295b39c5c9a08c341ce1410daaf
KazuCocoa,https://api.github.com/repos/appium/appium/pulls/3770,https://api.github.com/repos/appium/appium/issues/3770,closed,2014-10-05,2014-10-18,2014-10-06,665c3e45a0fd9442b24c531ca7ad316125100366
lbielski,https://api.github.com/repos/appium/appium/pulls/3761,https://api.github.com/repos/appium/appium/issues/3761,closed,2014-10-02,2014-10-09,2014-10-09,eee6cccb39cef1e7c27b94e5833e8b529beea9af
darend,https://api.github.com/repos/appium/appium/pulls/3756,https://api.github.com/repos/appium/appium/issues/3756,closed,2014-10-01,2014-10-02,2014-10-02,af0b9604cfbd085a8f24082eae4832724b931009
0x1mason,https://api.github.com/repos/appium/appium/pulls/3735,https://api.github.com/repos/appium/appium/issues/3735,closed,2014-09-29,2014-10-08,2014-10-08,e64944dd8a1fe7cb9641d4d0e9a370a5b773a753
imurchie,https://api.github.com/repos/appium/appium/pulls/3733,https://api.github.com/repos/appium/appium/issues/3733,closed,2014-09-29,2015-01-12,2014-10-04,178669d58041e1dcd0c959cbc66031c8b664057e
bootstraponline,https://api.github.com/repos/appium/appium/pulls/3730,https://api.github.com/repos/appium/appium/issues/3730,closed,2014-09-29,2014-10-02,2014-10-02,cdffae34830547c96c646d6958fdbbad03fdf391
sebv,https://api.github.com/repos/appium/appium/pulls/3727,https://api.github.com/repos/appium/appium/issues/3727,closed,2014-09-29,2016-11-18,2014-09-29,866ac481aeb81a423310eb19bffc65b8a7c1e208
penguinho,https://api.github.com/repos/appium/appium/pulls/3725,https://api.github.com/repos/appium/appium/issues/3725,closed,2014-09-28,2014-09-28,2014-09-28,218edda6bd6501ab18b9495ecc8f011a7cfc24cf
sebv,https://api.github.com/repos/appium/appium/pulls/3724,https://api.github.com/repos/appium/appium/issues/3724,closed,2014-09-28,2014-09-28,2014-09-28,1b2f06fe6fde61904449ab61c60515188cef5cbf
Jonahss,https://api.github.com/repos/appium/appium/pulls/3721,https://api.github.com/repos/appium/appium/issues/3721,closed,2014-09-26,2014-09-26,2014-09-26,c3da3dd62601ba1a8c94990cb8924570f06ac557
lbielski,https://api.github.com/repos/appium/appium/pulls/3718,https://api.github.com/repos/appium/appium/issues/3718,closed,2014-09-26,2014-10-02,,292eb9b10bf9186e62610bcd61041b435a65f1b1
arikon,https://api.github.com/repos/appium/appium/pulls/3716,https://api.github.com/repos/appium/appium/issues/3716,closed,2014-09-26,2014-09-30,2014-09-29,02046f16914b0949c1dadfb0435033bb79893ae8
imurchie,https://api.github.com/repos/appium/appium/pulls/3711,https://api.github.com/repos/appium/appium/issues/3711,closed,2014-09-25,2014-09-25,2014-09-25,77c8985ea3c3b43591c64151ed65bd8af3d5ca9e
imurchie,https://api.github.com/repos/appium/appium/pulls/3703,https://api.github.com/repos/appium/appium/issues/3703,closed,2014-09-24,2015-01-12,2014-09-24,f7a6d9c342c9ffeb0b975543d3aeaac597608674
Jonahss,https://api.github.com/repos/appium/appium/pulls/3702,https://api.github.com/repos/appium/appium/issues/3702,closed,2014-09-24,2014-09-24,2014-09-24,8f146d7e89773a261198081dfd03ed0beeb71a44
imurchie,https://api.github.com/repos/appium/appium/pulls/3701,https://api.github.com/repos/appium/appium/issues/3701,closed,2014-09-24,2014-09-24,2014-09-24,83b59c879c6a44c944b263b265817c96f6982e06
imurchie,https://api.github.com/repos/appium/appium/pulls/3700,https://api.github.com/repos/appium/appium/issues/3700,closed,2014-09-24,2014-09-24,2014-09-24,3d92bc1ae855b1ff228a675942d103b86e634512
0x1mason,https://api.github.com/repos/appium/appium/pulls/3697,https://api.github.com/repos/appium/appium/issues/3697,closed,2014-09-24,2014-09-24,,95f39915e22f054c4b83ee3b078619c7360bb2f0
0x1mason,https://api.github.com/repos/appium/appium/pulls/3695,https://api.github.com/repos/appium/appium/issues/3695,closed,2014-09-24,2014-09-24,2014-09-24,a1be752aa66ac3e10e91814aa2b5e96e19245f4c
arikon,https://api.github.com/repos/appium/appium/pulls/3694,https://api.github.com/repos/appium/appium/issues/3694,closed,2014-09-24,2014-09-30,2014-09-29,e27839c66a804ebc4542bb554d07712cf01b2aba
arikon,https://api.github.com/repos/appium/appium/pulls/3693,https://api.github.com/repos/appium/appium/issues/3693,closed,2014-09-24,2014-09-30,,9fe552d06c65fa36bcc563a48540affe8d47f967
paymand,https://api.github.com/repos/appium/appium/pulls/3674,https://api.github.com/repos/appium/appium/issues/3674,closed,2014-09-22,2014-09-22,,e0de66550b34a8931b6617df5a9395889cc2deb6
imurchie,https://api.github.com/repos/appium/appium/pulls/3660,https://api.github.com/repos/appium/appium/issues/3660,closed,2014-09-18,2014-12-03,,e4b7369337594cf253863423c6019c96b663993f
arikon,https://api.github.com/repos/appium/appium/pulls/3658,https://api.github.com/repos/appium/appium/issues/3658,closed,2014-09-18,2014-09-19,2014-09-18,afcf4093682285b6dbc2860d70d273d780a4d209
arikon,https://api.github.com/repos/appium/appium/pulls/3655,https://api.github.com/repos/appium/appium/issues/3655,closed,2014-09-17,2014-09-17,2014-09-17,3b35a289e8efbf13c893672375ea32d320fc1f97
arikon,https://api.github.com/repos/appium/appium/pulls/3653,https://api.github.com/repos/appium/appium/issues/3653,closed,2014-09-17,2014-10-28,2014-10-28,9b114106ab90db5df25d31b4ebd0ed0fa863959a
imurchie,https://api.github.com/repos/appium/appium/pulls/3651,https://api.github.com/repos/appium/appium/issues/3651,closed,2014-09-17,2014-09-17,2014-09-17,37e86b25516fa7a8c70049953732446342f86387
0x1mason,https://api.github.com/repos/appium/appium/pulls/3649,https://api.github.com/repos/appium/appium/issues/3649,closed,2014-09-16,2014-09-17,,39dc0ef6eb4140ae34183820629c55f37cf2decc
imurchie,https://api.github.com/repos/appium/appium/pulls/3642,https://api.github.com/repos/appium/appium/issues/3642,closed,2014-09-16,2014-10-13,2014-10-13,81743994ea67ab6fbdabcb4f7d2fadd1aeceb23b
0x1mason,https://api.github.com/repos/appium/appium/pulls/3638,https://api.github.com/repos/appium/appium/issues/3638,closed,2014-09-15,2014-09-18,2014-09-18,31b0f50b40a6be18e44e94c5b5a7983bb9f76b8f
0x1mason,https://api.github.com/repos/appium/appium/pulls/3630,https://api.github.com/repos/appium/appium/issues/3630,closed,2014-09-12,2014-10-15,,6af1d9b68c207a9401de49758d3b0be9bc7c3c3c
0x1mason,https://api.github.com/repos/appium/appium/pulls/3628,https://api.github.com/repos/appium/appium/issues/3628,closed,2014-09-12,2014-09-12,2014-09-12,a2559e96b9b05dd818bb8376b16dbe5dd19a1a93
imurchie,https://api.github.com/repos/appium/appium/pulls/3625,https://api.github.com/repos/appium/appium/issues/3625,closed,2014-09-12,2014-09-15,2014-09-15,860a6f4451929210a429256cb4342b829c7308c9
Jonahss,https://api.github.com/repos/appium/appium/pulls/3622,https://api.github.com/repos/appium/appium/issues/3622,closed,2014-09-12,2014-10-08,2014-10-08,c4e94eea4f4a2b53f938cd648b7e8cdf034777a6
paymand,https://api.github.com/repos/appium/appium/pulls/3606,https://api.github.com/repos/appium/appium/issues/3606,closed,2014-09-10,2014-09-10,2014-09-10,495e7f40e95da1a2a099be7677f7cd7ff92f13f7
jlipps,https://api.github.com/repos/appium/appium/pulls/3590,https://api.github.com/repos/appium/appium/issues/3590,closed,2014-09-08,2014-09-12,2014-09-10,f6f15fcc0ebed8fa682f614e33421c79ead17b35
jlipps,https://api.github.com/repos/appium/appium/pulls/3587,https://api.github.com/repos/appium/appium/issues/3587,closed,2014-09-08,2014-09-09,2014-09-08,f1f20a48a8800b91e69f4d14a4a447d280535c42
imurchie,https://api.github.com/repos/appium/appium/pulls/3578,https://api.github.com/repos/appium/appium/issues/3578,closed,2014-09-06,2014-09-08,2014-09-08,d4cfcfcdc367e0fb6dbccd34a2b357ea8d5bfd76
Jonahss,https://api.github.com/repos/appium/appium/pulls/3575,https://api.github.com/repos/appium/appium/issues/3575,closed,2014-09-05,2014-09-08,2014-09-08,82ef6f851a4491c4d00c03e54d9123bbede1b8b0
DylanLacey,https://api.github.com/repos/appium/appium/pulls/3549,https://api.github.com/repos/appium/appium/issues/3549,closed,2014-09-03,2014-09-04,2014-09-04,01d802d7b6502e1c354a8a6419e1bd724037deca
1plus4,https://api.github.com/repos/appium/appium/pulls/3548,https://api.github.com/repos/appium/appium/issues/3548,closed,2014-09-03,2014-09-03,2014-09-03,f9f4990d88814411c277e84728011215a4d27c72
Jonahss,https://api.github.com/repos/appium/appium/pulls/3547,https://api.github.com/repos/appium/appium/issues/3547,closed,2014-09-03,2014-09-05,,8a96ac4b11fde842bb1eb9ac282786d85b7f5ce0
0x1mason,https://api.github.com/repos/appium/appium/pulls/3544,https://api.github.com/repos/appium/appium/issues/3544,closed,2014-09-02,2014-09-10,2014-09-10,c37608d144cb62fca8d858452a28f3f21c23a742
imurchie,https://api.github.com/repos/appium/appium/pulls/3542,https://api.github.com/repos/appium/appium/issues/3542,closed,2014-09-01,2014-09-15,2014-09-15,ac9aa432badbff64d8d7f373a5732b92f7619ab9
austenke,https://api.github.com/repos/appium/appium/pulls/3536,https://api.github.com/repos/appium/appium/issues/3536,closed,2014-08-31,2014-09-18,,f29203a417726a87b32cec05d5fb504d787d7143
axemclion,https://api.github.com/repos/appium/appium/pulls/3530,https://api.github.com/repos/appium/appium/issues/3530,closed,2014-08-30,2014-09-05,2014-09-05,4996857e31b1607717a932df6c0eead0c963408c
jlipps,https://api.github.com/repos/appium/appium/pulls/3527,https://api.github.com/repos/appium/appium/issues/3527,closed,2014-08-29,2014-08-29,2014-08-29,22785aa4a15069ddf80a83537a6926ca433d4ff5
Jonahss,https://api.github.com/repos/appium/appium/pulls/3525,https://api.github.com/repos/appium/appium/issues/3525,closed,2014-08-29,2014-09-03,2014-08-29,430c5500e8d764af663dd93f0aeff6d626049984
jlipps,https://api.github.com/repos/appium/appium/pulls/3517,https://api.github.com/repos/appium/appium/issues/3517,closed,2014-08-28,2014-10-21,2014-10-13,1267d62e56a4d21337e88310a088c8c4b8c0d89b
0x1mason,https://api.github.com/repos/appium/appium/pulls/3501,https://api.github.com/repos/appium/appium/issues/3501,closed,2014-08-27,2014-08-28,2014-08-28,300d42532938a5cbd46a90e51b6d9e7d9ecf3855
jlipps,https://api.github.com/repos/appium/appium/pulls/3494,https://api.github.com/repos/appium/appium/issues/3494,closed,2014-08-26,2014-08-27,2014-08-27,4b82284f30dfd9410cc7f917c49263998dc7a34e
sbonebrake,https://api.github.com/repos/appium/appium/pulls/3476,https://api.github.com/repos/appium/appium/issues/3476,closed,2014-08-25,2014-08-26,2014-08-25,a14b9d00e6e6a9654a1c956a17e23c34319ed97e
bardh,https://api.github.com/repos/appium/appium/pulls/3466,https://api.github.com/repos/appium/appium/issues/3466,closed,2014-08-23,2014-09-04,2014-09-02,9fc205dfb50984bb6ac66f869b46b6908af6c418
austenke,https://api.github.com/repos/appium/appium/pulls/3464,https://api.github.com/repos/appium/appium/issues/3464,closed,2014-08-22,2014-08-25,,92ea5d14efb597ae4eb91cc79d77d7388a51a574
varzan,https://api.github.com/repos/appium/appium/pulls/3463,https://api.github.com/repos/appium/appium/issues/3463,closed,2014-08-22,2014-09-03,2014-08-22,95facb13bd2fd28125df3908d6d4bf719a960e78
0x1mason,https://api.github.com/repos/appium/appium/pulls/3462,https://api.github.com/repos/appium/appium/issues/3462,closed,2014-08-22,2014-09-12,2014-09-12,07e47b034f18dd323eb6c856398c6096956d8089
jlipps,https://api.github.com/repos/appium/appium/pulls/3459,https://api.github.com/repos/appium/appium/issues/3459,closed,2014-08-22,2014-08-22,,057f54f1defdf8a5b18659293dd00985538898a7
varzan,https://api.github.com/repos/appium/appium/pulls/3454,https://api.github.com/repos/appium/appium/issues/3454,closed,2014-08-22,2014-08-22,2014-08-22,67760326dd7b29613a91443a302c74be3d5ad7d8
austenke,https://api.github.com/repos/appium/appium/pulls/3451,https://api.github.com/repos/appium/appium/issues/3451,closed,2014-08-21,2014-08-22,2014-08-22,56888e276db471d36b9026451c8ad1642f735cf8
imurchie,https://api.github.com/repos/appium/appium/pulls/3450,https://api.github.com/repos/appium/appium/issues/3450,closed,2014-08-21,2014-09-05,2014-08-21,74338d6baeaa5eb5cb8f5bea5813820513274515
austenke,https://api.github.com/repos/appium/appium/pulls/3445,https://api.github.com/repos/appium/appium/issues/3445,closed,2014-08-20,2014-08-20,2014-08-20,4f4b6f05cb67896d1ef220f50edc48d9a4d8f79a
imurchie,https://api.github.com/repos/appium/appium/pulls/3443,https://api.github.com/repos/appium/appium/issues/3443,closed,2014-08-20,2014-08-20,2014-08-20,93d070f7341ce0ad8160098c8dd8c06430d5e215
jlipps,https://api.github.com/repos/appium/appium/pulls/3442,https://api.github.com/repos/appium/appium/issues/3442,closed,2014-08-20,2014-08-22,2014-08-22,011e1edc6080ac05dea67939ddb90c3998a859d8
imurchie,https://api.github.com/repos/appium/appium/pulls/3441,https://api.github.com/repos/appium/appium/issues/3441,closed,2014-08-20,2014-08-20,2014-08-20,5a4c56da54c55ac651840ab104f3818def8136ef
jlipps,https://api.github.com/repos/appium/appium/pulls/3440,https://api.github.com/repos/appium/appium/issues/3440,closed,2014-08-20,2014-08-22,2014-08-22,a3c1c781124d4221d1e04b4cce2238f65fdf240a
imurchie,https://api.github.com/repos/appium/appium/pulls/3430,https://api.github.com/repos/appium/appium/issues/3430,closed,2014-08-19,2014-08-20,2014-08-19,d10133ab410759e2c74686aebcdeee5451c98f89
Jonahss,https://api.github.com/repos/appium/appium/pulls/3428,https://api.github.com/repos/appium/appium/issues/3428,closed,2014-08-19,2014-08-25,2014-08-21,50802b29edbdaeaf67bb2e146674d353407a17fd
Jonahss,https://api.github.com/repos/appium/appium/pulls/3427,https://api.github.com/repos/appium/appium/issues/3427,closed,2014-08-19,2014-08-19,,88f2ff10368e8c29fa3eb6de3b571603576113fe
0x1mason,https://api.github.com/repos/appium/appium/pulls/3426,https://api.github.com/repos/appium/appium/issues/3426,closed,2014-08-19,2014-08-22,2014-08-22,1703139d802bdac8ab9e683abeedf8665397c5ac
moizjv,https://api.github.com/repos/appium/appium/pulls/3419,https://api.github.com/repos/appium/appium/issues/3419,closed,2014-08-18,2014-08-19,2014-08-19,abf29427a6a786cb9dc2610587bac7e44348e7a9
imurchie,https://api.github.com/repos/appium/appium/pulls/3417,https://api.github.com/repos/appium/appium/issues/3417,closed,2014-08-18,2014-08-20,2014-08-18,928357d6d25eaf8a5b2c729193b0c0ee23f9784e
0x1mason,https://api.github.com/repos/appium/appium/pulls/3416,https://api.github.com/repos/appium/appium/issues/3416,closed,2014-08-18,2014-08-18,2014-08-18,2ca2aad3d76efb909eeaddd01a05848cd0797ba4
moizjv,https://api.github.com/repos/appium/appium/pulls/3415,https://api.github.com/repos/appium/appium/issues/3415,closed,2014-08-18,2014-08-18,2014-08-18,a0936351fba21b1ebfc3fbbe3fbe279cc717a271
0x1mason,https://api.github.com/repos/appium/appium/pulls/3410,https://api.github.com/repos/appium/appium/issues/3410,closed,2014-08-18,2014-08-26,2014-08-18,ac8a99281b313269dc8aa8028a00c73ae5f28b8e
moizjv,https://api.github.com/repos/appium/appium/pulls/3403,https://api.github.com/repos/appium/appium/issues/3403,closed,2014-08-15,2014-08-18,2014-08-18,2cd01e57c7124092161275136a793bf3670801ef
austenke,https://api.github.com/repos/appium/appium/pulls/3402,https://api.github.com/repos/appium/appium/issues/3402,closed,2014-08-15,2014-08-20,2014-08-19,89254341d8f0af00373203e0989235264c298bb6
paymand,https://api.github.com/repos/appium/appium/pulls/3400,https://api.github.com/repos/appium/appium/issues/3400,closed,2014-08-15,2014-08-15,,168c3e12da00c9d2e3aea0940cfda2737204eac2
0x1mason,https://api.github.com/repos/appium/appium/pulls/3399,https://api.github.com/repos/appium/appium/issues/3399,closed,2014-08-15,2014-08-15,,2032e8ce58e3d19773ee08126fe32f478483bf4e
paymand,https://api.github.com/repos/appium/appium/pulls/3398,https://api.github.com/repos/appium/appium/issues/3398,closed,2014-08-15,2014-08-15,2014-08-15,d7e95b7587b1fcb853f2656fec9c035bff1c35dc
Jonahss,https://api.github.com/repos/appium/appium/pulls/3395,https://api.github.com/repos/appium/appium/issues/3395,closed,2014-08-14,2014-08-14,2014-08-14,493c4ed8c976d19e46aee4cbc6a7b0019a73f26b
Jonahss,https://api.github.com/repos/appium/appium/pulls/3389,https://api.github.com/repos/appium/appium/issues/3389,closed,2014-08-13,2014-08-13,2014-08-13,698f8b8b5efaf537425d75615f9f23a97e4dc2f3
austenke,https://api.github.com/repos/appium/appium/pulls/3386,https://api.github.com/repos/appium/appium/issues/3386,closed,2014-08-13,2014-08-13,2014-08-13,8cd9498cf51c5f4174869c939edb887be848d251
jlipps,https://api.github.com/repos/appium/appium/pulls/3380,https://api.github.com/repos/appium/appium/issues/3380,closed,2014-08-13,2014-08-13,2014-08-13,5989e9ef488a16303168321fec68d286fbf08bc4
jlipps,https://api.github.com/repos/appium/appium/pulls/3379,https://api.github.com/repos/appium/appium/issues/3379,closed,2014-08-13,2014-08-13,2014-08-13,c6f10b79780afae56edf32ecf99c8e46cea024f4
jlipps,https://api.github.com/repos/appium/appium/pulls/3370,https://api.github.com/repos/appium/appium/issues/3370,closed,2014-08-13,2014-08-13,2014-08-13,f22b4e56df002029fd68d7d8b0571d24347d52df
austenke,https://api.github.com/repos/appium/appium/pulls/3361,https://api.github.com/repos/appium/appium/issues/3361,closed,2014-08-11,2014-08-13,2014-08-13,0a08ab9294e3bb0dc236e807a277774a1f4f350f
austenke,https://api.github.com/repos/appium/appium/pulls/3360,https://api.github.com/repos/appium/appium/issues/3360,closed,2014-08-11,2014-08-11,2014-08-11,87f0ed7d1fac96c36956c6b52b3911f2ecd6c9ab
bootstraponline,https://api.github.com/repos/appium/appium/pulls/3359,https://api.github.com/repos/appium/appium/issues/3359,closed,2014-08-11,2014-08-11,2014-08-11,b7a9d6cd03261cf9626b6949138f9d2971d2393c
paramadeep,https://api.github.com/repos/appium/appium/pulls/3355,https://api.github.com/repos/appium/appium/issues/3355,closed,2014-08-10,2014-08-10,2014-08-10,7383baeef5d1736cafba58e351d42511a57967ef
bootstraponline,https://api.github.com/repos/appium/appium/pulls/3353,https://api.github.com/repos/appium/appium/issues/3353,closed,2014-08-09,2014-08-11,2014-08-09,87f9df5cfa0ad64b265b69efee91ab74fc85604f
imurchie,https://api.github.com/repos/appium/appium/pulls/3351,https://api.github.com/repos/appium/appium/issues/3351,closed,2014-08-08,2014-08-20,2014-08-08,c46b7ba915ea18c4477a0e27d29a87a982ede53a
0x1mason,https://api.github.com/repos/appium/appium/pulls/3350,https://api.github.com/repos/appium/appium/issues/3350,closed,2014-08-08,2014-08-08,2014-08-08,5cc549b1302bf7de579a2330f970fc79c66666ea
jlipps,https://api.github.com/repos/appium/appium/pulls/3349,https://api.github.com/repos/appium/appium/issues/3349,closed,2014-08-08,2014-08-08,2014-08-08,025a01d7be4c61b0cfc2113f15bba6758327aaa6
imurchie,https://api.github.com/repos/appium/appium/pulls/3348,https://api.github.com/repos/appium/appium/issues/3348,closed,2014-08-08,2014-08-20,2014-08-08,bbbd574df03febe24e16b3b25462d1b4650f9381
0x1mason,https://api.github.com/repos/appium/appium/pulls/3346,https://api.github.com/repos/appium/appium/issues/3346,closed,2014-08-08,2014-08-08,,4ad85aaef880505898fff0e12ff6bf325209f523
JamieEdge,https://api.github.com/repos/appium/appium/pulls/3344,https://api.github.com/repos/appium/appium/issues/3344,closed,2014-08-08,2014-08-08,2014-08-08,afd5e4180c347cd24d55866388352d66f4aa9578
sebv,https://api.github.com/repos/appium/appium/pulls/3339,https://api.github.com/repos/appium/appium/issues/3339,closed,2014-08-08,2014-09-18,,49768e4eb562187644fc27a6a27dcc5f91f04509
jdeff,https://api.github.com/repos/appium/appium/pulls/3333,https://api.github.com/repos/appium/appium/issues/3333,closed,2014-08-07,2014-08-07,2014-08-07,6d58ee5661111fd12d67357f10f1fc418627995f
moizjv,https://api.github.com/repos/appium/appium/pulls/3332,https://api.github.com/repos/appium/appium/issues/3332,closed,2014-08-07,2014-08-07,2014-08-07,c3931f721bbe87782504df8bbb440c06984a2d7b
austenke,https://api.github.com/repos/appium/appium/pulls/3330,https://api.github.com/repos/appium/appium/issues/3330,closed,2014-08-07,2014-08-11,2014-08-11,18793da9477b0358b820ebd30abccbae56030c41
imurchie,https://api.github.com/repos/appium/appium/pulls/3329,https://api.github.com/repos/appium/appium/issues/3329,closed,2014-08-07,2014-12-19,2014-08-07,b7428f10fbb819afddc0c39658f1492fe54afdb9
imurchie,https://api.github.com/repos/appium/appium/pulls/3322,https://api.github.com/repos/appium/appium/issues/3322,closed,2014-08-06,2014-12-19,2014-08-06,a37a14288e6ff72a1a48342bcfebe239807daa5c
moizjv,https://api.github.com/repos/appium/appium/pulls/3321,https://api.github.com/repos/appium/appium/issues/3321,closed,2014-08-06,2014-08-06,2014-08-06,d0506a4c8c5bb11a7ffe3537bca861ead4efd2a1
moizjv,https://api.github.com/repos/appium/appium/pulls/3319,https://api.github.com/repos/appium/appium/issues/3319,closed,2014-08-06,2014-08-06,2014-08-06,be9a0e25cba0667e655a26e4f42f87dae745ff8f
imurchie,https://api.github.com/repos/appium/appium/pulls/3318,https://api.github.com/repos/appium/appium/issues/3318,closed,2014-08-06,2015-10-05,2014-08-07,0a55c2368aefd4a02ea0ba1a1dc6cbef62ba22ac
imurchie,https://api.github.com/repos/appium/appium/pulls/3308,https://api.github.com/repos/appium/appium/issues/3308,closed,2014-08-05,2014-12-19,2014-08-05,42fb4e5e31aa7eb111d2845fb83d50d9d9ee72a9
imurchie,https://api.github.com/repos/appium/appium/pulls/3302,https://api.github.com/repos/appium/appium/issues/3302,closed,2014-08-05,2014-12-19,2014-08-05,0c19951d2277802aff429064932410b9a4bde9a1
Jonahss,https://api.github.com/repos/appium/appium/pulls/3295,https://api.github.com/repos/appium/appium/issues/3295,closed,2014-08-05,2014-08-06,2014-08-06,65e334d9336e26b99d5117f74b14b804e543a059
Jonahss,https://api.github.com/repos/appium/appium/pulls/3292,https://api.github.com/repos/appium/appium/issues/3292,closed,2014-08-05,2014-08-05,2014-08-05,10a3a9611e89a15ecaef1e42ed03e80dbdb3b1f1
imurchie,https://api.github.com/repos/appium/appium/pulls/3290,https://api.github.com/repos/appium/appium/issues/3290,closed,2014-08-05,2014-11-17,2014-08-05,6e5681ab8c6d222fe22551dd68a72cb631fe7559
jlipps,https://api.github.com/repos/appium/appium/pulls/3289,https://api.github.com/repos/appium/appium/issues/3289,closed,2014-08-05,2014-08-05,2014-08-05,6c760fe090668e5b310cd1a1a9964cdf9cfabc3c
imurchie,https://api.github.com/repos/appium/appium/pulls/3288,https://api.github.com/repos/appium/appium/issues/3288,closed,2014-08-04,2014-08-05,2014-08-05,98bdaf855254e00cf4ef4d4db6cb1533dfd5eda8
moizjv,https://api.github.com/repos/appium/appium/pulls/3287,https://api.github.com/repos/appium/appium/issues/3287,closed,2014-08-04,2014-09-05,2014-08-04,1a0f0515edb381b6757a75b98590f60f16328811
austenke,https://api.github.com/repos/appium/appium/pulls/3276,https://api.github.com/repos/appium/appium/issues/3276,closed,2014-08-01,2014-08-05,2014-08-05,259c0b54116dd285a16bb59e625c5d8057bb72b3
Jonahss,https://api.github.com/repos/appium/appium/pulls/3271,https://api.github.com/repos/appium/appium/issues/3271,closed,2014-08-01,2014-08-04,2014-08-04,f0f57486e01a29b7d594c1300c095e38c6b36830
moizjv,https://api.github.com/repos/appium/appium/pulls/3270,https://api.github.com/repos/appium/appium/issues/3270,closed,2014-08-01,2014-08-01,2014-08-01,40b5b76160acb5e4400471c33ad9a018eb646a11
erlendfh,https://api.github.com/repos/appium/appium/pulls/3267,https://api.github.com/repos/appium/appium/issues/3267,closed,2014-07-31,2014-08-04,2014-07-31,fecafc0f7e214596b646ab7d017894cb76849de1
jlipps,https://api.github.com/repos/appium/appium/pulls/3260,https://api.github.com/repos/appium/appium/issues/3260,closed,2014-07-30,2014-07-30,2014-07-30,77e12c39b1f6749c88da41bc2bc586f0cb8fff9f
Jonahss,https://api.github.com/repos/appium/appium/pulls/3254,https://api.github.com/repos/appium/appium/issues/3254,closed,2014-07-30,2014-08-04,2014-08-04,d1d05556f5a505b559207c00b140b84ba61cb11a
jlipps,https://api.github.com/repos/appium/appium/pulls/3253,https://api.github.com/repos/appium/appium/issues/3253,closed,2014-07-29,2014-07-30,2014-07-30,f13ef38f9957777ce239dc6ef061e36ee6efd59c
jlipps,https://api.github.com/repos/appium/appium/pulls/3252,https://api.github.com/repos/appium/appium/issues/3252,closed,2014-07-29,2014-07-29,2014-07-29,ad323c2c6a8a815dcc73533d976d99681ab0c7f3
sebv,https://api.github.com/repos/appium/appium/pulls/3249,https://api.github.com/repos/appium/appium/issues/3249,closed,2014-07-29,2014-07-29,2014-07-29,737d4f129165b667e79f641be20aa2223bba9139
moizjv,https://api.github.com/repos/appium/appium/pulls/3243,https://api.github.com/repos/appium/appium/issues/3243,closed,2014-07-29,2014-07-29,2014-07-29,32865cb48f787fef1d937af009fe74c3b4f01d9e
jlipps,https://api.github.com/repos/appium/appium/pulls/3240,https://api.github.com/repos/appium/appium/issues/3240,closed,2014-07-28,2014-07-28,2014-07-28,f7e90046ad41d17fee75e682bc0e0913c5fd1edd
imurchie,https://api.github.com/repos/appium/appium/pulls/3239,https://api.github.com/repos/appium/appium/issues/3239,closed,2014-07-28,2014-07-28,2014-07-28,c43998d7ea8c683bdd43c1a0051b392337fb355e
bootstraponline,https://api.github.com/repos/appium/appium/pulls/3238,https://api.github.com/repos/appium/appium/issues/3238,closed,2014-07-28,2014-07-28,,3298a8be787ca4f37f795c17f49ab8a45f617d34
jamescaldwell,https://api.github.com/repos/appium/appium/pulls/3232,https://api.github.com/repos/appium/appium/issues/3232,closed,2014-07-25,2014-08-29,,4af654b926e87fbefae3e71a52ee6e59f5bfabbe
jlipps,https://api.github.com/repos/appium/appium/pulls/3230,https://api.github.com/repos/appium/appium/issues/3230,closed,2014-07-25,2014-07-25,2014-07-25,3d1d2ae8a4f45aafb53afd0b6be2541adecf91ff
erlendfh,https://api.github.com/repos/appium/appium/pulls/3228,https://api.github.com/repos/appium/appium/issues/3228,closed,2014-07-25,2014-07-28,2014-07-28,e0634137b654aab7356cdcdebe72936646ec5b99
erlendfh,https://api.github.com/repos/appium/appium/pulls/3220,https://api.github.com/repos/appium/appium/issues/3220,closed,2014-07-25,2014-07-30,2014-07-30,d6e87881548c7c3703f88af384b701dcc95f3954
moizjv,https://api.github.com/repos/appium/appium/pulls/3219,https://api.github.com/repos/appium/appium/issues/3219,closed,2014-07-25,2014-07-25,2014-07-25,4b5c6d7d73aa1ff130ef0fd4607c30bb150780f6
jsgithub1,https://api.github.com/repos/appium/appium/pulls/3216,https://api.github.com/repos/appium/appium/issues/3216,closed,2014-07-24,2014-07-28,2014-07-28,c249c725468778309b4d1d1a453bf9eb85697703
imurchie,https://api.github.com/repos/appium/appium/pulls/3213,https://api.github.com/repos/appium/appium/issues/3213,closed,2014-07-24,2014-11-17,2014-07-24,bd8b1ce7707b5415e4bb2c00b06afc7313bc65fd
imurchie,https://api.github.com/repos/appium/appium/pulls/3211,https://api.github.com/repos/appium/appium/issues/3211,closed,2014-07-24,2014-11-17,2014-07-24,e8bc5070fdc142f348fe66a8f609431f2b2aea6e
rgonalo,https://api.github.com/repos/appium/appium/pulls/3200,https://api.github.com/repos/appium/appium/issues/3200,closed,2014-07-23,2014-07-25,2014-07-25,fdf7ba5470f3465536c290674f7606bbaa237705
sebv,https://api.github.com/repos/appium/appium/pulls/3199,https://api.github.com/repos/appium/appium/issues/3199,closed,2014-07-23,2014-07-23,2014-07-23,da29cd6fbc9fa1b14142c1b8bb46e18b52b54d7a
moizjv,https://api.github.com/repos/appium/appium/pulls/3190,https://api.github.com/repos/appium/appium/issues/3190,closed,2014-07-22,2014-07-24,2014-07-24,47cf245c506e9564f99fda39fb2beeaafc14124c
imurchie,https://api.github.com/repos/appium/appium/pulls/3187,https://api.github.com/repos/appium/appium/issues/3187,closed,2014-07-21,2014-11-17,2014-07-21,bb87ce13a597d83440a983d912d443d8a66c2632
paymand,https://api.github.com/repos/appium/appium/pulls/3181,https://api.github.com/repos/appium/appium/issues/3181,closed,2014-07-21,2014-07-21,2014-07-21,6e1ce9405448e6a142b5445c9016ba1e9ad1034c
sebv,https://api.github.com/repos/appium/appium/pulls/3170,https://api.github.com/repos/appium/appium/issues/3170,closed,2014-07-18,2014-07-28,2014-07-28,7a79d737df8d29ca8123c0335995691b72f6d602
ghost,https://api.github.com/repos/appium/appium/pulls/3157,https://api.github.com/repos/appium/appium/issues/3157,closed,2014-07-17,2014-08-06,,f9afada6010f31f70b3eb60bc2157bdc35504646
lragnarsson,https://api.github.com/repos/appium/appium/pulls/3153,https://api.github.com/repos/appium/appium/issues/3153,closed,2014-07-17,2014-09-03,,1a47676f45b7aacca4d4d7258f2cb8a08033a502
paymand,https://api.github.com/repos/appium/appium/pulls/3151,https://api.github.com/repos/appium/appium/issues/3151,closed,2014-07-17,2014-07-17,2014-07-17,06c272d5bbaa48fb5093c953978ce8ce09fcaa9b
moizjv,https://api.github.com/repos/appium/appium/pulls/3147,https://api.github.com/repos/appium/appium/issues/3147,closed,2014-07-17,2014-07-17,2014-07-17,de9a5664d1c79b4c8ca6db1975c9dad9f566a575
moizjv,https://api.github.com/repos/appium/appium/pulls/3135,https://api.github.com/repos/appium/appium/issues/3135,closed,2014-07-14,2014-07-14,2014-07-14,b532abbfe89e05e7c05a3bb3ea28c11b026d7677
sebv,https://api.github.com/repos/appium/appium/pulls/3129,https://api.github.com/repos/appium/appium/issues/3129,closed,2014-07-14,2014-07-14,2014-07-14,599c3f320c7b206fbfc38736779676e39604b8b2
erolstt,https://api.github.com/repos/appium/appium/pulls/3127,https://api.github.com/repos/appium/appium/issues/3127,closed,2014-07-13,2014-08-14,2014-07-14,52bb24e5e002ac0b76325ddad6e773234106712c
jlipps,https://api.github.com/repos/appium/appium/pulls/3123,https://api.github.com/repos/appium/appium/issues/3123,closed,2014-07-11,2014-07-11,2014-07-11,6ac123cd6ea2981f5485150281ffc609a8967eae
jlipps,https://api.github.com/repos/appium/appium/pulls/3116,https://api.github.com/repos/appium/appium/issues/3116,closed,2014-07-10,2014-07-10,2014-07-10,a78001c81879b9bd884d6ad9a35507761e152e97
Jonahss,https://api.github.com/repos/appium/appium/pulls/3110,https://api.github.com/repos/appium/appium/issues/3110,closed,2014-07-09,2014-07-09,2014-07-09,834a7d5e62afa7fcb788b3a8ec6c8f74ddf9f8fd
imurchie,https://api.github.com/repos/appium/appium/pulls/3107,https://api.github.com/repos/appium/appium/issues/3107,closed,2014-07-09,2014-07-09,2014-07-09,806d96f709ff4f859f56e25a96dfd8e87fcabe3d
jlipps,https://api.github.com/repos/appium/appium/pulls/3106,https://api.github.com/repos/appium/appium/issues/3106,closed,2014-07-09,2014-07-09,2014-07-09,26d4cf98c98a855d3602b5f454ef6a4f1f8f1845
sebv,https://api.github.com/repos/appium/appium/pulls/3094,https://api.github.com/repos/appium/appium/issues/3094,closed,2014-07-09,2014-07-09,2014-07-09,b6c89ec4a938fd3fdff1812676eeda603f460a6e
imurchie,https://api.github.com/repos/appium/appium/pulls/3090,https://api.github.com/repos/appium/appium/issues/3090,closed,2014-07-08,2014-11-17,2014-07-08,853a6c26852ae7709726a042d1591ae8e2be05b5
jlipps,https://api.github.com/repos/appium/appium/pulls/3089,https://api.github.com/repos/appium/appium/issues/3089,closed,2014-07-08,2014-07-08,2014-07-08,c02bb80c172f7a44c04dfc05dfdfbb3ab7d00947
Jonahss,https://api.github.com/repos/appium/appium/pulls/3088,https://api.github.com/repos/appium/appium/issues/3088,closed,2014-07-08,2014-07-08,2014-07-08,ee7a057b97ff3b643617bf87f27e55ef34289a65
Jonahss,https://api.github.com/repos/appium/appium/pulls/3086,https://api.github.com/repos/appium/appium/issues/3086,closed,2014-07-08,2014-07-08,2014-07-08,35324cb81943c1716d774d512338b9245936768f
imurchie,https://api.github.com/repos/appium/appium/pulls/3085,https://api.github.com/repos/appium/appium/issues/3085,closed,2014-07-08,2014-11-17,2014-07-08,c6d315f5be7e5555bc05be7d844b60194a799762
sebv,https://api.github.com/repos/appium/appium/pulls/3084,https://api.github.com/repos/appium/appium/issues/3084,closed,2014-07-08,2014-07-08,2014-07-08,61f7b15605cdcdc7bd24a88cdb2b45d4a443613b
sebv,https://api.github.com/repos/appium/appium/pulls/3079,https://api.github.com/repos/appium/appium/issues/3079,closed,2014-07-08,2014-07-08,2014-07-08,141e6e97990f510d60eb02278e6d90ba9d3ec2d2
moizjv,https://api.github.com/repos/appium/appium/pulls/3078,https://api.github.com/repos/appium/appium/issues/3078,closed,2014-07-08,2014-07-08,2014-07-08,9b9f8743d5e94a153963db30ff67e8c7624b4098
Jonahss,https://api.github.com/repos/appium/appium/pulls/3077,https://api.github.com/repos/appium/appium/issues/3077,closed,2014-07-07,2014-07-07,2014-07-07,c8c16634f248a2db5979c96c9ceaedd90a12c498
Jonahss,https://api.github.com/repos/appium/appium/pulls/3076,https://api.github.com/repos/appium/appium/issues/3076,closed,2014-07-07,2014-07-07,2014-07-07,6fc2b59b729c431a261eb5575df2916974b97a6a
Jonahss,https://api.github.com/repos/appium/appium/pulls/3075,https://api.github.com/repos/appium/appium/issues/3075,closed,2014-07-07,2014-07-07,2014-07-07,df3d7d0fb7c8dfa47ab680c9552ea0baf96881e8
JamieEdge,https://api.github.com/repos/appium/appium/pulls/3074,https://api.github.com/repos/appium/appium/issues/3074,closed,2014-07-07,2014-07-07,2014-07-07,0e3709ef0f88bd2c1519423a663be797e3dcf4e9
imurchie,https://api.github.com/repos/appium/appium/pulls/3073,https://api.github.com/repos/appium/appium/issues/3073,closed,2014-07-07,2014-11-17,2014-07-07,d82e06e7de059a5848c5fd6cb9ac1b1dc844918c
paymand,https://api.github.com/repos/appium/appium/pulls/3070,https://api.github.com/repos/appium/appium/issues/3070,closed,2014-07-07,2014-07-08,2014-07-08,a769e3d1ab6b4f084b565522d39551cbe08b6ba7
sebv,https://api.github.com/repos/appium/appium/pulls/3068,https://api.github.com/repos/appium/appium/issues/3068,closed,2014-07-07,2014-07-07,2014-07-07,1c1610ec26ce18d1f5e1e70fa5498713bf04d32c
sebv,https://api.github.com/repos/appium/appium/pulls/3065,https://api.github.com/repos/appium/appium/issues/3065,closed,2014-07-06,2014-07-06,2014-07-06,15a1dc6b699d966aeb0aa57f0f2c0b7c46c1baab
sebv,https://api.github.com/repos/appium/appium/pulls/3063,https://api.github.com/repos/appium/appium/issues/3063,closed,2014-07-04,2014-07-04,2014-07-04,ef813244677b3729acb7bde86de9b68ecd710fba
paymand,https://api.github.com/repos/appium/appium/pulls/3060,https://api.github.com/repos/appium/appium/issues/3060,closed,2014-07-04,2014-07-10,2014-07-10,e0f02d110a8684d6231f711d76294782a91384a5
moizjv,https://api.github.com/repos/appium/appium/pulls/3058,https://api.github.com/repos/appium/appium/issues/3058,closed,2014-07-04,2014-07-07,2014-07-07,4880fb0c20c0dd9ddbc5e4126905606485a2fb82
jlipps,https://api.github.com/repos/appium/appium/pulls/3056,https://api.github.com/repos/appium/appium/issues/3056,closed,2014-07-03,2014-07-03,2014-07-03,3aacc50976525178aa8f51c611fbc48ad282a514
jlipps,https://api.github.com/repos/appium/appium/pulls/3054,https://api.github.com/repos/appium/appium/issues/3054,closed,2014-07-03,2014-07-03,2014-07-03,e267561bc01d024cd874b66aba8a3f46ea1bb2cd
imurchie,https://api.github.com/repos/appium/appium/pulls/3052,https://api.github.com/repos/appium/appium/issues/3052,closed,2014-07-03,2014-11-17,2014-07-03,e71ac2e7815ab9343c76bfaf315a3421fbe9a5c1
sebv,https://api.github.com/repos/appium/appium/pulls/3051,https://api.github.com/repos/appium/appium/issues/3051,closed,2014-07-03,2014-07-03,2014-07-03,dbb001a0ead20e9f7b52492ecb239deb1b278a23
imurchie,https://api.github.com/repos/appium/appium/pulls/3046,https://api.github.com/repos/appium/appium/issues/3046,closed,2014-07-02,2014-11-17,2014-07-02,48b78619675f2e284c4bea7176cd764016b81307
tonetheman,https://api.github.com/repos/appium/appium/pulls/3044,https://api.github.com/repos/appium/appium/issues/3044,closed,2014-07-02,2014-07-02,2014-07-02,a93c11f00a1c9cd9711779b2cea3a9f2265e740a
imurchie,https://api.github.com/repos/appium/appium/pulls/3041,https://api.github.com/repos/appium/appium/issues/3041,closed,2014-07-02,2014-11-17,2014-07-02,e438b270925fe9c00d9720d148f9a50abdce01f8
jlipps,https://api.github.com/repos/appium/appium/pulls/3031,https://api.github.com/repos/appium/appium/issues/3031,closed,2014-07-01,2014-07-01,2014-07-01,f31b185ac0a81c04ceee2838ae843fc23245d68d
sebv,https://api.github.com/repos/appium/appium/pulls/3025,https://api.github.com/repos/appium/appium/issues/3025,closed,2014-07-01,2014-07-01,2014-07-01,e5d427ccaa2753023ff86b70478975f2aaf9d44c
sebv,https://api.github.com/repos/appium/appium/pulls/3019,https://api.github.com/repos/appium/appium/issues/3019,closed,2014-07-01,2016-11-18,2014-07-01,02a5befe3a062a505a169d9d946a5f5c6d09098e
sebv,https://api.github.com/repos/appium/appium/pulls/3018,https://api.github.com/repos/appium/appium/issues/3018,closed,2014-07-01,2014-07-01,2014-07-01,e36d1bf8f65c101197f4efa46e06e9c664d4ab64
sebv,https://api.github.com/repos/appium/appium/pulls/3017,https://api.github.com/repos/appium/appium/issues/3017,closed,2014-07-01,2014-07-01,2014-07-01,d40168dace722f534ae5a7e7e42fbe9e163a69a7
sebv,https://api.github.com/repos/appium/appium/pulls/3014,https://api.github.com/repos/appium/appium/issues/3014,closed,2014-07-01,2014-07-01,2014-07-01,af3bd20d2a1e5a43b0bb250797addc1686895cc7
knorrium,https://api.github.com/repos/appium/appium/pulls/3013,https://api.github.com/repos/appium/appium/issues/3013,closed,2014-07-01,2014-07-01,2014-07-01,9daef28060785b247e4de70eb2b4dcac94e6f071
imurchie,https://api.github.com/repos/appium/appium/pulls/3012,https://api.github.com/repos/appium/appium/issues/3012,closed,2014-06-30,2014-11-17,2014-07-01,cfcc2419e3bbbcf3221e1416ffd479b078b8202e
imurchie,https://api.github.com/repos/appium/appium/pulls/3010,https://api.github.com/repos/appium/appium/issues/3010,closed,2014-06-30,2014-11-17,2014-06-30,4452a2b5cc64a380137fc37f4e9ee562a4298949
bootstraponline,https://api.github.com/repos/appium/appium/pulls/3007,https://api.github.com/repos/appium/appium/issues/3007,closed,2014-06-30,2014-07-01,2014-07-01,10691249789021a060d83eced75ccadea0767be9
sebv,https://api.github.com/repos/appium/appium/pulls/3001,https://api.github.com/repos/appium/appium/issues/3001,closed,2014-06-28,2014-06-28,2014-06-28,3a6f72f14e1984a9c94cc214296abca3e10b1881
bootstraponline,https://api.github.com/repos/appium/appium/pulls/2994,https://api.github.com/repos/appium/appium/issues/2994,closed,2014-06-28,2014-06-28,2014-06-28,ceb8e1eecd1174ea8da1163db6d4f2d95106f23b
moizjv,https://api.github.com/repos/appium/appium/pulls/2993,https://api.github.com/repos/appium/appium/issues/2993,closed,2014-06-27,2014-06-30,2014-06-27,acfcbd45a59d6d04c35b957f7c5cf0fc52cecc0e
moizjv,https://api.github.com/repos/appium/appium/pulls/2992,https://api.github.com/repos/appium/appium/issues/2992,closed,2014-06-27,2014-06-27,2014-06-27,28816d05f5a3077c815a3ec8b019c9b0c8d39e69
bootstraponline,https://api.github.com/repos/appium/appium/pulls/2991,https://api.github.com/repos/appium/appium/issues/2991,closed,2014-06-27,2014-06-27,2014-06-27,6eee576fe35743bc7f5614c65397c5677c1fb805
moizjv,https://api.github.com/repos/appium/appium/pulls/2989,https://api.github.com/repos/appium/appium/issues/2989,closed,2014-06-27,2014-06-27,,696735cbb9fac7d4f8a5aad293f67af9923e9375
sebv,https://api.github.com/repos/appium/appium/pulls/2988,https://api.github.com/repos/appium/appium/issues/2988,closed,2014-06-27,2014-06-27,2014-06-27,add193abf227b1cf36aa8b9dba974ef2852e9d21
sebv,https://api.github.com/repos/appium/appium/pulls/2987,https://api.github.com/repos/appium/appium/issues/2987,closed,2014-06-27,2014-06-27,2014-06-27,40cd790b29052c04d87b943cc57829eaed985717
moizjv,https://api.github.com/repos/appium/appium/pulls/2976,https://api.github.com/repos/appium/appium/issues/2976,closed,2014-06-26,2014-06-26,2014-06-26,cb9f564cfc3f3cf1018b23b591785840d239bf06
imurchie,https://api.github.com/repos/appium/appium/pulls/2972,https://api.github.com/repos/appium/appium/issues/2972,closed,2014-06-26,2014-06-30,2014-06-27,13ba25bfc26ff49ed586a88999c700484e65af51
sebv,https://api.github.com/repos/appium/appium/pulls/2968,https://api.github.com/repos/appium/appium/issues/2968,closed,2014-06-26,2014-06-26,2014-06-26,7ae16cecc5ebed22ae84e9e4d1a5f420801ecf0e
imurchie,https://api.github.com/repos/appium/appium/pulls/2965,https://api.github.com/repos/appium/appium/issues/2965,closed,2014-06-26,2014-11-17,2014-06-26,c97d5b5a2a3d19fc5d67a0dfe3b989705bc82149
moizjv,https://api.github.com/repos/appium/appium/pulls/2960,https://api.github.com/repos/appium/appium/issues/2960,closed,2014-06-26,2014-06-26,2014-06-26,67c49dfe146980bf7bd2be127a896b74a4afb0da
moizjv,https://api.github.com/repos/appium/appium/pulls/2958,https://api.github.com/repos/appium/appium/issues/2958,closed,2014-06-25,2014-06-25,2014-06-25,2fb24f35cbb5750f799175f16f29bcbd0eff2911
moizjv,https://api.github.com/repos/appium/appium/pulls/2957,https://api.github.com/repos/appium/appium/issues/2957,closed,2014-06-25,2014-06-25,2014-06-25,df424a3bd1f6e48f45833811ec5e687c1880e15d
imurchie,https://api.github.com/repos/appium/appium/pulls/2956,https://api.github.com/repos/appium/appium/issues/2956,closed,2014-06-25,2014-06-30,,85ed52a707941a9b9843e04c67193b53d98a9de3
imurchie,https://api.github.com/repos/appium/appium/pulls/2955,https://api.github.com/repos/appium/appium/issues/2955,closed,2014-06-25,2014-06-25,2014-06-25,ecb492b0cee49695b9d2b290475d9f58070c4bfe
sebv,https://api.github.com/repos/appium/appium/pulls/2953,https://api.github.com/repos/appium/appium/issues/2953,closed,2014-06-25,2014-06-25,2014-06-25,4e6cb9be1f06a11c2552db4d807b0784b9e695e7
imurchie,https://api.github.com/repos/appium/appium/pulls/2945,https://api.github.com/repos/appium/appium/issues/2945,closed,2014-06-25,2014-11-17,2014-06-26,967ced7500928453944737158f63e507e723264d
Jonahss,https://api.github.com/repos/appium/appium/pulls/2944,https://api.github.com/repos/appium/appium/issues/2944,closed,2014-06-25,2014-06-28,2014-06-28,bae8b41aa600a8acc86f666be3396b2154ac5f83
Jonahss,https://api.github.com/repos/appium/appium/pulls/2943,https://api.github.com/repos/appium/appium/issues/2943,closed,2014-06-24,2014-06-24,2014-06-24,3e9b9b293d0bdddb014cf2a13aa7a3bdf17fa74c
bootstraponline,https://api.github.com/repos/appium/appium/pulls/2941,https://api.github.com/repos/appium/appium/issues/2941,closed,2014-06-24,2014-06-24,2014-06-24,b9c5f774ec41c74b0c23db7a04062934ca769752
bootstraponline,https://api.github.com/repos/appium/appium/pulls/2939,https://api.github.com/repos/appium/appium/issues/2939,closed,2014-06-24,2014-06-25,2014-06-25,b7aca0c66675a417f8e317f2f19ea1159b5bc767
paymand,https://api.github.com/repos/appium/appium/pulls/2937,https://api.github.com/repos/appium/appium/issues/2937,closed,2014-06-24,2014-06-26,2014-06-26,3de60d60f7e68ba348b0efc4559ef336b22a0a12
Mikrovolnovka,https://api.github.com/repos/appium/appium/pulls/2936,https://api.github.com/repos/appium/appium/issues/2936,closed,2014-06-24,2014-06-26,,f0fc695bfd957760d93109b1f1cadbff0e4118f7
jlipps,https://api.github.com/repos/appium/appium/pulls/2933,https://api.github.com/repos/appium/appium/issues/2933,closed,2014-06-23,2014-06-24,2014-06-24,84129addb5f8464805d128c5222a44c7c9ca8442
Jonahss,https://api.github.com/repos/appium/appium/pulls/2931,https://api.github.com/repos/appium/appium/issues/2931,closed,2014-06-23,2014-06-23,2014-06-23,0a5b1d0aae9fd916488f31904cc9c8018d60e3c5
jlipps,https://api.github.com/repos/appium/appium/pulls/2929,https://api.github.com/repos/appium/appium/issues/2929,closed,2014-06-23,2014-06-23,2014-06-23,db37ffa145d5c2cadd6c934ffb8dd802205f40ce
Mikrovolnovka,https://api.github.com/repos/appium/appium/pulls/2922,https://api.github.com/repos/appium/appium/issues/2922,closed,2014-06-23,2014-06-23,2014-06-23,62992ad9eb1fd18609859bf047c43ff9f1876a6a
imurchie,https://api.github.com/repos/appium/appium/pulls/2920,https://api.github.com/repos/appium/appium/issues/2920,closed,2014-06-22,2014-06-23,2014-06-23,c76ecac3b9022dc559165c727267640ae2344ba5
JamieEdge,https://api.github.com/repos/appium/appium/pulls/2917,https://api.github.com/repos/appium/appium/issues/2917,closed,2014-06-21,2014-06-23,2014-06-23,dbd49ea40dfc00e08120a279e45840b7a9eb0018
sebv,https://api.github.com/repos/appium/appium/pulls/2913,https://api.github.com/repos/appium/appium/issues/2913,closed,2014-06-20,2014-06-23,2014-06-20,39e59f81dd53698677c37a541f37f7a427f7fcff
sebv,https://api.github.com/repos/appium/appium/pulls/2905,https://api.github.com/repos/appium/appium/issues/2905,closed,2014-06-20,2014-06-20,2014-06-20,ac4eeb8911c5b109472dcd3d049c23f5c2f32350
jlipps,https://api.github.com/repos/appium/appium/pulls/2902,https://api.github.com/repos/appium/appium/issues/2902,closed,2014-06-19,2014-06-19,2014-06-19,3c9c92078a1dcc07ec7f49a5873aa34636b04ef3
sebv,https://api.github.com/repos/appium/appium/pulls/2892,https://api.github.com/repos/appium/appium/issues/2892,closed,2014-06-18,2014-06-18,2014-06-18,ec2acbf38831caa3bbe1a3f8c0800e117405f1d0
Jonahss,https://api.github.com/repos/appium/appium/pulls/2889,https://api.github.com/repos/appium/appium/issues/2889,closed,2014-06-18,2014-06-18,2014-06-18,3da6855ce0da50cd313c674088cd45d85a153739
Jonahss,https://api.github.com/repos/appium/appium/pulls/2888,https://api.github.com/repos/appium/appium/issues/2888,closed,2014-06-17,2014-06-17,2014-06-17,fe900aee84daf81717330a9f5ec9bbba0e758b36
JamieEdge,https://api.github.com/repos/appium/appium/pulls/2887,https://api.github.com/repos/appium/appium/issues/2887,closed,2014-06-17,2014-06-17,2014-06-17,15a70b09be22ef6682cd58621ad309ececa3c0cf
rickihastings,https://api.github.com/repos/appium/appium/pulls/2880,https://api.github.com/repos/appium/appium/issues/2880,closed,2014-06-17,2014-06-17,2014-06-17,d3b2e4de54072c523080eb87bc81acae856d7f61
sebv,https://api.github.com/repos/appium/appium/pulls/2876,https://api.github.com/repos/appium/appium/issues/2876,closed,2014-06-17,2014-06-18,2014-06-17,9683948d2a49806cd5a5eb6a6ced71454add6fa3
moizjv,https://api.github.com/repos/appium/appium/pulls/2875,https://api.github.com/repos/appium/appium/issues/2875,closed,2014-06-17,2014-06-23,2014-06-18,a68ad7b5c9a996b7b8b280a0ca9a69dae1768601
boxiong,https://api.github.com/repos/appium/appium/pulls/2872,https://api.github.com/repos/appium/appium/issues/2872,closed,2014-06-16,2014-06-16,,5d01d9a64154ac43efc5599beec085d5985750d4
moizjv,https://api.github.com/repos/appium/appium/pulls/2870,https://api.github.com/repos/appium/appium/issues/2870,closed,2014-06-16,2014-06-18,2014-06-16,7f830737c0bd8e84b27c5cf84087040925448158
sebv,https://api.github.com/repos/appium/appium/pulls/2862,https://api.github.com/repos/appium/appium/issues/2862,closed,2014-06-16,2014-06-16,2014-06-16,74351f3c458089dfd60a2cf7713cd5cd85da1eac
sebv,https://api.github.com/repos/appium/appium/pulls/2860,https://api.github.com/repos/appium/appium/issues/2860,closed,2014-06-16,2014-06-16,2014-06-16,7de0e47de3c2ddd900b8ff2cbfc2b3cba72ba7f7
sebv,https://api.github.com/repos/appium/appium/pulls/2859,https://api.github.com/repos/appium/appium/issues/2859,closed,2014-06-16,2014-06-16,2014-06-16,d99ba16ea30485b88f8654f2c950482d511a2b76
JamieEdge,https://api.github.com/repos/appium/appium/pulls/2857,https://api.github.com/repos/appium/appium/issues/2857,closed,2014-06-14,2014-06-15,2014-06-15,a836f615f9e1fcffcf15d819badbae929e4f757b
moizjv,https://api.github.com/repos/appium/appium/pulls/2856,https://api.github.com/repos/appium/appium/issues/2856,closed,2014-06-14,2014-06-17,,2355049bb8066a6dc71d7f5305af29582332cdec
Jonahss,https://api.github.com/repos/appium/appium/pulls/2854,https://api.github.com/repos/appium/appium/issues/2854,closed,2014-06-13,2014-06-16,2014-06-16,e0fe1489ce1228186b480589118a4024a177198e
paymand,https://api.github.com/repos/appium/appium/pulls/2852,https://api.github.com/repos/appium/appium/issues/2852,closed,2014-06-13,2014-06-13,2014-06-13,94167ed2763db1029b45cc041c906b16da404164
sebv,https://api.github.com/repos/appium/appium/pulls/2848,https://api.github.com/repos/appium/appium/issues/2848,closed,2014-06-13,2014-06-13,2014-06-13,d0f3756b44f45ccaa18b45793fa6b88d2cbb330b
sebv,https://api.github.com/repos/appium/appium/pulls/2846,https://api.github.com/repos/appium/appium/issues/2846,closed,2014-06-13,2014-06-14,2014-06-13,b746d75555502effcb73688cd1f1399259f7d9ef
sebv,https://api.github.com/repos/appium/appium/pulls/2845,https://api.github.com/repos/appium/appium/issues/2845,closed,2014-06-13,2014-06-13,2014-06-13,372759ad6001f6252b9bfef282183ccc1c75dbc4
Jonahss,https://api.github.com/repos/appium/appium/pulls/2842,https://api.github.com/repos/appium/appium/issues/2842,closed,2014-06-12,2014-06-12,2014-06-12,85836e003db468a610619aebb1637f58ed2b49a9
sebv,https://api.github.com/repos/appium/appium/pulls/2836,https://api.github.com/repos/appium/appium/issues/2836,closed,2014-06-12,2014-06-12,2014-06-12,8a271405f3188db6f62ae01053a5570eceaa8dc8
bootstraponline,https://api.github.com/repos/appium/appium/pulls/2834,https://api.github.com/repos/appium/appium/issues/2834,closed,2014-06-12,2014-06-13,2014-06-12,f46a99b496cfc3873043d5ffc950cf61712e9dd8
imurchie,https://api.github.com/repos/appium/appium/pulls/2832,https://api.github.com/repos/appium/appium/issues/2832,closed,2014-06-11,2014-11-17,2014-06-12,5d6b3265649a552abe233c96bb0811e9680cd52f
sebv,https://api.github.com/repos/appium/appium/pulls/2830,https://api.github.com/repos/appium/appium/issues/2830,closed,2014-06-11,2014-06-12,2014-06-11,fe8fb4ab43f9b148bc6848f58dfe719186845f49
sebv,https://api.github.com/repos/appium/appium/pulls/2827,https://api.github.com/repos/appium/appium/issues/2827,closed,2014-06-11,2014-06-12,2014-06-11,c8a5c139633d68db72a7ac05360691300ec51e9f
JamieEdge,https://api.github.com/repos/appium/appium/pulls/2820,https://api.github.com/repos/appium/appium/issues/2820,closed,2014-06-10,2014-06-13,2014-06-13,01c012b476bb9f15960afb9905605c0e33fb6717
jlipps,https://api.github.com/repos/appium/appium/pulls/2819,https://api.github.com/repos/appium/appium/issues/2819,closed,2014-06-10,2014-06-12,2014-06-10,4aa7f99ae8adcf531d086c0a8d02afc1f0cf85ac
bootstraponline,https://api.github.com/repos/appium/appium/pulls/2817,https://api.github.com/repos/appium/appium/issues/2817,closed,2014-06-10,2014-06-13,2014-06-10,49d19bf096a79e45d51312ab8d072260540f0324
sebv,https://api.github.com/repos/appium/appium/pulls/2813,https://api.github.com/repos/appium/appium/issues/2813,closed,2014-06-10,2014-06-16,2014-06-10,0818fc51b3c65edf8343249c340293a6715e8df0
sebv,https://api.github.com/repos/appium/appium/pulls/2810,https://api.github.com/repos/appium/appium/issues/2810,closed,2014-06-10,2014-06-12,2014-06-10,cc209c1d74b6e63eb8a30d872a294a6952593624
sebv,https://api.github.com/repos/appium/appium/pulls/2808,https://api.github.com/repos/appium/appium/issues/2808,closed,2014-06-10,2014-06-12,2014-06-10,4953e221b094ce5de076e67680fed7ac9f392bc4
Jonahss,https://api.github.com/repos/appium/appium/pulls/2807,https://api.github.com/repos/appium/appium/issues/2807,closed,2014-06-10,2014-06-12,2014-06-11,e59a997491882023fd4c3333b049246593e82779
moizjv,https://api.github.com/repos/appium/appium/pulls/2806,https://api.github.com/repos/appium/appium/issues/2806,closed,2014-06-09,2014-06-12,2014-06-09,083d8639c32ab631f118c5eee5c2b7571b97b88b
bootstraponline,https://api.github.com/repos/appium/appium/pulls/2803,https://api.github.com/repos/appium/appium/issues/2803,closed,2014-06-09,2014-06-25,2014-06-09,70c235128a047576fce05d0c652a29f73038f95e
imurchie,https://api.github.com/repos/appium/appium/pulls/2802,https://api.github.com/repos/appium/appium/issues/2802,closed,2014-06-09,2014-11-17,2014-06-10,59a14b80657e330ea6ad0f152f39679f69196e7c
bootstraponline,https://api.github.com/repos/appium/appium/pulls/2799,https://api.github.com/repos/appium/appium/issues/2799,closed,2014-06-09,2014-07-05,2014-06-09,26a23f277746965fefc05e5547492442745d89e7
sebv,https://api.github.com/repos/appium/appium/pulls/2796,https://api.github.com/repos/appium/appium/issues/2796,closed,2014-06-09,2014-06-13,2014-06-09,c58d4b239f5d0d23e43421f2773e768c323fe0d4
thebeekeeper,https://api.github.com/repos/appium/appium/pulls/2795,https://api.github.com/repos/appium/appium/issues/2795,closed,2014-06-09,2014-06-26,,ca323985c35c1af4e2136309e75190b49126cd9c
thebeekeeper,https://api.github.com/repos/appium/appium/pulls/2794,https://api.github.com/repos/appium/appium/issues/2794,closed,2014-06-09,2014-06-12,,85c5fae5cbaf62c1c8fda3b55918379f4f256f4f
bootstraponline,https://api.github.com/repos/appium/appium/pulls/2789,https://api.github.com/repos/appium/appium/issues/2789,closed,2014-06-06,2014-07-05,2014-06-06,fd28d7470a5425aa3486fa77758d61812929ba5c
bootstraponline,https://api.github.com/repos/appium/appium/pulls/2788,https://api.github.com/repos/appium/appium/issues/2788,closed,2014-06-06,2014-06-15,2014-06-06,a8ce96e01206f86cec1222a6c7a27ad70fc7039a
fbai,https://api.github.com/repos/appium/appium/pulls/2785,https://api.github.com/repos/appium/appium/issues/2785,closed,2014-06-06,2014-07-05,2014-06-06,a979b28fd735232003e0270a3f8f73cd99da2ac0
jlipps,https://api.github.com/repos/appium/appium/pulls/2783,https://api.github.com/repos/appium/appium/issues/2783,closed,2014-06-06,2014-06-12,2014-06-06,f778e1670e1ef778add5824321a4429c12687078
moizjv,https://api.github.com/repos/appium/appium/pulls/2782,https://api.github.com/repos/appium/appium/issues/2782,closed,2014-06-05,2014-06-16,2014-06-06,bfd45c76b07297d1ff48b3a5a5cbd5487a4b6979
curtissiemens,https://api.github.com/repos/appium/appium/pulls/2781,https://api.github.com/repos/appium/appium/issues/2781,closed,2014-06-05,2014-07-05,2014-06-05,a2545e32d9c185534f7315257daae114e76aad85
paymand,https://api.github.com/repos/appium/appium/pulls/2777,https://api.github.com/repos/appium/appium/issues/2777,closed,2014-06-05,2014-06-25,2014-06-05,30517d4e26249d19d9b505b64321ccd22cc7e364
sebv,https://api.github.com/repos/appium/appium/pulls/2776,https://api.github.com/repos/appium/appium/issues/2776,closed,2014-06-05,2014-06-29,2014-06-05,82d1476c76609390f78b2b225766105eab816599
paymand,https://api.github.com/repos/appium/appium/pulls/2774,https://api.github.com/repos/appium/appium/issues/2774,closed,2014-06-05,2014-07-05,,cdbeaebbc8a8bc947f79a306fb2bf213cb1648a7
moizjv,https://api.github.com/repos/appium/appium/pulls/2769,https://api.github.com/repos/appium/appium/issues/2769,closed,2014-06-04,2014-06-23,,5f2dbfdb76118fa15052cc22b25edebf4f3aa385
bootstraponline,https://api.github.com/repos/appium/appium/pulls/2767,https://api.github.com/repos/appium/appium/issues/2767,closed,2014-06-04,2014-06-12,,5bd5cbf5e14016462b620d4f58c70befcbdc125f
sebv,https://api.github.com/repos/appium/appium/pulls/2762,https://api.github.com/repos/appium/appium/issues/2762,closed,2014-06-04,2014-06-30,2014-06-04,b669c8307aed6d057bcce0dd6e76dcb3c363e892
sebv,https://api.github.com/repos/appium/appium/pulls/2760,https://api.github.com/repos/appium/appium/issues/2760,closed,2014-06-04,2014-06-30,2014-06-04,1e21bbed8c14588c62d1c6549a3321272bf11453
sebv,https://api.github.com/repos/appium/appium/pulls/2759,https://api.github.com/repos/appium/appium/issues/2759,closed,2014-06-04,2014-06-20,2014-06-04,1658c8e91bbad0098fcd87dce8ae4fc356c4b654
sebv,https://api.github.com/repos/appium/appium/pulls/2758,https://api.github.com/repos/appium/appium/issues/2758,closed,2014-06-04,2014-06-12,2014-06-04,8e361f90c08e5b39cf4900d223d888f53ff5b6eb
bootstraponline,https://api.github.com/repos/appium/appium/pulls/2754,https://api.github.com/repos/appium/appium/issues/2754,closed,2014-06-03,2014-06-14,2014-06-04,3b2ed0343d598f1a922ff1df1ee6d269b773fa77
imurchie,https://api.github.com/repos/appium/appium/pulls/2748,https://api.github.com/repos/appium/appium/issues/2748,closed,2014-06-03,2014-11-17,2014-06-04,eccb74efcae890e1869f30280fe3cb11b7bda5ee
marley71,https://api.github.com/repos/appium/appium/pulls/2747,https://api.github.com/repos/appium/appium/issues/2747,closed,2014-06-03,2014-06-16,,194eaa9dc0786f266c1a52c5799dd4242f7f3083
sebv,https://api.github.com/repos/appium/appium/pulls/2745,https://api.github.com/repos/appium/appium/issues/2745,closed,2014-06-03,2014-07-02,2014-06-03,3bfb83c4a334a2f41f47ce37b335a03460eab5e7
sebv,https://api.github.com/repos/appium/appium/pulls/2742,https://api.github.com/repos/appium/appium/issues/2742,closed,2014-06-03,2014-06-30,2014-06-03,608db3bb99c00848542bf5f6d379100a193a2590
sebv,https://api.github.com/repos/appium/appium/pulls/2741,https://api.github.com/repos/appium/appium/issues/2741,closed,2014-06-03,2014-06-14,2014-06-03,38471f3f9e9bd5b38ed678daf96064f3e919349b
sebv,https://api.github.com/repos/appium/appium/pulls/2739,https://api.github.com/repos/appium/appium/issues/2739,closed,2014-06-03,2014-06-13,2014-06-03,a9ba4564ff34c3f003e05307e8750a5588cafb1d
bootstraponline,https://api.github.com/repos/appium/appium/pulls/2737,https://api.github.com/repos/appium/appium/issues/2737,closed,2014-06-03,2014-06-25,2014-06-04,56b7e2940ec99e11348f1c54e8453bb9b4853aee
imurchie,https://api.github.com/repos/appium/appium/pulls/2736,https://api.github.com/repos/appium/appium/issues/2736,closed,2014-06-02,2014-11-17,2014-06-03,5578658393101f55b7e16f6e3ddc0b61f2facc11
sebv,https://api.github.com/repos/appium/appium/pulls/2731,https://api.github.com/repos/appium/appium/issues/2731,closed,2014-06-02,2014-06-16,2014-06-04,416363bac55608427d0c8b0b1331883edf35e768
imurchie,https://api.github.com/repos/appium/appium/pulls/2729,https://api.github.com/repos/appium/appium/issues/2729,closed,2014-06-02,2014-11-17,2014-06-02,631b2f73e9f64df1e9fb52703937fc2d403ab422
bootstraponline,https://api.github.com/repos/appium/appium/pulls/2727,https://api.github.com/repos/appium/appium/issues/2727,closed,2014-06-01,2014-06-13,2014-06-02,a65ecee2d141917bb6abe76bcdcd386de23b9257
JamieEdge,https://api.github.com/repos/appium/appium/pulls/2726,https://api.github.com/repos/appium/appium/issues/2726,closed,2014-06-01,2014-06-14,2014-06-01,1bd61dcfb6ce96bcbfe6e0c518fc6821946b148b
testerhome,https://api.github.com/repos/appium/appium/pulls/2724,https://api.github.com/repos/appium/appium/issues/2724,closed,2014-05-31,2014-06-12,2014-06-02,e453d2948b4e3874517a73c4055745ced852bb41
sebv,https://api.github.com/repos/appium/appium/pulls/2723,https://api.github.com/repos/appium/appium/issues/2723,closed,2014-05-31,2014-07-05,2014-05-31,05445598a9203d50bb35dfb545c9b191c73d5384
imurchie,https://api.github.com/repos/appium/appium/pulls/2722,https://api.github.com/repos/appium/appium/issues/2722,closed,2014-05-31,2014-11-17,2014-05-31,16e18f802c02f513b300a2f2b1de2bb36ef7de01
jlipps,https://api.github.com/repos/appium/appium/pulls/2718,https://api.github.com/repos/appium/appium/issues/2718,closed,2014-05-30,2014-06-13,2014-05-30,e179da48b8e9b43db62ed11a62f576af83253208
jlipps,https://api.github.com/repos/appium/appium/pulls/2717,https://api.github.com/repos/appium/appium/issues/2717,closed,2014-05-30,2014-06-14,2014-05-31,d1279505708dde72085a63ac48cb90f311c95f91
imurchie,https://api.github.com/repos/appium/appium/pulls/2714,https://api.github.com/repos/appium/appium/issues/2714,closed,2014-05-30,2014-07-05,2014-05-30,bea55f1fabb619c124756a1bad2f0d4946d9ffaa
bootstraponline,https://api.github.com/repos/appium/appium/pulls/2712,https://api.github.com/repos/appium/appium/issues/2712,closed,2014-05-30,2014-07-05,2014-05-30,2eb8524fe5e16d84360a81636c0bf6f844ffe7c9
sebv,https://api.github.com/repos/appium/appium/pulls/2710,https://api.github.com/repos/appium/appium/issues/2710,closed,2014-05-30,2014-07-05,2014-05-30,8281499b21ef9d7a5ceaab3c124d14edef3a8707
sebv,https://api.github.com/repos/appium/appium/pulls/2709,https://api.github.com/repos/appium/appium/issues/2709,closed,2014-05-30,2014-07-05,2014-05-30,7c4610a2614d98d27e820cb58fc9347c02723e2f
sebv,https://api.github.com/repos/appium/appium/pulls/2708,https://api.github.com/repos/appium/appium/issues/2708,closed,2014-05-30,2014-07-05,2014-05-30,60bc39cfed0b09be63905b33fad543a0649ed4ad
jdeff,https://api.github.com/repos/appium/appium/pulls/2707,https://api.github.com/repos/appium/appium/issues/2707,closed,2014-05-29,2014-07-05,2014-05-29,65d18b002b37df24bd89ed958a37f5c181490afe
jlipps,https://api.github.com/repos/appium/appium/pulls/2706,https://api.github.com/repos/appium/appium/issues/2706,closed,2014-05-29,2014-06-12,2014-05-29,d30bff3a26a4f43671c4b71073c259452de86dbe
imurchie,https://api.github.com/repos/appium/appium/pulls/2703,https://api.github.com/repos/appium/appium/issues/2703,closed,2014-05-29,2014-11-17,2014-05-29,ef3918eb69452d7eacf2d4ae7971d89f0f97c761
marley71,https://api.github.com/repos/appium/appium/pulls/2701,https://api.github.com/repos/appium/appium/issues/2701,closed,2014-05-29,2014-06-12,,ef0e8d4e21bfd643fbca490492b96f082c33e998
sebv,https://api.github.com/repos/appium/appium/pulls/2700,https://api.github.com/repos/appium/appium/issues/2700,closed,2014-05-29,2014-07-05,2014-05-29,1b78f35c532f8db73639bacc2aaa4c559cd2af17
curtissiemens,https://api.github.com/repos/appium/appium/pulls/2696,https://api.github.com/repos/appium/appium/issues/2696,closed,2014-05-28,2014-07-05,2014-05-28,436f7836f6c7ab19a1d30702c2e59c466ccab33c
sebv,https://api.github.com/repos/appium/appium/pulls/2695,https://api.github.com/repos/appium/appium/issues/2695,closed,2014-05-28,2014-07-05,2014-05-28,3ae82144342a408575817506974b761c19e6323a
curtissiemens,https://api.github.com/repos/appium/appium/pulls/2690,https://api.github.com/repos/appium/appium/issues/2690,closed,2014-05-27,2014-06-18,,6f4412e962ca59b7ead63183d720401f94305766
bootstraponline,https://api.github.com/repos/appium/appium/pulls/2689,https://api.github.com/repos/appium/appium/issues/2689,closed,2014-05-27,2014-06-15,2014-05-27,255c4b39d75e564b15fcc661aee31655cf7b98c9
sebv,https://api.github.com/repos/appium/appium/pulls/2687,https://api.github.com/repos/appium/appium/issues/2687,closed,2014-05-27,2014-07-05,2014-05-28,35abb96e933647c0abcdd402becc556f58a5e25d
sebv,https://api.github.com/repos/appium/appium/pulls/2686,https://api.github.com/repos/appium/appium/issues/2686,closed,2014-05-27,2014-06-22,2014-05-27,af98e70e0751ffb6e3b815c642258ffc1c2ec66b
sah,https://api.github.com/repos/appium/appium/pulls/2675,https://api.github.com/repos/appium/appium/issues/2675,closed,2014-05-26,2014-07-05,2014-05-26,caa4c73df877329af6828a1ce579cc4b0fb85d69
sebv,https://api.github.com/repos/appium/appium/pulls/2674,https://api.github.com/repos/appium/appium/issues/2674,closed,2014-05-26,2014-06-15,,723ad46a85080ff509f634935c36537bffef9ce1
paymand,https://api.github.com/repos/appium/appium/pulls/2673,https://api.github.com/repos/appium/appium/issues/2673,closed,2014-05-26,2014-06-13,2014-05-28,3a47e8d8c79d3b7f7a80b742e8c09c98c8265b27
sebv,https://api.github.com/repos/appium/appium/pulls/2671,https://api.github.com/repos/appium/appium/issues/2671,closed,2014-05-26,2014-07-05,2014-05-26,b26789d5fc6613cd6df42cc74f11f7a72e5bde02
sebv,https://api.github.com/repos/appium/appium/pulls/2670,https://api.github.com/repos/appium/appium/issues/2670,closed,2014-05-26,2014-06-26,2014-05-26,aedfd4cbf4ac79c83dc8d8f9497751993709ac33
sebv,https://api.github.com/repos/appium/appium/pulls/2667,https://api.github.com/repos/appium/appium/issues/2667,closed,2014-05-25,2014-07-05,2014-05-25,e2e4b554e4fc69b1450da457f2bada09f91e28ba
JamieEdge,https://api.github.com/repos/appium/appium/pulls/2666,https://api.github.com/repos/appium/appium/issues/2666,closed,2014-05-25,2014-06-13,2014-05-27,291df3622567a4daa1a3d22e5359517eea85d205
sebv,https://api.github.com/repos/appium/appium/pulls/2664,https://api.github.com/repos/appium/appium/issues/2664,closed,2014-05-24,2014-07-05,2014-05-24,723085eedadab3537c412a236f7eaca5559fb7fd
gempesaw,https://api.github.com/repos/appium/appium/pulls/2663,https://api.github.com/repos/appium/appium/issues/2663,closed,2014-05-24,2014-07-05,2014-05-24,70d58832d8106fea1a3b6594646534c6433a5135
Jonahss,https://api.github.com/repos/appium/appium/pulls/2661,https://api.github.com/repos/appium/appium/issues/2661,closed,2014-05-23,2014-06-26,2014-05-23,0d8278294bbc016c0857e47ac7be1a1288cdb406
Jonahss,https://api.github.com/repos/appium/appium/pulls/2659,https://api.github.com/repos/appium/appium/issues/2659,closed,2014-05-23,2014-06-13,2014-05-23,e199e38e75fbf7f4010cfdaa4cc9fb20b67448c6
lukeis,https://api.github.com/repos/appium/appium/pulls/2658,https://api.github.com/repos/appium/appium/issues/2658,closed,2014-05-23,2014-06-23,,82e23599e7dd41ef2cd8d83454ece7fc7e0516fb
bootstraponline,https://api.github.com/repos/appium/appium/pulls/2657,https://api.github.com/repos/appium/appium/issues/2657,closed,2014-05-23,2014-06-18,2014-05-23,6184546b08e0d4bd636949520bb0fa410ea62518
Jonahss,https://api.github.com/repos/appium/appium/pulls/2656,https://api.github.com/repos/appium/appium/issues/2656,closed,2014-05-23,2014-06-25,2014-05-23,8051730fd4bb8301514e283c7a1f197df119d5d8
bootstraponline,https://api.github.com/repos/appium/appium/pulls/2654,https://api.github.com/repos/appium/appium/issues/2654,closed,2014-05-23,2014-06-22,2014-05-23,abb9d2b9671e96f7fe5866c1a63fee7e42437bb5
bootstraponline,https://api.github.com/repos/appium/appium/pulls/2651,https://api.github.com/repos/appium/appium/issues/2651,closed,2014-05-23,2014-06-17,2014-05-23,d65edccfb27e0861eb408b51c9c06de42a82b9cd
Jonahss,https://api.github.com/repos/appium/appium/pulls/2643,https://api.github.com/repos/appium/appium/issues/2643,closed,2014-05-22,2014-06-22,2014-05-22,496029ee3d6fe01e1ab9cec287b5158adc81e53c
sebv,https://api.github.com/repos/appium/appium/pulls/2642,https://api.github.com/repos/appium/appium/issues/2642,closed,2014-05-22,2014-06-30,2014-05-22,dabd495a6c0b5baec55b69253ded576e19f84c6c
sebv,https://api.github.com/repos/appium/appium/pulls/2640,https://api.github.com/repos/appium/appium/issues/2640,closed,2014-05-22,2014-07-05,2014-05-22,8242e839d71eec6ae0bac93b24617bb6f1df6728
sebv,https://api.github.com/repos/appium/appium/pulls/2638,https://api.github.com/repos/appium/appium/issues/2638,closed,2014-05-22,2014-06-12,2014-05-22,411a6cf1745236e87df9460284e6e3ac6e4e57fa
johnfkerbawy,https://api.github.com/repos/appium/appium/pulls/2633,https://api.github.com/repos/appium/appium/issues/2633,closed,2014-05-22,2014-06-25,2014-05-28,239161843f21069c4843fe4dc3e8e250127e6b0c
Jonahss,https://api.github.com/repos/appium/appium/pulls/2632,https://api.github.com/repos/appium/appium/issues/2632,closed,2014-05-21,2014-07-05,2014-05-21,fb4a9c378bcf66e65fd862ad82f4b61d1828d160
sebv,https://api.github.com/repos/appium/appium/pulls/2631,https://api.github.com/repos/appium/appium/issues/2631,closed,2014-05-21,2014-07-05,2014-05-21,bee4205bac838192a77b2716746786a0f9dd22cd
sebv,https://api.github.com/repos/appium/appium/pulls/2628,https://api.github.com/repos/appium/appium/issues/2628,closed,2014-05-21,2014-06-25,2014-05-21,00894a69cf1197f46537aac6b952de5444c2ee03
sebv,https://api.github.com/repos/appium/appium/pulls/2624,https://api.github.com/repos/appium/appium/issues/2624,closed,2014-05-21,2014-07-05,2014-05-21,2329e11c20f11a838143319c704fcb8b24860c36
sebv,https://api.github.com/repos/appium/appium/pulls/2622,https://api.github.com/repos/appium/appium/issues/2622,closed,2014-05-21,2014-07-04,2014-05-21,4f9b71fc49caf7bc3b0d71b0574dc0fd8b9ad687
bootstraponline,https://api.github.com/repos/appium/appium/pulls/2619,https://api.github.com/repos/appium/appium/issues/2619,closed,2014-05-20,2014-06-22,2014-05-21,636fdd455e381a9510a06fa98c6b2a8d4c48da60
sebv,https://api.github.com/repos/appium/appium/pulls/2617,https://api.github.com/repos/appium/appium/issues/2617,closed,2014-05-20,2014-07-05,2014-05-20,643b4127415d43769b9310e780582c5cc3b598cc
sebv,https://api.github.com/repos/appium/appium/pulls/2615,https://api.github.com/repos/appium/appium/issues/2615,closed,2014-05-20,2014-07-05,2014-05-20,529522d69f1b1494f0c0223863bf023fe13034ff
sebv,https://api.github.com/repos/appium/appium/pulls/2614,https://api.github.com/repos/appium/appium/issues/2614,closed,2014-05-20,2014-07-05,2014-05-20,99aa3299a54fe6ae3d464eb749b634d39afd7a3b
sebv,https://api.github.com/repos/appium/appium/pulls/2613,https://api.github.com/repos/appium/appium/issues/2613,closed,2014-05-20,2014-07-05,2014-05-20,16295d1ee48518cdd0cfb506439cc7d015971d08
sebv,https://api.github.com/repos/appium/appium/pulls/2603,https://api.github.com/repos/appium/appium/issues/2603,closed,2014-05-19,2014-07-05,2014-05-19,382204d4bbdb3976e5e04723baed96e62077684e
prolificcoder,https://api.github.com/repos/appium/appium/pulls/2600,https://api.github.com/repos/appium/appium/issues/2600,closed,2014-05-18,2014-07-05,,d6c5b40e76ab56878242a808220859eff1a08078
bootstraponline,https://api.github.com/repos/appium/appium/pulls/2599,https://api.github.com/repos/appium/appium/issues/2599,closed,2014-05-17,2014-07-01,2014-05-20,92dbbee17f9a57df6b590e3188d628f176ed70c0
tokunbo,https://api.github.com/repos/appium/appium/pulls/2595,https://api.github.com/repos/appium/appium/issues/2595,closed,2014-05-16,2014-07-05,,5514ace3ecdc499e89630de21d49a62b5ca02ba2
jdeff,https://api.github.com/repos/appium/appium/pulls/2594,https://api.github.com/repos/appium/appium/issues/2594,closed,2014-05-16,2014-07-05,,c13beacf7e5032337f5b8c3b374481962508e020
imurchie,https://api.github.com/repos/appium/appium/pulls/2592,https://api.github.com/repos/appium/appium/issues/2592,closed,2014-05-16,2014-06-23,2014-05-17,3f50572ad86259b99007f4c21d891992283fa91e
paymand,https://api.github.com/repos/appium/appium/pulls/2590,https://api.github.com/repos/appium/appium/issues/2590,closed,2014-05-16,2014-07-05,2014-05-17,81363852e9b4341be4cf50c52bd952c13fdf5f07
sebv,https://api.github.com/repos/appium/appium/pulls/2589,https://api.github.com/repos/appium/appium/issues/2589,closed,2014-05-16,2014-07-05,2014-05-16,4ad1252500e80d61eed768c67fbb3144f5663bec
callmewa,https://api.github.com/repos/appium/appium/pulls/2587,https://api.github.com/repos/appium/appium/issues/2587,closed,2014-05-15,2014-06-17,2014-05-21,e74f932a185967381199281d38c243c39fd3a0df
sebv,https://api.github.com/repos/appium/appium/pulls/2584,https://api.github.com/repos/appium/appium/issues/2584,closed,2014-05-15,2014-07-05,2014-05-15,2992dee93637f6695fe00311a92e874cf0f8eb56
paymand,https://api.github.com/repos/appium/appium/pulls/2583,https://api.github.com/repos/appium/appium/issues/2583,closed,2014-05-15,2014-07-05,2014-05-15,0f1d6f9ee46cb7f867e5151fb65e46ac9768944c
sebv,https://api.github.com/repos/appium/appium/pulls/2581,https://api.github.com/repos/appium/appium/issues/2581,closed,2014-05-15,2014-07-05,2014-05-15,aaa5f19346bb4edc98aea8ad51a5d2cea64d8564
lukeis,https://api.github.com/repos/appium/appium/pulls/2579,https://api.github.com/repos/appium/appium/issues/2579,closed,2014-05-15,2014-06-18,2014-05-15,87febf97e898a70e9e46fb836bfad76e9f8c0c73
bootstraponline,https://api.github.com/repos/appium/appium/pulls/2578,https://api.github.com/repos/appium/appium/issues/2578,closed,2014-05-15,2014-07-05,2014-05-15,fd85af41c8dc8724978b927254e4801d964810aa
imurchie,https://api.github.com/repos/appium/appium/pulls/2575,https://api.github.com/repos/appium/appium/issues/2575,closed,2014-05-14,2014-06-13,2014-05-14,261c7ca27181db8cdceb09fadf7ebaa460b740a2
sebv,https://api.github.com/repos/appium/appium/pulls/2569,https://api.github.com/repos/appium/appium/issues/2569,closed,2014-05-14,2014-07-05,2014-05-14,eb34ffdfb55948d5b927b23ff01221de94d3cb72
sebv,https://api.github.com/repos/appium/appium/pulls/2568,https://api.github.com/repos/appium/appium/issues/2568,closed,2014-05-14,2014-07-05,2014-05-14,ee69048f63ae5f82a6a069b99d7e319edce6235e
Jonahss,https://api.github.com/repos/appium/appium/pulls/2562,https://api.github.com/repos/appium/appium/issues/2562,closed,2014-05-13,2014-07-05,2014-05-14,2fa5f70d9608abd5dc67a8d616f5aa2dc9b0114e
bootstraponline,https://api.github.com/repos/appium/appium/pulls/2561,https://api.github.com/repos/appium/appium/issues/2561,closed,2014-05-13,2014-06-15,2014-05-13,dfd72eab3213ee0c58f51e6aab1ed9378a73237d
jlipps,https://api.github.com/repos/appium/appium/pulls/2559,https://api.github.com/repos/appium/appium/issues/2559,closed,2014-05-13,2014-07-05,2014-05-13,d88e8c78c3ffae11137fbc886d38b890a2605d9c
rgonalo,https://api.github.com/repos/appium/appium/pulls/2557,https://api.github.com/repos/appium/appium/issues/2557,closed,2014-05-13,2014-06-13,2014-05-13,3d63e1c7aff31dfcc16004d4cec677d54b88d3b3
sebv,https://api.github.com/repos/appium/appium/pulls/2556,https://api.github.com/repos/appium/appium/issues/2556,closed,2014-05-13,2014-07-05,2014-05-13,3a0b4117065734e1f37074b694235aa92d83699b
sebv,https://api.github.com/repos/appium/appium/pulls/2555,https://api.github.com/repos/appium/appium/issues/2555,closed,2014-05-13,2014-06-12,2014-05-13,e76ab1f479abefe2cd6d299dc4be284e6e8194b4
DylanLacey,https://api.github.com/repos/appium/appium/pulls/2553,https://api.github.com/repos/appium/appium/issues/2553,closed,2014-05-13,2014-07-05,2014-05-13,b7203cc6b32c4a1dd300bf89e58623a68ae8ba99
sebv,https://api.github.com/repos/appium/appium/pulls/2552,https://api.github.com/repos/appium/appium/issues/2552,closed,2014-05-13,2014-07-05,2014-05-13,dcf49873d17a8cfc0aca744e49e985b3556015d9
sebv,https://api.github.com/repos/appium/appium/pulls/2551,https://api.github.com/repos/appium/appium/issues/2551,closed,2014-05-13,2014-07-05,2014-05-13,75c9694908fd1e4343bd621feb7959600d488048
sebv,https://api.github.com/repos/appium/appium/pulls/2550,https://api.github.com/repos/appium/appium/issues/2550,closed,2014-05-13,2014-07-05,2014-05-13,9138bf31f91874eb07c6767b16e5c635270ae2cc
sebv,https://api.github.com/repos/appium/appium/pulls/2549,https://api.github.com/repos/appium/appium/issues/2549,closed,2014-05-13,2014-07-05,2014-05-13,fc3ef9f4aac3f189565393849520c531cbdb7173
rgonalo,https://api.github.com/repos/appium/appium/pulls/2545,https://api.github.com/repos/appium/appium/issues/2545,closed,2014-05-12,2014-07-05,2014-05-13,0a534d6979a50aefbd8fb5e41b4d3dffb827b7ef
vgrigoruk,https://api.github.com/repos/appium/appium/pulls/2544,https://api.github.com/repos/appium/appium/issues/2544,closed,2014-05-12,2014-06-12,2014-05-13,d74db81e29fb7815a28de9844507dd357e7ed632
paymand,https://api.github.com/repos/appium/appium/pulls/2543,https://api.github.com/repos/appium/appium/issues/2543,closed,2014-05-12,2014-06-14,,aadb7b3e6175a7f10d73ee26c5ab73057f4c9c9b
sebv,https://api.github.com/repos/appium/appium/pulls/2534,https://api.github.com/repos/appium/appium/issues/2534,closed,2014-05-10,2014-07-05,2014-05-10,fb5bdd8fcee6a0550a094d0c707db1ba57715a9e
bootstraponline,https://api.github.com/repos/appium/appium/pulls/2533,https://api.github.com/repos/appium/appium/issues/2533,closed,2014-05-10,2014-06-16,2014-05-10,5c92f3ce5105f38bdfce72ac3bdda0500f5779ef
bootstraponline,https://api.github.com/repos/appium/appium/pulls/2532,https://api.github.com/repos/appium/appium/issues/2532,closed,2014-05-10,2014-06-15,2014-05-10,3ce15ae2019832bc1e0db9bf4758b9ad4812e40c
penguinho,https://api.github.com/repos/appium/appium/pulls/2529,https://api.github.com/repos/appium/appium/issues/2529,closed,2014-05-10,2014-06-26,2014-05-12,4bc3c028943456c9ce6bd231f6ba73c9c2b9dc47
bootstraponline,https://api.github.com/repos/appium/appium/pulls/2526,https://api.github.com/repos/appium/appium/issues/2526,closed,2014-05-09,2014-06-17,2014-05-12,f0271f63c8bfc5648be9299681d50d7f374276be
rgonalo,https://api.github.com/repos/appium/appium/pulls/2522,https://api.github.com/repos/appium/appium/issues/2522,closed,2014-05-09,2014-07-05,2014-05-12,1ddd3b24b9fe6b0ff18908744b0bea090f02601b
bootstraponline,https://api.github.com/repos/appium/appium/pulls/2520,https://api.github.com/repos/appium/appium/issues/2520,closed,2014-05-08,2014-06-16,,fabeefe69319b49b9eb97819aef46195bdacad5e
bootstraponline,https://api.github.com/repos/appium/appium/pulls/2514,https://api.github.com/repos/appium/appium/issues/2514,closed,2014-05-08,2014-06-16,2014-05-08,5d715ecbdc424c8749d15382cac9cc3a6e330e75
jlipps,https://api.github.com/repos/appium/appium/pulls/2512,https://api.github.com/repos/appium/appium/issues/2512,closed,2014-05-08,2014-06-12,2014-05-12,aaf2319a6108bbec11280585173bcdc2a33c2010
bootstraponline,https://api.github.com/repos/appium/appium/pulls/2509,https://api.github.com/repos/appium/appium/issues/2509,closed,2014-05-08,2014-06-15,2014-05-08,f12d214db63734713bff23fb857629e77dbf826b
imurchie,https://api.github.com/repos/appium/appium/pulls/2503,https://api.github.com/repos/appium/appium/issues/2503,closed,2014-05-07,2014-06-20,2014-05-08,9d5be67c49fd60c6f96378e189c0e8bff4baba92
bootstraponline,https://api.github.com/repos/appium/appium/pulls/2501,https://api.github.com/repos/appium/appium/issues/2501,closed,2014-05-07,2014-06-13,2014-05-08,5bf53d2c3746f90259093b0d2df3d011a66cd90d
imurchie,https://api.github.com/repos/appium/appium/pulls/2491,https://api.github.com/repos/appium/appium/issues/2491,closed,2014-05-06,2014-11-17,2014-05-08,ba76bf57bb64f0970e845a1cf7e3f4d89f194581
Jonahss,https://api.github.com/repos/appium/appium/pulls/2490,https://api.github.com/repos/appium/appium/issues/2490,closed,2014-05-06,2014-06-20,2014-05-06,1b851ff7ba0eac62165c16d3d52fd3479cc9db08
bootstraponline,https://api.github.com/repos/appium/appium/pulls/2487,https://api.github.com/repos/appium/appium/issues/2487,closed,2014-05-06,2014-07-05,2014-05-06,2d1a98bec0e52df6cd9fb52b312a0a0112202718
fbai,https://api.github.com/repos/appium/appium/pulls/2485,https://api.github.com/repos/appium/appium/issues/2485,closed,2014-05-06,2014-06-18,,deb4f5b02d717afda568b71ff99214a7ac78f4e3
fbai,https://api.github.com/repos/appium/appium/pulls/2484,https://api.github.com/repos/appium/appium/issues/2484,closed,2014-05-06,2014-07-05,2014-05-06,a8fc30bbe835788cd49d90f1d6d9ca661f35770f
bootstraponline,https://api.github.com/repos/appium/appium/pulls/2483,https://api.github.com/repos/appium/appium/issues/2483,closed,2014-05-06,2014-06-20,2014-05-06,3879f2b00fa8dc0a042c462dfba070609b16c9aa
astayleraz,https://api.github.com/repos/appium/appium/pulls/2482,https://api.github.com/repos/appium/appium/issues/2482,closed,2014-05-05,2014-06-21,,
imurchie,https://api.github.com/repos/appium/appium/pulls/2476,https://api.github.com/repos/appium/appium/issues/2476,closed,2014-05-04,2014-07-05,2014-05-04,8760dbe9a3a599791ab1ad90614a47eb49be13fc
imurchie,https://api.github.com/repos/appium/appium/pulls/2470,https://api.github.com/repos/appium/appium/issues/2470,closed,2014-05-04,2014-11-17,2014-05-06,c8e78ceef215fab7f839b8dcbaa1592ebf572693
DylanLacey,https://api.github.com/repos/appium/appium/pulls/2467,https://api.github.com/repos/appium/appium/issues/2467,closed,2014-05-03,2014-07-02,2014-05-03,4585d78d3b1e06c824e84e555595ebff76aa1972
DylanLacey,https://api.github.com/repos/appium/appium/pulls/2466,https://api.github.com/repos/appium/appium/issues/2466,closed,2014-05-03,2014-07-05,2014-05-03,a956c7ae5bb7466a5821b20f4428d7dab8863db2
imurchie,https://api.github.com/repos/appium/appium/pulls/2465,https://api.github.com/repos/appium/appium/issues/2465,closed,2014-05-03,2014-08-20,2014-05-03,0a3509373014f65215d76e1daa18b365e3e18be2
Jonahss,https://api.github.com/repos/appium/appium/pulls/2464,https://api.github.com/repos/appium/appium/issues/2464,closed,2014-05-03,2014-07-05,2014-05-03,2b03cd5e5684f48bee2bed0e0a3b46dba9af312e
DylanLacey,https://api.github.com/repos/appium/appium/pulls/2463,https://api.github.com/repos/appium/appium/issues/2463,closed,2014-05-02,2014-07-05,2014-05-03,b68adaf330d08ab6c22b2217e68bd3f26a21ac2d
imurchie,https://api.github.com/repos/appium/appium/pulls/2461,https://api.github.com/repos/appium/appium/issues/2461,closed,2014-05-02,2014-08-20,2014-05-02,8b80be72b28633fe1b955c49c092bc62d4d978f9
imurchie,https://api.github.com/repos/appium/appium/pulls/2460,https://api.github.com/repos/appium/appium/issues/2460,closed,2014-05-02,2014-08-20,2014-05-02,9ff1f95a3df9d9672e5f54f2e46d0ca62791cf80
jlipps,https://api.github.com/repos/appium/appium/pulls/2459,https://api.github.com/repos/appium/appium/issues/2459,closed,2014-05-02,2014-07-05,2014-05-02,150673694b466ba0260683a4c03023e29f8c0dd4
imurchie,https://api.github.com/repos/appium/appium/pulls/2456,https://api.github.com/repos/appium/appium/issues/2456,closed,2014-05-01,2014-06-22,2014-05-01,48a5e08dd0a61be2422207027a924073e82da7f8
imurchie,https://api.github.com/repos/appium/appium/pulls/2454,https://api.github.com/repos/appium/appium/issues/2454,closed,2014-05-01,2014-07-05,2014-05-01,f5efbbfd27e791d1aa02b9d47a68211348e97e02
bootstraponline,https://api.github.com/repos/appium/appium/pulls/2449,https://api.github.com/repos/appium/appium/issues/2449,closed,2014-05-01,2014-06-20,2014-05-01,5a415532e11527db5f8e99d958b12ff1485a89b3
jamescaldwell,https://api.github.com/repos/appium/appium/pulls/2447,https://api.github.com/repos/appium/appium/issues/2447,closed,2014-04-30,2014-07-01,,0b2a8a771172893f8ee0386a23b24c830728af68
imurchie,https://api.github.com/repos/appium/appium/pulls/2445,https://api.github.com/repos/appium/appium/issues/2445,closed,2014-04-30,2014-07-05,2014-05-01,413831d2cfd319d5607a89d3f5f8c658f3d1e2d9
imurchie,https://api.github.com/repos/appium/appium/pulls/2444,https://api.github.com/repos/appium/appium/issues/2444,closed,2014-04-30,2014-06-26,2014-04-30,2cbaea780fe82b7b18296c08409b1eb036cb01e1
Jonahss,https://api.github.com/repos/appium/appium/pulls/2441,https://api.github.com/repos/appium/appium/issues/2441,closed,2014-04-30,2014-06-18,2014-05-01,e48ad2daad9281c0a91ff59260c357c9b89afe88
imurchie,https://api.github.com/repos/appium/appium/pulls/2439,https://api.github.com/repos/appium/appium/issues/2439,closed,2014-04-29,2014-07-05,2014-04-30,9e068179b1799a6da434084d38230e2460ca168c
DylanLacey,https://api.github.com/repos/appium/appium/pulls/2438,https://api.github.com/repos/appium/appium/issues/2438,closed,2014-04-29,2014-06-29,2014-05-02,7f60df750f3a04152d6af1f67bcaee25c46a40a5
imurchie,https://api.github.com/repos/appium/appium/pulls/2437,https://api.github.com/repos/appium/appium/issues/2437,closed,2014-04-29,2014-07-05,2014-04-30,965780ba1f35b5d9e5523ac908c263772344af7b
imurchie,https://api.github.com/repos/appium/appium/pulls/2436,https://api.github.com/repos/appium/appium/issues/2436,closed,2014-04-29,2014-07-05,2014-04-30,01db73dd71360706c637cfa88c6ce772423c6f41
emakiej,https://api.github.com/repos/appium/appium/pulls/2435,https://api.github.com/repos/appium/appium/issues/2435,closed,2014-04-29,2014-06-24,2014-06-05,5a04496b3f62aef7fccf6f416f74dd34afeaa38d
pkastner,https://api.github.com/repos/appium/appium/pulls/2433,https://api.github.com/repos/appium/appium/issues/2433,closed,2014-04-29,2014-06-27,2014-04-30,1561c01aa220d6ad8c6c6635c02c4396cbd2beac
bootstraponline,https://api.github.com/repos/appium/appium/pulls/2432,https://api.github.com/repos/appium/appium/issues/2432,closed,2014-04-28,2014-06-21,2014-04-28,bd751748744acdb5683c42df20efdaa3693cca23
fbai,https://api.github.com/repos/appium/appium/pulls/2429,https://api.github.com/repos/appium/appium/issues/2429,closed,2014-04-28,2014-07-05,2014-04-28,6eff10fdd42c8086d8d67079bd5695f57ff6cb4e
fbai,https://api.github.com/repos/appium/appium/pulls/2428,https://api.github.com/repos/appium/appium/issues/2428,closed,2014-04-28,2014-07-05,,9edc2b0c8beb3d6a4f78fc80b8c71c340c3de4d3
fbai,https://api.github.com/repos/appium/appium/pulls/2427,https://api.github.com/repos/appium/appium/issues/2427,closed,2014-04-28,2014-06-12,,b7e43df90334436e080c5ebb94b5147161c0b5dd
fbai,https://api.github.com/repos/appium/appium/pulls/2426,https://api.github.com/repos/appium/appium/issues/2426,closed,2014-04-28,2014-07-05,,b6509c18766b0602d714ef391aa5e6a07ad0ae57
bootstraponline,https://api.github.com/repos/appium/appium/pulls/2425,https://api.github.com/repos/appium/appium/issues/2425,closed,2014-04-28,2014-06-24,2014-04-28,e760806d4c014c5ae8b4e54d9dc41026ce9607f0
bootstraponline,https://api.github.com/repos/appium/appium/pulls/2424,https://api.github.com/repos/appium/appium/issues/2424,closed,2014-04-28,2014-06-20,2014-04-28,25acfaa58ac2be18c959e4d0bfc4f042e1edc3c7
bootstraponline,https://api.github.com/repos/appium/appium/pulls/2423,https://api.github.com/repos/appium/appium/issues/2423,closed,2014-04-27,2014-06-26,2014-04-28,71188661af06cf5692573113709b50aca441fd46
bootstraponline,https://api.github.com/repos/appium/appium/pulls/2422,https://api.github.com/repos/appium/appium/issues/2422,closed,2014-04-27,2014-06-22,2014-04-28,53a0ae4590f945f20455b656f61dd105503c4d6a
bootstraponline,https://api.github.com/repos/appium/appium/pulls/2421,https://api.github.com/repos/appium/appium/issues/2421,closed,2014-04-27,2014-06-18,2014-04-27,15d908e08a8dcf8d2e757e390f7e131d05277e23
bootstraponline,https://api.github.com/repos/appium/appium/pulls/2420,https://api.github.com/repos/appium/appium/issues/2420,closed,2014-04-27,2014-06-20,2014-04-27,60bc55a04dde0ff155ed3882a53428b0e1949931
bootstraponline,https://api.github.com/repos/appium/appium/pulls/2419,https://api.github.com/repos/appium/appium/issues/2419,closed,2014-04-27,2014-06-19,2014-04-27,d397820394e60cafb996b7b06a6e8ae08f7a0974
bootstraponline,https://api.github.com/repos/appium/appium/pulls/2418,https://api.github.com/repos/appium/appium/issues/2418,closed,2014-04-27,2014-06-20,2014-04-27,80639de12289e2c86e3a6f0f62a0f90f9a72e60f
bootstraponline,https://api.github.com/repos/appium/appium/pulls/2417,https://api.github.com/repos/appium/appium/issues/2417,closed,2014-04-27,2014-06-20,2014-04-27,447dd1a22c2f971646fa2acf6f2e0d31544b39df
bootstraponline,https://api.github.com/repos/appium/appium/pulls/2416,https://api.github.com/repos/appium/appium/issues/2416,closed,2014-04-27,2014-06-18,2014-04-27,903bebcf2647afb0bd39cd22e20c8bc45f5681af
bootstraponline,https://api.github.com/repos/appium/appium/pulls/2415,https://api.github.com/repos/appium/appium/issues/2415,closed,2014-04-27,2014-06-19,2014-04-27,35f80ca7439ff26b20900beee40b22dee401b4cd
bootstraponline,https://api.github.com/repos/appium/appium/pulls/2414,https://api.github.com/repos/appium/appium/issues/2414,closed,2014-04-27,2014-06-18,2014-04-27,82a29ba29c7542018e6c28d14099f96e9e4c4fa7
sebv,https://api.github.com/repos/appium/appium/pulls/2411,https://api.github.com/repos/appium/appium/issues/2411,closed,2014-04-27,2014-06-13,2014-04-28,0e9847ae3c6da6af00a74246148640edd137823e
bootstraponline,https://api.github.com/repos/appium/appium/pulls/2410,https://api.github.com/repos/appium/appium/issues/2410,closed,2014-04-26,2014-06-19,2014-04-27,4cdded5023887cfbce4092954b9622e1c4f0307f
bootstraponline,https://api.github.com/repos/appium/appium/pulls/2409,https://api.github.com/repos/appium/appium/issues/2409,closed,2014-04-26,2014-06-19,2014-04-27,c683eff2f5aaf89ca074170b78b136ef9ebc8c67
bootstraponline,https://api.github.com/repos/appium/appium/pulls/2408,https://api.github.com/repos/appium/appium/issues/2408,closed,2014-04-26,2014-06-19,2014-04-26,159168b1bf20dd11116dc6b3fb89c586fcb6be1d
bootstraponline,https://api.github.com/repos/appium/appium/pulls/2407,https://api.github.com/repos/appium/appium/issues/2407,closed,2014-04-26,2014-06-20,2014-04-26,080beac265eea15b29b879cf64759ef49b121c17
bootstraponline,https://api.github.com/repos/appium/appium/pulls/2406,https://api.github.com/repos/appium/appium/issues/2406,closed,2014-04-26,2014-06-18,2014-04-26,82bff914ed7f54fec2c2c7a7d2772e874729dd71
bootstraponline,https://api.github.com/repos/appium/appium/pulls/2405,https://api.github.com/repos/appium/appium/issues/2405,closed,2014-04-26,2014-06-18,2014-04-26,073d0d5ac00c43935f880a820018fdf5d202c98f
jlipps,https://api.github.com/repos/appium/appium/pulls/2403,https://api.github.com/repos/appium/appium/issues/2403,closed,2014-04-26,2014-06-17,2014-05-01,c7d32be65bcf0f59764f3fae35a58d842ddad68f
rgonalo,https://api.github.com/repos/appium/appium/pulls/2395,https://api.github.com/repos/appium/appium/issues/2395,closed,2014-04-23,2014-06-21,2014-04-24,d106426770d203a6f42f3d8cb9c2cbee59e42198
deadmoto,https://api.github.com/repos/appium/appium/pulls/2394,https://api.github.com/repos/appium/appium/issues/2394,closed,2014-04-23,2014-07-05,2014-04-23,fe05972af78d46e26770f4428752b441c9d0a5e7
himukin,https://api.github.com/repos/appium/appium/pulls/2390,https://api.github.com/repos/appium/appium/issues/2390,closed,2014-04-22,2014-06-18,2014-05-30,0b57feb439f455e396bbd0f53b10def82f2ce231
himukin,https://api.github.com/repos/appium/appium/pulls/2388,https://api.github.com/repos/appium/appium/issues/2388,closed,2014-04-22,2014-07-03,,7bd58001fc1efbf894eb4a6f7c6d8c767ac19903
rgonalo,https://api.github.com/repos/appium/appium/pulls/2386,https://api.github.com/repos/appium/appium/issues/2386,closed,2014-04-22,2014-07-05,2014-04-24,199bdbc041d3ef1dd13858df93366ae22f7d5e58
rgonalo,https://api.github.com/repos/appium/appium/pulls/2385,https://api.github.com/repos/appium/appium/issues/2385,closed,2014-04-22,2014-07-05,2014-04-24,8d2a18a9e3434fbe612190940a0c1bbc34b4869a
bootstraponline,https://api.github.com/repos/appium/appium/pulls/2379,https://api.github.com/repos/appium/appium/issues/2379,closed,2014-04-19,2014-07-04,2014-04-21,c0f5f4616e5aa65bacf63e0d48302b11c38eccb1
bootstraponline,https://api.github.com/repos/appium/appium/pulls/2378,https://api.github.com/repos/appium/appium/issues/2378,closed,2014-04-19,2014-07-05,2014-04-21,42d15e2277c23bce2c906a14bd6338730e219601
bootstraponline,https://api.github.com/repos/appium/appium/pulls/2371,https://api.github.com/repos/appium/appium/issues/2371,closed,2014-04-18,2014-07-05,2014-04-18,3359da1c754c7d7f8554bd166c5968ba815eea17
jlipps,https://api.github.com/repos/appium/appium/pulls/2370,https://api.github.com/repos/appium/appium/issues/2370,closed,2014-04-17,2014-07-05,2014-04-18,435f9f18e131d411f1dc3e1b08e2456ebc0be12b
paymand,https://api.github.com/repos/appium/appium/pulls/2366,https://api.github.com/repos/appium/appium/issues/2366,closed,2014-04-17,2014-07-05,2014-04-17,407aaf77b9ea7a3a1100ad0738eb28769348988c
jlipps,https://api.github.com/repos/appium/appium/pulls/2363,https://api.github.com/repos/appium/appium/issues/2363,closed,2014-04-17,2014-07-05,2014-04-17,b070027352541fe991e38fd167142bc218ed63ff
bootstraponline,https://api.github.com/repos/appium/appium/pulls/2362,https://api.github.com/repos/appium/appium/issues/2362,closed,2014-04-17,2014-06-13,2014-04-17,4a622910ebe344820097b3d6c288bc0e8c092ae6
bootstraponline,https://api.github.com/repos/appium/appium/pulls/2361,https://api.github.com/repos/appium/appium/issues/2361,closed,2014-04-17,2014-07-05,2014-04-17,a4562e7fdefd1cceb4406e57840cc22ff0a9fcb1
imurchie,https://api.github.com/repos/appium/appium/pulls/2359,https://api.github.com/repos/appium/appium/issues/2359,closed,2014-04-16,2014-08-20,2014-04-16,7824f5929e487f5b134b86a1997a4aa6afd99f0f
midopa,https://api.github.com/repos/appium/appium/pulls/2356,https://api.github.com/repos/appium/appium/issues/2356,closed,2014-04-16,2014-07-05,2014-04-16,f2736f2fcf571644111485e2e249a42880a5c8c4
ghost,https://api.github.com/repos/appium/appium/pulls/2354,https://api.github.com/repos/appium/appium/issues/2354,closed,2014-04-15,2014-06-25,2014-04-16,bd49101a3d0c5511d05f41b3ff3576089bed7fcc
jlipps,https://api.github.com/repos/appium/appium/pulls/2347,https://api.github.com/repos/appium/appium/issues/2347,closed,2014-04-14,2014-07-05,2014-04-15,a04f3d982c52f94cefd224ae95c8a47e65671610
jlipps,https://api.github.com/repos/appium/appium/pulls/2345,https://api.github.com/repos/appium/appium/issues/2345,closed,2014-04-14,2014-06-26,2014-04-14,adf61f197c557ac95263f6722595a7829ef1a721
jlipps,https://api.github.com/repos/appium/appium/pulls/2344,https://api.github.com/repos/appium/appium/issues/2344,closed,2014-04-14,2014-07-05,2014-04-14,6dd2423f30964133191017bcb51c1e12910caaa7
paymand,https://api.github.com/repos/appium/appium/pulls/2338,https://api.github.com/repos/appium/appium/issues/2338,closed,2014-04-14,2014-06-30,2014-04-14,ddb39ce27ca07a9ffcf1dcc71ace5aab9e9ee562
shyamvala,https://api.github.com/repos/appium/appium/pulls/2336,https://api.github.com/repos/appium/appium/issues/2336,closed,2014-04-13,2014-07-05,2014-04-14,d1a90becb4cdd0c2fcd176c38092ba1d4c720095
imurchie,https://api.github.com/repos/appium/appium/pulls/2335,https://api.github.com/repos/appium/appium/issues/2335,closed,2014-04-13,2014-08-20,2014-04-14,15f3c2a5dab54729caa1831e4b819565a8330b07
bootstraponline,https://api.github.com/repos/appium/appium/pulls/2333,https://api.github.com/repos/appium/appium/issues/2333,closed,2014-04-12,2014-07-05,2014-04-12,c9ed42ebc68b19959f44e00996d9c188edc2e37d
bootstraponline,https://api.github.com/repos/appium/appium/pulls/2332,https://api.github.com/repos/appium/appium/issues/2332,closed,2014-04-12,2014-07-05,2014-04-12,6e013cefe574299c40508a55f0343a165397fef3
shyamvala,https://api.github.com/repos/appium/appium/pulls/2331,https://api.github.com/repos/appium/appium/issues/2331,closed,2014-04-11,2014-06-27,2014-04-11,3208a7be6ef235b56b640072f68ea6ff9741f98c
jlipps,https://api.github.com/repos/appium/appium/pulls/2330,https://api.github.com/repos/appium/appium/issues/2330,closed,2014-04-11,2014-07-05,2014-04-11,280208cdc2a43c39e4549947546198defb99ab43
rgonalo,https://api.github.com/repos/appium/appium/pulls/2327,https://api.github.com/repos/appium/appium/issues/2327,closed,2014-04-11,2014-07-05,,b77e2ed2f88d192584ba47b320c40adac07de972
bootstraponline,https://api.github.com/repos/appium/appium/pulls/2325,https://api.github.com/repos/appium/appium/issues/2325,closed,2014-04-10,2014-07-05,2014-04-11,9bb4d152479d9c6a829b7b007b8908fd674d6d67
bootstraponline,https://api.github.com/repos/appium/appium/pulls/2324,https://api.github.com/repos/appium/appium/issues/2324,closed,2014-04-10,2014-07-05,2014-04-10,627cc0fe9282a90512022b870a72d3050a8f14cd
jlipps,https://api.github.com/repos/appium/appium/pulls/2321,https://api.github.com/repos/appium/appium/issues/2321,closed,2014-04-10,2014-07-05,2014-04-10,233fffe2c916edfc7637abbcc92104a7d0567cbd
jlipps,https://api.github.com/repos/appium/appium/pulls/2320,https://api.github.com/repos/appium/appium/issues/2320,closed,2014-04-10,2014-07-05,2014-04-10,06d82d911d9c2d03f14545ceed8c38105642e00d
imurchie,https://api.github.com/repos/appium/appium/pulls/2315,https://api.github.com/repos/appium/appium/issues/2315,closed,2014-04-10,2014-06-27,2014-04-10,a5d2734396db3b7724b0d298c5cca8f22920bb13
jlipps,https://api.github.com/repos/appium/appium/pulls/2313,https://api.github.com/repos/appium/appium/issues/2313,closed,2014-04-10,2014-07-05,2014-04-10,35840f49e705d11932ab3487fe01bd6a0bc50399
bootstraponline,https://api.github.com/repos/appium/appium/pulls/2312,https://api.github.com/repos/appium/appium/issues/2312,closed,2014-04-10,2014-07-05,2014-04-10,d7fd4e4b9e4c53df9d501e54e26172d2cf5db798
bootstraponline,https://api.github.com/repos/appium/appium/pulls/2311,https://api.github.com/repos/appium/appium/issues/2311,closed,2014-04-10,2014-07-05,2014-04-10,b8b59ba129e1593fdee3b89c2f7f1f707f348850
jlipps,https://api.github.com/repos/appium/appium/pulls/2310,https://api.github.com/repos/appium/appium/issues/2310,closed,2014-04-10,2014-06-13,2014-04-10,fd8ac76927ad43a3741586fa2ca32e7596fd4604
jlipps,https://api.github.com/repos/appium/appium/pulls/2309,https://api.github.com/repos/appium/appium/issues/2309,closed,2014-04-09,2014-07-05,2014-04-10,24a2d0087cc57c384d726ca9259e93c1eb24254e
bootstraponline,https://api.github.com/repos/appium/appium/pulls/2307,https://api.github.com/repos/appium/appium/issues/2307,closed,2014-04-09,2014-07-05,2014-04-09,4b6de7403f91ffc90c7cde8f528fb6a501740f86
bootstraponline,https://api.github.com/repos/appium/appium/pulls/2305,https://api.github.com/repos/appium/appium/issues/2305,closed,2014-04-09,2014-07-05,2014-04-09,158008f91be29e97516fe07caa92f076850199bc
bootstraponline,https://api.github.com/repos/appium/appium/pulls/2303,https://api.github.com/repos/appium/appium/issues/2303,closed,2014-04-09,2014-07-05,,7ff6ed54ef07571fe84199a03dfadb25971b39c7
jlipps,https://api.github.com/repos/appium/appium/pulls/2299,https://api.github.com/repos/appium/appium/issues/2299,closed,2014-04-08,2014-07-05,2014-04-09,82b1dd005ea39adb831455b0157eeee7e9e57f23
casschin,https://api.github.com/repos/appium/appium/pulls/2298,https://api.github.com/repos/appium/appium/issues/2298,closed,2014-04-08,2014-06-12,2014-04-08,da9d0e0e9b594fb28d9d36558a01580eadf89cb7
paymand,https://api.github.com/repos/appium/appium/pulls/2295,https://api.github.com/repos/appium/appium/issues/2295,closed,2014-04-08,2014-07-05,2014-04-09,003cb20a9ea91fdda1ab8fff2533a731133bf7ed
snevesbarros,https://api.github.com/repos/appium/appium/pulls/2293,https://api.github.com/repos/appium/appium/issues/2293,closed,2014-04-08,2014-06-17,2014-04-10,6ad0df09bf0458475d614a9bed6e86febc2c3fba
NozomiIto,https://api.github.com/repos/appium/appium/pulls/2291,https://api.github.com/repos/appium/appium/issues/2291,closed,2014-04-08,2014-07-05,2014-04-08,d3d69aa8700fcff0d908126859d2f66bf022d0d8
imurchie,https://api.github.com/repos/appium/appium/pulls/2290,https://api.github.com/repos/appium/appium/issues/2290,closed,2014-04-07,2014-06-25,2014-04-08,816f198a02a07b4bed6bd5aebb07d1916109f01c
imurchie,https://api.github.com/repos/appium/appium/pulls/2289,https://api.github.com/repos/appium/appium/issues/2289,closed,2014-04-07,2014-07-05,,06f9f328ba14f25ae75258c626c88a3ff9c96923
ghost,https://api.github.com/repos/appium/appium/pulls/2288,https://api.github.com/repos/appium/appium/issues/2288,closed,2014-04-07,2014-07-05,2014-04-07,9332be55467ca3d82e05daafecf7d27da66ad35b
jlipps,https://api.github.com/repos/appium/appium/pulls/2286,https://api.github.com/repos/appium/appium/issues/2286,closed,2014-04-07,2014-06-17,2014-04-07,1b36c2d69e7b68d44a7e5b8a45ed9fbdc6d0b4df
joe-harter,https://api.github.com/repos/appium/appium/pulls/2280,https://api.github.com/repos/appium/appium/issues/2280,closed,2014-04-07,2014-07-05,2014-04-07,23450ee4b027f3fe383a8fb63bdd54aacd5688e6
sebv,https://api.github.com/repos/appium/appium/pulls/2279,https://api.github.com/repos/appium/appium/issues/2279,closed,2014-04-07,2014-07-05,2014-04-07,39a544dda2579d638034db55219020522176400a
paymand,https://api.github.com/repos/appium/appium/pulls/2278,https://api.github.com/repos/appium/appium/issues/2278,closed,2014-04-07,2014-07-05,2014-04-07,e7d7f06403bae45ec28e798c90e8e905e1c19fb2
imurchie,https://api.github.com/repos/appium/appium/pulls/2270,https://api.github.com/repos/appium/appium/issues/2270,closed,2014-04-05,2014-06-26,2014-04-07,56091fbcc5e6c3246b0ba1dbc8f0574807a2a8f7
jlipps,https://api.github.com/repos/appium/appium/pulls/2269,https://api.github.com/repos/appium/appium/issues/2269,closed,2014-04-04,2014-06-26,2014-04-04,728434b71e6dbf3d484c3927197004d146b602ac
jlipps,https://api.github.com/repos/appium/appium/pulls/2267,https://api.github.com/repos/appium/appium/issues/2267,closed,2014-04-04,2014-07-05,2014-04-04,cb498e3be4d00285fb2cfb2eefb53aaf46a71416
jlipps,https://api.github.com/repos/appium/appium/pulls/2266,https://api.github.com/repos/appium/appium/issues/2266,closed,2014-04-04,2014-06-28,2014-04-04,3bff0bd481653a8e6bf36de2a7f5989013f6e54a
jlipps,https://api.github.com/repos/appium/appium/pulls/2263,https://api.github.com/repos/appium/appium/issues/2263,closed,2014-04-04,2014-07-05,2014-04-04,61ac8f6ac5ae0b078ad094683b5e00d2cf032aa5
jlipps,https://api.github.com/repos/appium/appium/pulls/2262,https://api.github.com/repos/appium/appium/issues/2262,closed,2014-04-04,2014-07-05,2014-04-04,ddfcd0936f64afcaf4425c448acdc710776b3971
sebv,https://api.github.com/repos/appium/appium/pulls/2260,https://api.github.com/repos/appium/appium/issues/2260,closed,2014-04-04,2014-07-05,2014-04-04,883f5a68cbf671f740f93e9d6077acaed0ca3996
paymand,https://api.github.com/repos/appium/appium/pulls/2259,https://api.github.com/repos/appium/appium/issues/2259,closed,2014-04-04,2014-07-05,,0b0ad6d92a13687f9699c8d8da4700e9f54e64cf
matthewdunn,https://api.github.com/repos/appium/appium/pulls/2257,https://api.github.com/repos/appium/appium/issues/2257,closed,2014-04-04,2014-06-26,,c2cec863454faea3330a47b725e471f4d25b8f98
jlipps,https://api.github.com/repos/appium/appium/pulls/2255,https://api.github.com/repos/appium/appium/issues/2255,closed,2014-04-04,2014-07-05,2014-04-04,ea3267906f5d52aeeb390b9e970d8f421cdeff7b
jlipps,https://api.github.com/repos/appium/appium/pulls/2253,https://api.github.com/repos/appium/appium/issues/2253,closed,2014-04-03,2014-07-05,2014-04-03,3cff29f13e541152c612de639fc6901dc19ea887
matthewdunn,https://api.github.com/repos/appium/appium/pulls/2252,https://api.github.com/repos/appium/appium/issues/2252,closed,2014-04-03,2014-06-27,,
marley71,https://api.github.com/repos/appium/appium/pulls/2250,https://api.github.com/repos/appium/appium/issues/2250,closed,2014-04-03,2014-07-05,,0cbd53e5c3b504e4e6fe8781b0da18d513a47e98
ghost,https://api.github.com/repos/appium/appium/pulls/2249,https://api.github.com/repos/appium/appium/issues/2249,closed,2014-04-02,2014-06-12,2014-04-02,81c84d42f92288847ebf20fe143ed53c9cd18fc1
jlipps,https://api.github.com/repos/appium/appium/pulls/2248,https://api.github.com/repos/appium/appium/issues/2248,closed,2014-04-02,2014-07-05,2014-04-02,f69524d47481447ce6f1671d191ef1ab92c89bef
jlipps,https://api.github.com/repos/appium/appium/pulls/2246,https://api.github.com/repos/appium/appium/issues/2246,closed,2014-04-02,2014-07-05,2014-04-02,a0ef3fde41f8c79deff791699bd97dc08078be0b
jlipps,https://api.github.com/repos/appium/appium/pulls/2245,https://api.github.com/repos/appium/appium/issues/2245,closed,2014-04-02,2014-07-05,2014-04-02,3b17a1206107d62a4370be1a6dc516785147eb5c
jamescaldwell,https://api.github.com/repos/appium/appium/pulls/2232,https://api.github.com/repos/appium/appium/issues/2232,closed,2014-04-01,2014-06-13,,4bcca53fda461ade319555e43ddcce326c7814ef
DylanLacey,https://api.github.com/repos/appium/appium/pulls/2230,https://api.github.com/repos/appium/appium/issues/2230,closed,2014-04-01,2014-07-05,2014-04-01,b15206255e0fb6d89a23abb44a009aee4c55021a
vgrigoruk,https://api.github.com/repos/appium/appium/pulls/2229,https://api.github.com/repos/appium/appium/issues/2229,closed,2014-04-01,2014-07-05,2014-04-01,8bbc3c39cfc40c6f4c9b7a90d8e4c853fba480b8
Jonahss,https://api.github.com/repos/appium/appium/pulls/2228,https://api.github.com/repos/appium/appium/issues/2228,closed,2014-04-01,2014-06-12,2014-04-02,4fb17b1546e9f69a6fde48ee6d945c3cb477201b
DylanLacey,https://api.github.com/repos/appium/appium/pulls/2227,https://api.github.com/repos/appium/appium/issues/2227,closed,2014-03-31,2014-06-12,2014-04-03,4cb2d44d9713e7fe5c565ed369c41c9710fbd0a7
vgrigoruk,https://api.github.com/repos/appium/appium/pulls/2225,https://api.github.com/repos/appium/appium/issues/2225,closed,2014-03-31,2014-07-05,,0d4a501da38f5f4ddbcff7686efc858ab4add6d0
imurchie,https://api.github.com/repos/appium/appium/pulls/2224,https://api.github.com/repos/appium/appium/issues/2224,closed,2014-03-31,2014-06-13,2014-04-02,2f3bf72d309dda3a0e87dcf5a4ece898c9a7c1a3
jlipps,https://api.github.com/repos/appium/appium/pulls/2223,https://api.github.com/repos/appium/appium/issues/2223,closed,2014-03-31,2014-06-26,2014-03-31,fd430226a2d9b08daf63472218612cc3342aca7f
imurchie,https://api.github.com/repos/appium/appium/pulls/2222,https://api.github.com/repos/appium/appium/issues/2222,closed,2014-03-31,2014-06-27,2014-03-31,6dc6051d526a71eaa8bc9d0ddc60700fd7e1cc95
sebv,https://api.github.com/repos/appium/appium/pulls/2221,https://api.github.com/repos/appium/appium/issues/2221,closed,2014-03-31,2014-07-05,2014-03-31,5793c47f5d3cae364b88f65f237b1ea0ecbc361c
sebv,https://api.github.com/repos/appium/appium/pulls/2220,https://api.github.com/repos/appium/appium/issues/2220,closed,2014-03-31,2014-07-05,2014-03-31,c98202c92b38b752829e1874ed326d8eba4e4046
sebv,https://api.github.com/repos/appium/appium/pulls/2219,https://api.github.com/repos/appium/appium/issues/2219,closed,2014-03-31,2014-07-05,2014-03-31,296bb3cca137649ab0c9cb281d5b825928c51b3e
sebv,https://api.github.com/repos/appium/appium/pulls/2218,https://api.github.com/repos/appium/appium/issues/2218,closed,2014-03-31,2014-07-05,2014-03-31,3a47f09721189205b03d2c4d24f0247f80acfbd0
bootstraponline,https://api.github.com/repos/appium/appium/pulls/2213,https://api.github.com/repos/appium/appium/issues/2213,closed,2014-03-28,2014-06-19,2014-03-28,3f6688db373a12248376bc7c7c3da9b60c510abf
landryraccoon,https://api.github.com/repos/appium/appium/pulls/2212,https://api.github.com/repos/appium/appium/issues/2212,closed,2014-03-28,2014-06-30,2014-04-01,78d9dbf2c928c707722e50f5742bf712583a5a74
jlipps,https://api.github.com/repos/appium/appium/pulls/2211,https://api.github.com/repos/appium/appium/issues/2211,closed,2014-03-28,2014-06-25,2014-03-28,21f83f8be02f813a79661164bd00236619877a03
sebv,https://api.github.com/repos/appium/appium/pulls/2209,https://api.github.com/repos/appium/appium/issues/2209,closed,2014-03-28,2014-07-05,2014-03-28,969f67d07b8c726310dac4626152754868cdbea7
jlipps,https://api.github.com/repos/appium/appium/pulls/2204,https://api.github.com/repos/appium/appium/issues/2204,closed,2014-03-27,2014-07-05,2014-03-28,c470a1c2d378861cbe44baac3131be21ff5ac1e6
Jonahss,https://api.github.com/repos/appium/appium/pulls/2203,https://api.github.com/repos/appium/appium/issues/2203,closed,2014-03-27,2014-07-05,2014-03-27,ea426842586e40aeaf56148f2eaed674e0301227
Jonahss,https://api.github.com/repos/appium/appium/pulls/2202,https://api.github.com/repos/appium/appium/issues/2202,closed,2014-03-27,2014-07-05,2014-03-27,603560026cf3faab47e343f17edb3162df6081c4
d0lfin,https://api.github.com/repos/appium/appium/pulls/2198,https://api.github.com/repos/appium/appium/issues/2198,closed,2014-03-27,2014-06-26,2014-03-27,2b44507d7437d4e84071da15539b7dfb043bc220
lxuan,https://api.github.com/repos/appium/appium/pulls/2194,https://api.github.com/repos/appium/appium/issues/2194,closed,2014-03-27,2014-06-17,,142d915dbaa20d6a3d6b5893e32e09dbcc1a6339
sebv,https://api.github.com/repos/appium/appium/pulls/2193,https://api.github.com/repos/appium/appium/issues/2193,closed,2014-03-27,2014-06-26,2014-03-27,5ced5300d9a3f2b0281f32ccaac88b1cfe66bf04
sebv,https://api.github.com/repos/appium/appium/pulls/2192,https://api.github.com/repos/appium/appium/issues/2192,closed,2014-03-27,2014-07-05,2014-03-27,02221c99fc2c1371f6a834105d8045ac6f7f3b20
sebv,https://api.github.com/repos/appium/appium/pulls/2184,https://api.github.com/repos/appium/appium/issues/2184,closed,2014-03-26,2014-07-05,2014-03-27,3d8752d59a589a63bcf56942156a0312bda7a7b2
sebv,https://api.github.com/repos/appium/appium/pulls/2182,https://api.github.com/repos/appium/appium/issues/2182,closed,2014-03-26,2014-07-05,2014-03-26,9abd43b8f4b2910b925c33d95ad65351b7cdaa4b
sebv,https://api.github.com/repos/appium/appium/pulls/2181,https://api.github.com/repos/appium/appium/issues/2181,closed,2014-03-26,2014-07-05,,47d1a20a0227920cba8a763fe460058ebff715eb
sebv,https://api.github.com/repos/appium/appium/pulls/2180,https://api.github.com/repos/appium/appium/issues/2180,closed,2014-03-26,2014-07-05,2014-03-26,9d984fd4b548b76cad25cefbf8fd00dd0f717fed
jlipps,https://api.github.com/repos/appium/appium/pulls/2177,https://api.github.com/repos/appium/appium/issues/2177,closed,2014-03-25,2014-07-05,2014-03-25,f4bfbaf0c94cdd7be7d4ca788b1ee535f16fd1e4
sebv,https://api.github.com/repos/appium/appium/pulls/2175,https://api.github.com/repos/appium/appium/issues/2175,closed,2014-03-25,2014-07-05,2014-03-25,19b71ab217c10caa940fc85afc35c1efe371e905
mobiware,https://api.github.com/repos/appium/appium/pulls/2173,https://api.github.com/repos/appium/appium/issues/2173,closed,2014-03-25,2014-07-05,2014-03-25,665ca0b68d9692095813c5326cec0ef0cbbc9b3c
paymand,https://api.github.com/repos/appium/appium/pulls/2170,https://api.github.com/repos/appium/appium/issues/2170,closed,2014-03-25,2014-07-05,2014-03-25,6c9c645efd2b2dcfd150dfb428c8e39cc7816394
DylanLacey,https://api.github.com/repos/appium/appium/pulls/2169,https://api.github.com/repos/appium/appium/issues/2169,closed,2014-03-25,2014-06-19,2014-04-02,0cb151eac3a3617431f98cf88d4ccc9576d5fc6d
sebv,https://api.github.com/repos/appium/appium/pulls/2168,https://api.github.com/repos/appium/appium/issues/2168,closed,2014-03-25,2014-07-05,2014-03-25,69eb5e74c284b4c44a771504461983bd3f007c7e
sebv,https://api.github.com/repos/appium/appium/pulls/2167,https://api.github.com/repos/appium/appium/issues/2167,closed,2014-03-25,2014-07-05,2014-03-25,adfc6fcc7c70fc2ca45f28b4971cb05d353a3abc
DylanLacey,https://api.github.com/repos/appium/appium/pulls/2166,https://api.github.com/repos/appium/appium/issues/2166,closed,2014-03-25,2014-07-05,2014-03-25,04cd6f7372a9824e114292e096db67b5550b7dae
sebv,https://api.github.com/repos/appium/appium/pulls/2164,https://api.github.com/repos/appium/appium/issues/2164,closed,2014-03-25,2014-07-05,2014-03-25,e8a90d332ac7ed282ae2167852c6546c774d922a
bootstraponline,https://api.github.com/repos/appium/appium/pulls/2162,https://api.github.com/repos/appium/appium/issues/2162,closed,2014-03-25,2014-07-01,2014-03-25,682269a2bdbbc0fe55d9635fad2e00d6574a2353
ghost,https://api.github.com/repos/appium/appium/pulls/2161,https://api.github.com/repos/appium/appium/issues/2161,closed,2014-03-25,2014-07-05,,824194cee3d9897690d430cc14dad201f546e51d
Jonahss,https://api.github.com/repos/appium/appium/pulls/2159,https://api.github.com/repos/appium/appium/issues/2159,closed,2014-03-25,2014-07-01,2014-03-25,79bba5bff7c969a04dcd3adf20e59a17749dbbb0
DylanLacey,https://api.github.com/repos/appium/appium/pulls/2153,https://api.github.com/repos/appium/appium/issues/2153,closed,2014-03-24,2014-07-05,2014-03-26,d77e4f6a936628601efa01702aa79f4f36ce8b0b
buritica,https://api.github.com/repos/appium/appium/pulls/2152,https://api.github.com/repos/appium/appium/issues/2152,closed,2014-03-24,2014-07-05,,7a4f4975b24c7b5d6e79ca8df5d17984a8629f1c
DylanLacey,https://api.github.com/repos/appium/appium/pulls/2150,https://api.github.com/repos/appium/appium/issues/2150,closed,2014-03-24,2014-07-05,2014-03-24,fdfd79a7136df3d635a3c43b7193ad96ffc35b03
sebv,https://api.github.com/repos/appium/appium/pulls/2146,https://api.github.com/repos/appium/appium/issues/2146,closed,2014-03-24,2014-06-13,2014-03-24,5eb00bf87da5c304f2f117b83a35e12f0dfb52a1
jlipps,https://api.github.com/repos/appium/appium/pulls/2144,https://api.github.com/repos/appium/appium/issues/2144,closed,2014-03-24,2014-07-05,2014-03-24,82bb00f79932e6a6f7b4fdc8fd4f5b52ef81f362
jlipps,https://api.github.com/repos/appium/appium/pulls/2142,https://api.github.com/repos/appium/appium/issues/2142,closed,2014-03-24,2014-07-05,2014-03-24,07ae75b761597151ca434d7820e16f543827c9df
bootstraponline,https://api.github.com/repos/appium/appium/pulls/2140,https://api.github.com/repos/appium/appium/issues/2140,closed,2014-03-24,2014-06-16,2014-03-24,6ff0fbde9d115ac6e17409dbf54190017a85977f
mobiware,https://api.github.com/repos/appium/appium/pulls/2134,https://api.github.com/repos/appium/appium/issues/2134,closed,2014-03-23,2014-07-05,,3c7f467d39cbe31369fcdb6aa32ef73ee12e7563
sebv,https://api.github.com/repos/appium/appium/pulls/2130,https://api.github.com/repos/appium/appium/issues/2130,closed,2014-03-23,2014-07-05,2014-03-24,5c6b85907ac8882e5e7c7bdf46d6e751cd688bc6
midopa,https://api.github.com/repos/appium/appium/pulls/2128,https://api.github.com/repos/appium/appium/issues/2128,closed,2014-03-22,2014-07-05,2014-03-24,173d64a2e97e64ffc21a4c060758b53231cc08b1
jlipps,https://api.github.com/repos/appium/appium/pulls/2126,https://api.github.com/repos/appium/appium/issues/2126,closed,2014-03-21,2014-07-05,2014-03-23,3a22854315ec2656df411146de8cad29b23a07f9
jlipps,https://api.github.com/repos/appium/appium/pulls/2125,https://api.github.com/repos/appium/appium/issues/2125,closed,2014-03-21,2014-07-05,2014-03-21,008a2ff9b27eedbe628adbfd636196e465469ee4
bootstraponline,https://api.github.com/repos/appium/appium/pulls/2118,https://api.github.com/repos/appium/appium/issues/2118,closed,2014-03-21,2014-06-12,2014-03-21,b941d8f42101c6712ccbda0c94f39992ada533cd
paymand,https://api.github.com/repos/appium/appium/pulls/2117,https://api.github.com/repos/appium/appium/issues/2117,closed,2014-03-21,2014-07-05,2014-03-21,a2d2193e7a3119348a36f153543f2f8cddc8ce0c
paymand,https://api.github.com/repos/appium/appium/pulls/2116,https://api.github.com/repos/appium/appium/issues/2116,closed,2014-03-21,2014-07-05,2014-03-21,19f2ccd73c05ba61e2971f773ac67b2bcad92912
jlipps,https://api.github.com/repos/appium/appium/pulls/2115,https://api.github.com/repos/appium/appium/issues/2115,closed,2014-03-20,2014-07-05,2014-03-21,26dec8d6b088cab4139e2b1b1bd49fd4a86c0110
sebv,https://api.github.com/repos/appium/appium/pulls/2112,https://api.github.com/repos/appium/appium/issues/2112,closed,2014-03-20,2014-07-05,2014-03-20,1d424c8ad87097646428ae0a6a64938de8eb4d2b
paymand,https://api.github.com/repos/appium/appium/pulls/2109,https://api.github.com/repos/appium/appium/issues/2109,closed,2014-03-20,2014-07-05,2014-03-20,fbbf4872a8c0cdc94e6f2a1b10727216d72049dd
jlipps,https://api.github.com/repos/appium/appium/pulls/2106,https://api.github.com/repos/appium/appium/issues/2106,closed,2014-03-20,2014-07-05,2014-03-20,76eb2047cd4747a0a5251bd0f2f96ff4482eb829
2cat,https://api.github.com/repos/appium/appium/pulls/2105,https://api.github.com/repos/appium/appium/issues/2105,closed,2014-03-20,2014-07-05,,58fb0f13f0b001cf352076a02dc50f775096f1f9
Jonahss,https://api.github.com/repos/appium/appium/pulls/2104,https://api.github.com/repos/appium/appium/issues/2104,closed,2014-03-20,2014-07-05,2014-03-21,3809bfa52aa07940b009dc868044a3f2308d596e
bootstraponline,https://api.github.com/repos/appium/appium/pulls/2100,https://api.github.com/repos/appium/appium/issues/2100,closed,2014-03-19,2014-06-27,2014-03-19,092763f6eb1692c76696adcc451895211b908fa3
rgonalo,https://api.github.com/repos/appium/appium/pulls/2099,https://api.github.com/repos/appium/appium/issues/2099,closed,2014-03-19,2014-07-05,2014-03-20,ec0919cba5bb2bf3f1071948dd18a17ff3f3e128
bootstraponline,https://api.github.com/repos/appium/appium/pulls/2097,https://api.github.com/repos/appium/appium/issues/2097,closed,2014-03-19,2014-07-05,2014-03-19,16557a4a2c825133ff6d4c8b29fac87c099d4982
egoldblum,https://api.github.com/repos/appium/appium/pulls/2093,https://api.github.com/repos/appium/appium/issues/2093,closed,2014-03-18,2014-07-05,2014-03-18,7770e18367ada5e7eae33410c25a1e54cbee17c1
bootstraponline,https://api.github.com/repos/appium/appium/pulls/2092,https://api.github.com/repos/appium/appium/issues/2092,closed,2014-03-18,2014-07-05,2014-03-18,8f48959e709da56fc21a59bbc2fe67633e3e76e3
stephensjlee,https://api.github.com/repos/appium/appium/pulls/2091,https://api.github.com/repos/appium/appium/issues/2091,closed,2014-03-18,2014-07-05,,6ec65646e4a4cd54ccceba9f5e7e222e1d734511
sebv,https://api.github.com/repos/appium/appium/pulls/2089,https://api.github.com/repos/appium/appium/issues/2089,closed,2014-03-18,2014-07-05,2014-03-19,b9c338c676a40a9cbe51470f80347f3ef5912b11
jlipps,https://api.github.com/repos/appium/appium/pulls/2086,https://api.github.com/repos/appium/appium/issues/2086,closed,2014-03-17,2014-07-05,2014-03-17,d7566d64c5e3620e4b523643869c59e132a41049
jlipps,https://api.github.com/repos/appium/appium/pulls/2084,https://api.github.com/repos/appium/appium/issues/2084,closed,2014-03-17,2014-07-04,2014-03-17,eee0940717d64f9f71a95f8a7300fae3288931e4
jlipps,https://api.github.com/repos/appium/appium/pulls/2082,https://api.github.com/repos/appium/appium/issues/2082,closed,2014-03-17,2014-07-05,2014-03-17,0b8529691d57d824d45ad4364d564ffbf5239e28
jlipps,https://api.github.com/repos/appium/appium/pulls/2081,https://api.github.com/repos/appium/appium/issues/2081,closed,2014-03-17,2014-07-05,2014-03-17,43d7dc5a0168d94f3ebb9246883b162cfe4ececf
sebv,https://api.github.com/repos/appium/appium/pulls/2078,https://api.github.com/repos/appium/appium/issues/2078,closed,2014-03-17,2014-07-05,,cfdd9a3b8e0a66be7033ed1d40e37089b5874f3c
ghost,https://api.github.com/repos/appium/appium/pulls/2076,https://api.github.com/repos/appium/appium/issues/2076,closed,2014-03-16,2014-07-01,2014-03-16,33e85a026dccf4c42aedae6092225ae66abb5d7b
sebv,https://api.github.com/repos/appium/appium/pulls/2075,https://api.github.com/repos/appium/appium/issues/2075,closed,2014-03-15,2014-06-27,2014-03-17,0f22d2f4daef1fd4b8db1c0bf70aeb751ff5cd93
bootstraponline,https://api.github.com/repos/appium/appium/pulls/2074,https://api.github.com/repos/appium/appium/issues/2074,closed,2014-03-15,2014-06-16,2014-03-15,b15f876aada26af6ec64eece1896cccfad5e8e0e
ghost,https://api.github.com/repos/appium/appium/pulls/2073,https://api.github.com/repos/appium/appium/issues/2073,closed,2014-03-15,2014-07-05,2014-03-15,4cc62fbafa3dab4ddeae947e2da898e011f3449a
ghost,https://api.github.com/repos/appium/appium/pulls/2072,https://api.github.com/repos/appium/appium/issues/2072,closed,2014-03-15,2014-07-05,2014-03-15,596cd807b98be55ae1442366fed4f9b4a6f5c82d
ghost,https://api.github.com/repos/appium/appium/pulls/2070,https://api.github.com/repos/appium/appium/issues/2070,closed,2014-03-15,2014-07-05,2014-03-15,d876038899836c66d1932ee8777834858bd7d6e7
ghost,https://api.github.com/repos/appium/appium/pulls/2069,https://api.github.com/repos/appium/appium/issues/2069,closed,2014-03-15,2014-06-28,2014-03-15,5121f84b7c6ea496bcf0e75f87a06278b1164b80
jlipps,https://api.github.com/repos/appium/appium/pulls/2068,https://api.github.com/repos/appium/appium/issues/2068,closed,2014-03-14,2014-07-05,2014-03-14,230412dee35bef624c470f39d152c54aa68b76ac
bootstraponline,https://api.github.com/repos/appium/appium/pulls/2066,https://api.github.com/repos/appium/appium/issues/2066,closed,2014-03-14,2014-06-19,2014-03-14,f42073eddade1699ccf4e875677a39d4926a6983
sebv,https://api.github.com/repos/appium/appium/pulls/2065,https://api.github.com/repos/appium/appium/issues/2065,closed,2014-03-14,2014-07-05,2014-03-14,c34b0dd3c79766b2f0f882e1377c95459cbb748d
sebv,https://api.github.com/repos/appium/appium/pulls/2061,https://api.github.com/repos/appium/appium/issues/2061,closed,2014-03-14,2014-07-05,2014-03-14,5d798f3fa456ed142004c336aa6deb59d15c843a
ghost,https://api.github.com/repos/appium/appium/pulls/2060,https://api.github.com/repos/appium/appium/issues/2060,closed,2014-03-14,2014-06-23,2014-03-14,68800e9dfd11eea46122d1e053702bb20548b284
Jonahss,https://api.github.com/repos/appium/appium/pulls/2059,https://api.github.com/repos/appium/appium/issues/2059,closed,2014-03-13,2014-07-05,2014-03-14,8b0aef497a89369641b7c9825de5508cff58a49b
ghost,https://api.github.com/repos/appium/appium/pulls/2054,https://api.github.com/repos/appium/appium/issues/2054,closed,2014-03-12,2014-06-16,2014-03-12,6d0f62aece0db16234ffc72562d6cd326b4a3e6b
jlipps,https://api.github.com/repos/appium/appium/pulls/2052,https://api.github.com/repos/appium/appium/issues/2052,closed,2014-03-12,2014-07-05,2014-03-12,955757b7667f73a62daa346982c38ab44e514abc
DylanLacey,https://api.github.com/repos/appium/appium/pulls/2050,https://api.github.com/repos/appium/appium/issues/2050,closed,2014-03-12,2014-07-05,,dd8aa937900402162009bcf92b3e6efc2df9d202
imurchie,https://api.github.com/repos/appium/appium/pulls/2049,https://api.github.com/repos/appium/appium/issues/2049,closed,2014-03-12,2014-07-05,2014-03-20,961245a92543310a1e13b8bd49fe63a5e9f50309
bootstraponline,https://api.github.com/repos/appium/appium/pulls/2048,https://api.github.com/repos/appium/appium/issues/2048,closed,2014-03-12,2014-06-24,2014-03-12,8a26d968fe5f5996d3dcb466e19e4dee8e923dd4
AvnerAviram,https://api.github.com/repos/appium/appium/pulls/2046,https://api.github.com/repos/appium/appium/issues/2046,closed,2014-03-12,2014-07-05,2014-03-12,96d7e3a7495d378ef26ac1c7d486a458f44b075b
sebv,https://api.github.com/repos/appium/appium/pulls/2043,https://api.github.com/repos/appium/appium/issues/2043,closed,2014-03-12,2014-07-05,2014-03-12,3efb75ea4145a10c0ed67036e5c209f4b5c9aee4
jlipps,https://api.github.com/repos/appium/appium/pulls/2040,https://api.github.com/repos/appium/appium/issues/2040,closed,2014-03-12,2014-07-05,2014-03-12,57118834cce257eb302b7129bec1deb28fbc2a64
deivanai,https://api.github.com/repos/appium/appium/pulls/2039,https://api.github.com/repos/appium/appium/issues/2039,closed,2014-03-12,2014-07-05,2014-03-12,88914e12fc9b4041953b73f8723fc9f3eb11020e
DylanLacey,https://api.github.com/repos/appium/appium/pulls/2034,https://api.github.com/repos/appium/appium/issues/2034,closed,2014-03-11,2014-07-05,2014-03-19,5b507e1fbfc19aa405e9f587f1402767b971c7eb
sebv,https://api.github.com/repos/appium/appium/pulls/2033,https://api.github.com/repos/appium/appium/issues/2033,closed,2014-03-11,2014-07-05,2014-03-11,d02b493dd5164879b5c0f2d6b079366abf4d42e5
jlipps,https://api.github.com/repos/appium/appium/pulls/2029,https://api.github.com/repos/appium/appium/issues/2029,closed,2014-03-11,2014-07-05,2014-03-11,ed65f34285859776b9c3c34e771099770dc96bc9
bootstraponline,https://api.github.com/repos/appium/appium/pulls/2028,https://api.github.com/repos/appium/appium/issues/2028,closed,2014-03-10,2014-06-25,2014-03-17,28a2bc1180ce55cf1bb31b6132368a4078aeaa28
bootstraponline,https://api.github.com/repos/appium/appium/pulls/2025,https://api.github.com/repos/appium/appium/issues/2025,closed,2014-03-10,2014-06-27,2014-03-10,cb5ec3360d297f4211b97366fc5f55c0dd7bb7da
sebv,https://api.github.com/repos/appium/appium/pulls/2024,https://api.github.com/repos/appium/appium/issues/2024,closed,2014-03-10,2014-07-05,2014-03-10,153152fdfad20eae90a31ad5a23dbebd955b7813
jlipps,https://api.github.com/repos/appium/appium/pulls/2020,https://api.github.com/repos/appium/appium/issues/2020,closed,2014-03-07,2014-07-05,2014-03-07,7947a946b56280a8ddea8bdda21094a45285d9d9
imurchie,https://api.github.com/repos/appium/appium/pulls/2019,https://api.github.com/repos/appium/appium/issues/2019,closed,2014-03-07,2014-07-05,2014-03-07,ae854eafc9c866e0bc2dd155f8828dd8516f8157
jlipps,https://api.github.com/repos/appium/appium/pulls/2018,https://api.github.com/repos/appium/appium/issues/2018,closed,2014-03-07,2014-07-05,2014-03-07,5000eac221c91e8ec1458b8272082a8604050930
jlipps,https://api.github.com/repos/appium/appium/pulls/2017,https://api.github.com/repos/appium/appium/issues/2017,closed,2014-03-07,2014-07-05,2014-03-07,10d1f6b2d9db0471934d56ba108f692b86a55084
bootstraponline,https://api.github.com/repos/appium/appium/pulls/2016,https://api.github.com/repos/appium/appium/issues/2016,closed,2014-03-07,2014-07-05,2014-03-07,f20acc692f638a4d3e7b454a6e7270a685ead4f5
jlipps,https://api.github.com/repos/appium/appium/pulls/2012,https://api.github.com/repos/appium/appium/issues/2012,closed,2014-03-07,2014-06-16,2014-03-07,492f51e238756e5804c2f344bc34470c545b15b9
Jonahss,https://api.github.com/repos/appium/appium/pulls/2009,https://api.github.com/repos/appium/appium/issues/2009,closed,2014-03-06,2014-07-05,2014-03-06,5e4a1d32fc795ef1a046eb8c9c32e3237cfe203a
imurchie,https://api.github.com/repos/appium/appium/pulls/2008,https://api.github.com/repos/appium/appium/issues/2008,closed,2014-03-06,2014-07-05,2014-03-06,b6c7407f8ec6db63e070edb43f3074305cfafd5a
paymand,https://api.github.com/repos/appium/appium/pulls/2007,https://api.github.com/repos/appium/appium/issues/2007,closed,2014-03-06,2014-07-05,2014-03-07,7a51d4b3b71d3da9faededdf2181907c50701a05
testerhome,https://api.github.com/repos/appium/appium/pulls/2006,https://api.github.com/repos/appium/appium/issues/2006,closed,2014-03-06,2014-07-05,2014-03-06,d4e67ff6c6e3b0b460c43e04f8f7c22dcfb7ee63
paymand,https://api.github.com/repos/appium/appium/pulls/2000,https://api.github.com/repos/appium/appium/issues/2000,closed,2014-03-05,2014-07-05,2014-03-07,a4fbd1576c718609dfbbc64fe7403758ddca17e7
danubiusdan,https://api.github.com/repos/appium/appium/pulls/1998,https://api.github.com/repos/appium/appium/issues/1998,closed,2014-03-05,2014-07-05,2014-03-05,020b0a6f99da7c65e184fd0fc0a8d11d40bf7e14
jlipps,https://api.github.com/repos/appium/appium/pulls/1995,https://api.github.com/repos/appium/appium/issues/1995,closed,2014-03-05,2014-07-01,2014-03-05,899f733eb23f854ab1454f3c4088e19b5d50ff5b
sebv,https://api.github.com/repos/appium/appium/pulls/1989,https://api.github.com/repos/appium/appium/issues/1989,closed,2014-03-04,2014-07-05,,6f337d75d7678b6be5ac301ce34fc74330d921c7
Jonahss,https://api.github.com/repos/appium/appium/pulls/1987,https://api.github.com/repos/appium/appium/issues/1987,closed,2014-03-04,2014-06-26,2014-03-04,4b90f61fd69106d47c78fcacf209fb9ccaabf61e
jlipps,https://api.github.com/repos/appium/appium/pulls/1986,https://api.github.com/repos/appium/appium/issues/1986,closed,2014-03-04,2014-07-01,2014-03-04,e3c296eb1d3f9d6be73599a1740f6e69b6dbfacc
Jonahss,https://api.github.com/repos/appium/appium/pulls/1985,https://api.github.com/repos/appium/appium/issues/1985,closed,2014-03-03,2014-06-26,2014-03-04,c3c375cfffa66c4db65b42b1cd9e7f80a68b951e
egoldblum,https://api.github.com/repos/appium/appium/pulls/1983,https://api.github.com/repos/appium/appium/issues/1983,closed,2014-03-03,2015-10-26,2014-03-03,5bc7c1a8672023dc2fb023563c81d46146746e94
bootstraponline,https://api.github.com/repos/appium/appium/pulls/1982,https://api.github.com/repos/appium/appium/issues/1982,closed,2014-03-03,2014-07-05,2014-03-03,59005d291c47663dd4cc163bdc92b18662214ed6
sebv,https://api.github.com/repos/appium/appium/pulls/1976,https://api.github.com/repos/appium/appium/issues/1976,closed,2014-03-02,2014-07-05,2014-03-04,140f5a894bf11b03b13f3e333b9e092290a4ce06
pavelsmolensky,https://api.github.com/repos/appium/appium/pulls/1973,https://api.github.com/repos/appium/appium/issues/1973,closed,2014-02-28,2014-07-05,2014-03-03,748b1fba23f10ff5ea584e23aaae4ebb2386f25d
sebv,https://api.github.com/repos/appium/appium/pulls/1972,https://api.github.com/repos/appium/appium/issues/1972,closed,2014-02-28,2014-07-05,2014-02-28,9a4d00af70b4baf00d6275509c331157dd9c968b
bootstraponline,https://api.github.com/repos/appium/appium/pulls/1970,https://api.github.com/repos/appium/appium/issues/1970,closed,2014-02-27,2014-06-17,2014-02-27,a494a1d3545702e2dd29337eb47ee98a45c77e9f
paymand,https://api.github.com/repos/appium/appium/pulls/1969,https://api.github.com/repos/appium/appium/issues/1969,closed,2014-02-27,2014-07-05,,e757fa0f11788f86588871b04c189c6419e1b022
ghost,https://api.github.com/repos/appium/appium/pulls/1967,https://api.github.com/repos/appium/appium/issues/1967,closed,2014-02-27,2014-07-05,2014-03-04,814193168a09c99917c5f9c7011dddea48052692
jlipps,https://api.github.com/repos/appium/appium/pulls/1965,https://api.github.com/repos/appium/appium/issues/1965,closed,2014-02-27,2014-07-04,2014-02-27,56291595b7bbbb7459796b44963a716812dd07fb
paymand,https://api.github.com/repos/appium/appium/pulls/1961,https://api.github.com/repos/appium/appium/issues/1961,closed,2014-02-26,2014-07-01,2014-02-26,9b86d49f0d6931643699991e024582d99bb86eb1
Jonahss,https://api.github.com/repos/appium/appium/pulls/1957,https://api.github.com/repos/appium/appium/issues/1957,closed,2014-02-26,2014-07-05,2014-02-26,150a0aa073228551a43fe50117d2111c6a186751
Jonahss,https://api.github.com/repos/appium/appium/pulls/1956,https://api.github.com/repos/appium/appium/issues/1956,closed,2014-02-25,2014-06-26,2014-02-26,566bfe6c2f6f705e39bc9b3f643a9c01b0549e30
jlipps,https://api.github.com/repos/appium/appium/pulls/1954,https://api.github.com/repos/appium/appium/issues/1954,closed,2014-02-25,2014-07-05,2014-02-25,04cf0a7140286a1d93d734cf8e79e68089d6b9ab
jlipps,https://api.github.com/repos/appium/appium/pulls/1952,https://api.github.com/repos/appium/appium/issues/1952,closed,2014-02-24,2014-06-13,2014-02-25,e292847ec826e15f7b3632c51e0f80fcaad66add
Jonahss,https://api.github.com/repos/appium/appium/pulls/1951,https://api.github.com/repos/appium/appium/issues/1951,closed,2014-02-24,2014-07-05,2014-02-24,9fa590d3bad74d9b06bf2070eceeb404c6615ad2
paymand,https://api.github.com/repos/appium/appium/pulls/1948,https://api.github.com/repos/appium/appium/issues/1948,closed,2014-02-24,2014-07-05,2014-02-25,f4839847aa4f5b822343d690fd30755a586bdf2f
bootstraponline,https://api.github.com/repos/appium/appium/pulls/1945,https://api.github.com/repos/appium/appium/issues/1945,closed,2014-02-22,2014-06-25,2014-02-27,8626ff85a959e7b12b51c7f91860007795e460b3
Jonahss,https://api.github.com/repos/appium/appium/pulls/1944,https://api.github.com/repos/appium/appium/issues/1944,closed,2014-02-22,2014-07-05,2014-02-24,62aab4b55ccd2b2d1a509667f1bfdaf8d0e3b187
paymand,https://api.github.com/repos/appium/appium/pulls/1937,https://api.github.com/repos/appium/appium/issues/1937,closed,2014-02-20,2014-07-05,2014-02-20,a1f564fd1cef906182fc6d327ae5f857c039d697
imurchie,https://api.github.com/repos/appium/appium/pulls/1936,https://api.github.com/repos/appium/appium/issues/1936,closed,2014-02-19,2014-07-05,2014-02-19,cbde086ea08649a3048b7c89e2fade76d21350e2
sebv,https://api.github.com/repos/appium/appium/pulls/1933,https://api.github.com/repos/appium/appium/issues/1933,closed,2014-02-19,2014-06-18,2014-02-20,74bd7f701d5041b258197308835cccf9e562df9e
imurchie,https://api.github.com/repos/appium/appium/pulls/1919,https://api.github.com/repos/appium/appium/issues/1919,closed,2014-02-14,2014-06-16,2014-02-14,794a141fc849656547e931547b9804ad11978f44
bootstraponline,https://api.github.com/repos/appium/appium/pulls/1918,https://api.github.com/repos/appium/appium/issues/1918,closed,2014-02-14,2014-06-29,2014-02-14,e14dce04b303f67f88bd47b0dca776615d3bed26
bootstraponline,https://api.github.com/repos/appium/appium/pulls/1917,https://api.github.com/repos/appium/appium/issues/1917,closed,2014-02-14,2014-07-05,,5bdc21ca0ed5b4316ddca4106dc6168f6c3c2c49
jlipps,https://api.github.com/repos/appium/appium/pulls/1916,https://api.github.com/repos/appium/appium/issues/1916,closed,2014-02-14,2014-06-20,2014-02-14,e76ef77978d3e41fa2710ba41057a78a7401d26e
imurchie,https://api.github.com/repos/appium/appium/pulls/1914,https://api.github.com/repos/appium/appium/issues/1914,closed,2014-02-14,2014-07-05,2014-02-14,fd60dd8b6815a0437814424a7a4e43d9b100b5e1
sebv,https://api.github.com/repos/appium/appium/pulls/1913,https://api.github.com/repos/appium/appium/issues/1913,closed,2014-02-14,2014-07-05,2014-02-18,1c9bb6c09fdaf9dba850643a40d2a0759ff51905
jlipps,https://api.github.com/repos/appium/appium/pulls/1910,https://api.github.com/repos/appium/appium/issues/1910,closed,2014-02-14,2015-09-15,2014-02-14,c8da2435bc24d91bd71aa73f186bfcfc99d4cb63
jlipps,https://api.github.com/repos/appium/appium/pulls/1909,https://api.github.com/repos/appium/appium/issues/1909,closed,2014-02-13,2014-07-05,2014-02-13,aab001536f35df5fa9a3fb49d07248eeba1d93ce
imurchie,https://api.github.com/repos/appium/appium/pulls/1908,https://api.github.com/repos/appium/appium/issues/1908,closed,2014-02-13,2014-07-05,2014-02-13,f1c4cce3d31594420ed93069e346ba8935e034ec
jlipps,https://api.github.com/repos/appium/appium/pulls/1904,https://api.github.com/repos/appium/appium/issues/1904,closed,2014-02-13,2014-06-16,2014-02-21,a09ace392eae303c30cc919f17b06dbdf7f68680
imurchie,https://api.github.com/repos/appium/appium/pulls/1897,https://api.github.com/repos/appium/appium/issues/1897,closed,2014-02-11,2014-06-20,2014-02-11,b8b4fcca9b5cd027d8d52c4598874c07c3ab2c59
bigfei,https://api.github.com/repos/appium/appium/pulls/1895,https://api.github.com/repos/appium/appium/issues/1895,closed,2014-02-11,2014-07-05,2014-02-11,61b211f20c84c69348d5487e5ab20714a4228f35
rgonalo,https://api.github.com/repos/appium/appium/pulls/1894,https://api.github.com/repos/appium/appium/issues/1894,closed,2014-02-11,2014-07-05,2014-02-11,89a127b6ccf785be69a7a6c67c4e9ceb425e19ba
2cat,https://api.github.com/repos/appium/appium/pulls/1893,https://api.github.com/repos/appium/appium/issues/1893,closed,2014-02-11,2014-07-05,,ac6b66814acb666eaba4f13e69f34c501726da86
bootstraponline,https://api.github.com/repos/appium/appium/pulls/1890,https://api.github.com/repos/appium/appium/issues/1890,closed,2014-02-10,2018-04-26,2014-02-14,6613166a9090a68528d714dbd4f37c3ae638d5c7
bootstraponline,https://api.github.com/repos/appium/appium/pulls/1888,https://api.github.com/repos/appium/appium/issues/1888,closed,2014-02-10,2014-06-18,2014-02-13,dfbf6224f54706cdf615751ce49bd19c825f79a3
imurchie,https://api.github.com/repos/appium/appium/pulls/1884,https://api.github.com/repos/appium/appium/issues/1884,closed,2014-02-08,2014-07-03,2014-02-10,cc80a613cc631e74db23732ba1b4104388a895a6
jlipps,https://api.github.com/repos/appium/appium/pulls/1879,https://api.github.com/repos/appium/appium/issues/1879,closed,2014-02-06,2014-06-12,2014-02-06,1f80fdb0a6d236bc8db52083bef5eacd9d42d97a
midopa,https://api.github.com/repos/appium/appium/pulls/1876,https://api.github.com/repos/appium/appium/issues/1876,closed,2014-02-06,2014-07-04,2014-02-13,15155f84396c2f73f8d3b8c954b70a9a0d79b71d
jlipps,https://api.github.com/repos/appium/appium/pulls/1875,https://api.github.com/repos/appium/appium/issues/1875,closed,2014-02-05,2014-07-05,2014-02-05,a3217232fd8b1a7f24ec39367d50d960cd279736
sebv,https://api.github.com/repos/appium/appium/pulls/1871,https://api.github.com/repos/appium/appium/issues/1871,closed,2014-02-05,2014-07-05,2014-02-07,e8c7e651856ff584b3be10c3401063d6f1199d35
imurchie,https://api.github.com/repos/appium/appium/pulls/1869,https://api.github.com/repos/appium/appium/issues/1869,closed,2014-02-04,2014-06-12,2014-02-05,03d7ad1f06a92f226db843f56a162d8a1a56e743
bootstraponline,https://api.github.com/repos/appium/appium/pulls/1865,https://api.github.com/repos/appium/appium/issues/1865,closed,2014-02-04,2014-07-05,2014-02-04,a5e44339abc8a77f12ace5edeeaf8dcadad83b5e
midopa,https://api.github.com/repos/appium/appium/pulls/1864,https://api.github.com/repos/appium/appium/issues/1864,closed,2014-02-04,2014-07-05,2014-02-04,ad0b9e59589f063adfbd88f9b269ff4270a45ffd
midopa,https://api.github.com/repos/appium/appium/pulls/1861,https://api.github.com/repos/appium/appium/issues/1861,closed,2014-02-04,2014-06-12,2014-02-04,1997e449317fd8b7c219603273531dcc73964af7
imurchie,https://api.github.com/repos/appium/appium/pulls/1856,https://api.github.com/repos/appium/appium/issues/1856,closed,2014-02-04,2014-07-05,2014-02-04,41c42525528077a74368447d13205101b861e31c
stephensjlee,https://api.github.com/repos/appium/appium/pulls/1852,https://api.github.com/repos/appium/appium/issues/1852,closed,2014-02-03,2014-07-03,2014-02-03,833bf869334ab618d7089bbc1bc32d3f3dc49f36
paymand,https://api.github.com/repos/appium/appium/pulls/1851,https://api.github.com/repos/appium/appium/issues/1851,closed,2014-02-03,2014-07-05,2014-02-03,30e8a2516d063afed0ad8fd81eef43e9f2e3a3f3
bootstraponline,https://api.github.com/repos/appium/appium/pulls/1848,https://api.github.com/repos/appium/appium/issues/1848,closed,2014-02-02,2014-07-02,2014-02-03,4c307f4cc2a066517fb2f63b568d751fa5ac0890
midopa,https://api.github.com/repos/appium/appium/pulls/1847,https://api.github.com/repos/appium/appium/issues/1847,closed,2014-02-01,2014-06-23,2014-02-01,c7ab3ac3bb3152cea3e7e6bfb206707679497511
midopa,https://api.github.com/repos/appium/appium/pulls/1845,https://api.github.com/repos/appium/appium/issues/1845,closed,2014-02-01,2014-07-02,,
snevesbarros,https://api.github.com/repos/appium/appium/pulls/1844,https://api.github.com/repos/appium/appium/issues/1844,closed,2014-02-01,2014-07-03,2014-02-01,c8ff09a241ccd2d23675a968a440e097174ce246
bootstraponline,https://api.github.com/repos/appium/appium/pulls/1842,https://api.github.com/repos/appium/appium/issues/1842,closed,2014-02-01,2014-06-13,2014-02-01,22e960c3f4f094b69abbeeedc1bc44f3f6438e09
linguinee,https://api.github.com/repos/appium/appium/pulls/1841,https://api.github.com/repos/appium/appium/issues/1841,closed,2014-02-01,2014-06-13,,65d0d649e7b4cec812d76f431e6fefc24fdf4cd0
bootstraponline,https://api.github.com/repos/appium/appium/pulls/1840,https://api.github.com/repos/appium/appium/issues/1840,closed,2014-01-31,2014-06-17,2014-01-31,2a37de8a6036361a8ef9c6f84fc29831c5f8fb89
q-a,https://api.github.com/repos/appium/appium/pulls/1839,https://api.github.com/repos/appium/appium/issues/1839,closed,2014-01-31,2014-07-05,,348d54d11e3b16617d565649c7ddbe371058f700
jlipps,https://api.github.com/repos/appium/appium/pulls/1836,https://api.github.com/repos/appium/appium/issues/1836,closed,2014-01-31,2014-06-17,2014-01-31,90d879d2dce2e837f1e0abdb49fcb559e7284059
sebv,https://api.github.com/repos/appium/appium/pulls/1832,https://api.github.com/repos/appium/appium/issues/1832,closed,2014-01-30,2014-07-05,2014-01-30,98afdf96c13b82c597303942371410fd7dd7cbbe
sebv,https://api.github.com/repos/appium/appium/pulls/1831,https://api.github.com/repos/appium/appium/issues/1831,closed,2014-01-30,2014-07-05,2014-01-30,d757a9781fc347afa9a47aa7e4e3f1cebf0cffa3
lbunschoten,https://api.github.com/repos/appium/appium/pulls/1830,https://api.github.com/repos/appium/appium/issues/1830,closed,2014-01-30,2014-07-05,2014-01-30,4ceab4c57c212703e49f6c6e0bebbf00a5e0044e
imurchie,https://api.github.com/repos/appium/appium/pulls/1829,https://api.github.com/repos/appium/appium/issues/1829,closed,2014-01-30,2014-06-24,2014-01-30,fc60c286ceb8b5896689f1a729fa44c16b3a380c
jlipps,https://api.github.com/repos/appium/appium/pulls/1826,https://api.github.com/repos/appium/appium/issues/1826,closed,2014-01-29,2014-06-14,2014-01-29,129a9ac1380720bc2a6993b0b0d1bbe3c3caa1a5
bootstraponline,https://api.github.com/repos/appium/appium/pulls/1824,https://api.github.com/repos/appium/appium/issues/1824,closed,2014-01-29,2014-07-02,2014-01-29,c614603bd84299e78000d2cfe02049fc753a098c
sebv,https://api.github.com/repos/appium/appium/pulls/1823,https://api.github.com/repos/appium/appium/issues/1823,closed,2014-01-29,2014-06-15,2014-01-29,d326cedc7c8e25a59f8ff4106c16910067eaa6ec
davebassan,https://api.github.com/repos/appium/appium/pulls/1817,https://api.github.com/repos/appium/appium/issues/1817,closed,2014-01-27,2014-06-14,2014-01-30,1c6571cd02b2e0a8bfff878a20566aaea0bfe475
jasonchutko,https://api.github.com/repos/appium/appium/pulls/1816,https://api.github.com/repos/appium/appium/issues/1816,closed,2014-01-27,2014-07-05,2014-01-30,efa9759afd503fed02393e18aa2920b64cf026a2
paymand,https://api.github.com/repos/appium/appium/pulls/1814,https://api.github.com/repos/appium/appium/issues/1814,closed,2014-01-26,2014-06-17,2014-01-30,09ed4a0f17bc2f0ba428904e8c2b84060a86cab5
imurchie,https://api.github.com/repos/appium/appium/pulls/1810,https://api.github.com/repos/appium/appium/issues/1810,closed,2014-01-24,2014-07-05,2014-01-30,ce46943ca33dfdfd680de657132744d367988b34
jlipps,https://api.github.com/repos/appium/appium/pulls/1809,https://api.github.com/repos/appium/appium/issues/1809,closed,2014-01-24,2014-06-12,2014-01-24,bbc90825678aac4e4517f0b207fe23875312d6e6
jlipps,https://api.github.com/repos/appium/appium/pulls/1808,https://api.github.com/repos/appium/appium/issues/1808,closed,2014-01-23,2014-07-05,2014-01-24,3738ab741b3f9e40cdb3845b502570218409c3b8
jlipps,https://api.github.com/repos/appium/appium/pulls/1806,https://api.github.com/repos/appium/appium/issues/1806,closed,2014-01-23,2014-06-20,2014-01-23,38ba70f1cb64f65185f5a2318a68b06e67f96de0
imurchie,https://api.github.com/repos/appium/appium/pulls/1797,https://api.github.com/repos/appium/appium/issues/1797,closed,2014-01-22,2014-07-05,2014-01-22,a51cc0c63fb54f93c711f4d49b599e9f6aa10ed5
sebv,https://api.github.com/repos/appium/appium/pulls/1796,https://api.github.com/repos/appium/appium/issues/1796,closed,2014-01-22,2014-07-05,2014-01-30,704e495761fbf3711e0de914e18b69958256f775
sebv,https://api.github.com/repos/appium/appium/pulls/1794,https://api.github.com/repos/appium/appium/issues/1794,closed,2014-01-22,2014-07-02,,
yujie1985,https://api.github.com/repos/appium/appium/pulls/1789,https://api.github.com/repos/appium/appium/issues/1789,closed,2014-01-22,2014-06-26,,4af7335987b114a2013219a45b86e5d22b0878a1
jlipps,https://api.github.com/repos/appium/appium/pulls/1788,https://api.github.com/repos/appium/appium/issues/1788,closed,2014-01-22,2014-07-04,2014-01-22,6385ac11f1eca15ba0462faeec5de1be52722203
jlipps,https://api.github.com/repos/appium/appium/pulls/1787,https://api.github.com/repos/appium/appium/issues/1787,closed,2014-01-21,2014-07-05,2014-01-21,f6b85d5f2bd768766af80541e6e0d7d79388672a
thu2004,https://api.github.com/repos/appium/appium/pulls/1784,https://api.github.com/repos/appium/appium/issues/1784,closed,2014-01-21,2014-06-15,2014-01-21,5084d9c02774f2990afa710fe410c22d684078d7
jlipps,https://api.github.com/repos/appium/appium/pulls/1782,https://api.github.com/repos/appium/appium/issues/1782,closed,2014-01-21,2014-07-01,2014-01-21,3d8689045a7a487758b3eba8b7ef195336952a99
bootstraponline,https://api.github.com/repos/appium/appium/pulls/1781,https://api.github.com/repos/appium/appium/issues/1781,closed,2014-01-20,2014-07-02,2014-01-20,671d093daedd298ba0fe9f84548a67e606a57052
jlipps,https://api.github.com/repos/appium/appium/pulls/1779,https://api.github.com/repos/appium/appium/issues/1779,closed,2014-01-20,2014-07-03,2014-01-20,31db1d6fff2312ecd144ef1c66a8a9cec3e393d7
thu2004,https://api.github.com/repos/appium/appium/pulls/1778,https://api.github.com/repos/appium/appium/issues/1778,closed,2014-01-20,2014-07-05,,7618515d1c1000411a4b03b3bec8aaa8e96a9ef3
paymand,https://api.github.com/repos/appium/appium/pulls/1777,https://api.github.com/repos/appium/appium/issues/1777,closed,2014-01-20,2014-07-04,2014-01-21,04eab20a90276550f5f42563ff5acd8ba95ba156
rgonalo,https://api.github.com/repos/appium/appium/pulls/1776,https://api.github.com/repos/appium/appium/issues/1776,closed,2014-01-20,2014-07-01,2014-01-20,aa937b29bc9e6f6daf74696b005d60dfd806da77
jasonchutko,https://api.github.com/repos/appium/appium/pulls/1771,https://api.github.com/repos/appium/appium/issues/1771,closed,2014-01-17,2014-06-12,2014-01-18,b4f65842bee2b8b5b3b4bcfb37a072db6e0e08cb
mobiware,https://api.github.com/repos/appium/appium/pulls/1769,https://api.github.com/repos/appium/appium/issues/1769,closed,2014-01-17,2014-06-12,2014-01-21,e7ff8b8b7ba34f0c6bf809ea625358297587e72a
ghost,https://api.github.com/repos/appium/appium/pulls/1767,https://api.github.com/repos/appium/appium/issues/1767,closed,2014-01-17,2014-06-27,2014-01-22,44eb6f0cdd1e7baacc5a676a05ba2ccf6687e8da
jlipps,https://api.github.com/repos/appium/appium/pulls/1765,https://api.github.com/repos/appium/appium/issues/1765,closed,2014-01-17,2014-07-05,2014-01-17,db32c4e4686b089cbb7b6bf2cfcd63383d4f90f5
sebv,https://api.github.com/repos/appium/appium/pulls/1764,https://api.github.com/repos/appium/appium/issues/1764,closed,2014-01-17,2014-07-05,2014-01-17,41633affedb6d1eabc1dd2c9e79aa643b547ef6b
mobiware,https://api.github.com/repos/appium/appium/pulls/1762,https://api.github.com/repos/appium/appium/issues/1762,closed,2014-01-16,2014-07-05,2014-01-16,6923a55d754310e7fb5970e6371c00495a6f01ef
thu2004,https://api.github.com/repos/appium/appium/pulls/1761,https://api.github.com/repos/appium/appium/issues/1761,closed,2014-01-16,2014-07-05,2014-01-16,04dbe2fceeb8376c8462acadf6b746d08d20b0ca
jlipps,https://api.github.com/repos/appium/appium/pulls/1760,https://api.github.com/repos/appium/appium/issues/1760,closed,2014-01-16,2014-07-05,2014-01-16,7bd6beb2d8714d83e4d41af257b4ea958e2cc1b0
mobiware,https://api.github.com/repos/appium/appium/pulls/1756,https://api.github.com/repos/appium/appium/issues/1756,closed,2014-01-16,2014-07-05,,07ee7e9bc100282554aa85c484e7eed30970b4d3
mobiware,https://api.github.com/repos/appium/appium/pulls/1755,https://api.github.com/repos/appium/appium/issues/1755,closed,2014-01-16,2014-07-05,2014-01-16,b531aeb9cbe4d1ab42389d4382254d0b8d426789
sebv,https://api.github.com/repos/appium/appium/pulls/1754,https://api.github.com/repos/appium/appium/issues/1754,closed,2014-01-16,2014-07-03,2014-01-16,b7c61e601b6c5b494d81261a6ed5b9159717fe33
patotskiy,https://api.github.com/repos/appium/appium/pulls/1753,https://api.github.com/repos/appium/appium/issues/1753,closed,2014-01-16,2014-07-05,2014-01-16,fbbcfeae267739d1d0cb64d9403905f54d5f49ab
jlipps,https://api.github.com/repos/appium/appium/pulls/1750,https://api.github.com/repos/appium/appium/issues/1750,closed,2014-01-15,2014-07-05,2014-01-15,6f630f42193bc949756174ff2dffbffd10249d78
jlipps,https://api.github.com/repos/appium/appium/pulls/1749,https://api.github.com/repos/appium/appium/issues/1749,closed,2014-01-15,2014-06-19,2014-01-15,2a0b593e69e1f9c4aaea2df9578f562f288b5378
c0nscience,https://api.github.com/repos/appium/appium/pulls/1747,https://api.github.com/repos/appium/appium/issues/1747,closed,2014-01-15,2014-07-05,2014-01-15,ced2d46b94bbe9fe3d7ef06b56a27f3c5839f0f3
zijie0,https://api.github.com/repos/appium/appium/pulls/1745,https://api.github.com/repos/appium/appium/issues/1745,closed,2014-01-15,2014-07-05,2014-01-15,dc57685a37a5d2d6612d606834e8009df50c2beb
patotskiy,https://api.github.com/repos/appium/appium/pulls/1744,https://api.github.com/repos/appium/appium/issues/1744,closed,2014-01-15,2014-06-20,,e8e71d165e37c833ba1cd986e7a285dac2be52ce
ecomrobotics,https://api.github.com/repos/appium/appium/pulls/1742,https://api.github.com/repos/appium/appium/issues/1742,closed,2014-01-14,2014-07-05,,ec37ccd06e93af4e0a94687ed1f6bbd4ccbf5d8b
jlipps,https://api.github.com/repos/appium/appium/pulls/1734,https://api.github.com/repos/appium/appium/issues/1734,closed,2014-01-13,2014-06-26,2014-01-14,03ea10b243becff9e4b480c339009b96fd1a4153
jlipps,https://api.github.com/repos/appium/appium/pulls/1733,https://api.github.com/repos/appium/appium/issues/1733,closed,2014-01-13,2014-07-05,,65b73766a27c48e9b08a1f409f11724598d4fb6c
sebv,https://api.github.com/repos/appium/appium/pulls/1732,https://api.github.com/repos/appium/appium/issues/1732,closed,2014-01-13,2014-07-05,2014-01-13,0f6966aef982a1898f92ad66c5e7dfcc23d88bb9
zijie0,https://api.github.com/repos/appium/appium/pulls/1730,https://api.github.com/repos/appium/appium/issues/1730,closed,2014-01-13,2014-06-29,,abfce2df0eab8170fc49b162c9baf53730bd4d87
Markm21,https://api.github.com/repos/appium/appium/pulls/1729,https://api.github.com/repos/appium/appium/issues/1729,closed,2014-01-12,2014-07-05,2014-01-12,f840437d38d757d5ec508ebd3d91c0976a87582b
gong023,https://api.github.com/repos/appium/appium/pulls/1728,https://api.github.com/repos/appium/appium/issues/1728,closed,2014-01-11,2014-07-05,,781c9346f6ea2fefa6120461a5a08f0f55686044
rectalogic,https://api.github.com/repos/appium/appium/pulls/1727,https://api.github.com/repos/appium/appium/issues/1727,closed,2014-01-10,2014-06-16,2014-01-10,994baa62dc83e8d3a7c04c5eea8f9a6fe2bae564
jlipps,https://api.github.com/repos/appium/appium/pulls/1726,https://api.github.com/repos/appium/appium/issues/1726,closed,2014-01-10,2014-07-05,2014-01-10,c309652caea177a7803d115fcdfb4654f2a9b357
paymand,https://api.github.com/repos/appium/appium/pulls/1725,https://api.github.com/repos/appium/appium/issues/1725,closed,2014-01-10,2014-07-05,2014-01-10,baeeb18a4888387b829b0f749b607ea93008f691
ghost,https://api.github.com/repos/appium/appium/pulls/1724,https://api.github.com/repos/appium/appium/issues/1724,closed,2014-01-10,2014-07-05,2014-01-10,3f8fba013714be9652997a3ad63b8e1663395242
ghost,https://api.github.com/repos/appium/appium/pulls/1723,https://api.github.com/repos/appium/appium/issues/1723,closed,2014-01-10,2014-06-19,,799be096b3f852bdd83ed43beb4656702f6bc3ea
mobiware,https://api.github.com/repos/appium/appium/pulls/1721,https://api.github.com/repos/appium/appium/issues/1721,closed,2014-01-10,2014-06-21,,186d9de940114f857c41c021f64c6a183613c45e
mobiware,https://api.github.com/repos/appium/appium/pulls/1720,https://api.github.com/repos/appium/appium/issues/1720,closed,2014-01-09,2014-07-05,,601ba9d1de5ffd7341bd9e5092e1d1ed83f25efc
CharlesHarley,https://api.github.com/repos/appium/appium/pulls/1717,https://api.github.com/repos/appium/appium/issues/1717,closed,2014-01-09,2014-07-05,,d0f098eed155b08f15fb16b1ff728d3570573574
jlipps,https://api.github.com/repos/appium/appium/pulls/1715,https://api.github.com/repos/appium/appium/issues/1715,closed,2014-01-08,2014-07-02,2014-01-08,eefdcd90edefb0c52f5e17e5a4475e128c24e830
jlipps,https://api.github.com/repos/appium/appium/pulls/1714,https://api.github.com/repos/appium/appium/issues/1714,closed,2014-01-08,2014-06-19,2014-01-08,48f572bbe3861f0a48e7078e348ebf2cc986d25a
jlipps,https://api.github.com/repos/appium/appium/pulls/1712,https://api.github.com/repos/appium/appium/issues/1712,closed,2014-01-07,2014-07-05,,0c72095890b1c6e3f003dd09b4f940614fbad790
jlipps,https://api.github.com/repos/appium/appium/pulls/1711,https://api.github.com/repos/appium/appium/issues/1711,closed,2014-01-07,2014-07-05,2014-01-08,310e972f968e2a58e84f8ff85f09d6fd039bc7cc
penguinho,https://api.github.com/repos/appium/appium/pulls/1710,https://api.github.com/repos/appium/appium/issues/1710,closed,2014-01-07,2014-06-23,2014-01-07,f9b91d283df55f8862b58848f9a2b92e602a9fd5
jlipps,https://api.github.com/repos/appium/appium/pulls/1709,https://api.github.com/repos/appium/appium/issues/1709,closed,2014-01-07,2014-06-18,2014-01-07,d8b154144af82f4e627e0a206dd6ee39d035d4c3
jlipps,https://api.github.com/repos/appium/appium/pulls/1705,https://api.github.com/repos/appium/appium/issues/1705,closed,2014-01-07,2014-07-05,2014-01-07,e6cfeb704aa600921d8d4ae92e6b3df3ee1dd910
sebv,https://api.github.com/repos/appium/appium/pulls/1701,https://api.github.com/repos/appium/appium/issues/1701,closed,2014-01-06,2014-06-26,2014-01-06,e5dd110ed51617175ef9c6c9baf63b6e31b2c618
testerhome,https://api.github.com/repos/appium/appium/pulls/1697,https://api.github.com/repos/appium/appium/issues/1697,closed,2014-01-05,2014-06-20,2014-01-05,76bc0769237af341f583df4b2dcab8a13585835f
rockbot,https://api.github.com/repos/appium/appium/pulls/1695,https://api.github.com/repos/appium/appium/issues/1695,closed,2014-01-03,2014-06-26,2014-01-03,78489fd530b60626d7cd7ab99897f0ef0b589df1
bootstraponline,https://api.github.com/repos/appium/appium/pulls/1694,https://api.github.com/repos/appium/appium/issues/1694,closed,2014-01-03,2014-06-25,2014-01-03,8f431d29fd1a8d3495accb52eae4865a84bd1431
sebv,https://api.github.com/repos/appium/appium/pulls/1689,https://api.github.com/repos/appium/appium/issues/1689,closed,2014-01-02,2014-06-12,2014-01-03,6a76d5b987feedec1a837ccd08d19874f9914ed3
vkmtse,https://api.github.com/repos/appium/appium/pulls/1688,https://api.github.com/repos/appium/appium/issues/1688,closed,2014-01-02,2014-07-05,2014-01-03,70a0e24d8cabae55af3b11cb073733f55605c9aa
sebv,https://api.github.com/repos/appium/appium/pulls/1687,https://api.github.com/repos/appium/appium/issues/1687,closed,2014-01-02,2014-06-15,2014-01-03,98d33965f5c2f28ed596576682301b7b83806eb9
sebv,https://api.github.com/repos/appium/appium/pulls/1685,https://api.github.com/repos/appium/appium/issues/1685,closed,2013-12-31,2014-07-05,,487d6ae6ce308c1cabe670015a42c7231e2d884c
boxiong,https://api.github.com/repos/appium/appium/pulls/1681,https://api.github.com/repos/appium/appium/issues/1681,closed,2013-12-29,2014-07-05,2014-01-03,80565a60ed2e66eab5d5434cfc43c47809e67dd2
bootstraponline,https://api.github.com/repos/appium/appium/pulls/1680,https://api.github.com/repos/appium/appium/issues/1680,closed,2013-12-27,2014-06-16,2013-12-27,bf396de6d0e0164ba263a7e60af9c7930c333cda
bootstraponline,https://api.github.com/repos/appium/appium/pulls/1679,https://api.github.com/repos/appium/appium/issues/1679,closed,2013-12-27,2014-07-02,2014-01-03,a33f41375b20d3b58eb2e7f1b285ac99f753358e
bootstraponline,https://api.github.com/repos/appium/appium/pulls/1677,https://api.github.com/repos/appium/appium/issues/1677,closed,2013-12-26,2014-07-05,2014-01-03,4b5a83550be0a0fa1d8fcfc99291c98f371f6d11
rockbot,https://api.github.com/repos/appium/appium/pulls/1674,https://api.github.com/repos/appium/appium/issues/1674,closed,2013-12-24,2014-06-13,2014-01-08,4ead2e596a9afb8d694fc87b6858b276cc3c5966
rockbot,https://api.github.com/repos/appium/appium/pulls/1670,https://api.github.com/repos/appium/appium/issues/1670,closed,2013-12-23,2014-06-12,2013-12-23,8f148e4d8897fca3efe26cf6e93c316e9916e090
rockbot,https://api.github.com/repos/appium/appium/pulls/1664,https://api.github.com/repos/appium/appium/issues/1664,closed,2013-12-20,2014-07-05,2013-12-20,594bb4c5a5b3b81d0a4ec7ee33457b82ed7bce29
Jonahss,https://api.github.com/repos/appium/appium/pulls/1663,https://api.github.com/repos/appium/appium/issues/1663,closed,2013-12-20,2014-07-03,2013-12-20,f75c32465c50fd314299d856144dd9fa142cb225
jlipps,https://api.github.com/repos/appium/appium/pulls/1662,https://api.github.com/repos/appium/appium/issues/1662,closed,2013-12-20,2014-07-05,2013-12-20,5b7ecab7208b7c82e798feffa099d8e10c5a45d1
jlipps,https://api.github.com/repos/appium/appium/pulls/1657,https://api.github.com/repos/appium/appium/issues/1657,closed,2013-12-19,2014-06-13,2013-12-19,03cb5eb527794d2150677383467af4225ca3f81e
elgalu,https://api.github.com/repos/appium/appium/pulls/1653,https://api.github.com/repos/appium/appium/issues/1653,closed,2013-12-19,2014-07-05,2013-12-19,c08f1c3bd250a015a8f9c93c1a5fdcf08d434665
elgalu,https://api.github.com/repos/appium/appium/pulls/1652,https://api.github.com/repos/appium/appium/issues/1652,closed,2013-12-19,2014-07-05,2013-12-19,0b474c3bf5156656d2bd1386ef707d9de58894fa
rockbot,https://api.github.com/repos/appium/appium/pulls/1651,https://api.github.com/repos/appium/appium/issues/1651,closed,2013-12-19,2014-07-02,2013-12-19,6f4366d1b2d9f332c75739b03e70d6ff1349ff74
jlipps,https://api.github.com/repos/appium/appium/pulls/1650,https://api.github.com/repos/appium/appium/issues/1650,closed,2013-12-18,2014-07-05,2013-12-18,00e1e8d932e53e6a06816fe1572e7c7aec56dd48
rockbot,https://api.github.com/repos/appium/appium/pulls/1645,https://api.github.com/repos/appium/appium/issues/1645,closed,2013-12-18,2014-07-05,2013-12-18,7322dc6ab6f9d8885a4ce9eb8a634b65831f8850
bootstraponline,https://api.github.com/repos/appium/appium/pulls/1643,https://api.github.com/repos/appium/appium/issues/1643,closed,2013-12-17,2014-06-20,2013-12-17,a236a07aabbaee9a6cddaa7a38ead0ed6942fa57
jlipps,https://api.github.com/repos/appium/appium/pulls/1636,https://api.github.com/repos/appium/appium/issues/1636,closed,2013-12-17,2014-07-05,2013-12-17,580e5782ece7ce43859e9d986dac0539608e70ae
grz0,https://api.github.com/repos/appium/appium/pulls/1634,https://api.github.com/repos/appium/appium/issues/1634,closed,2013-12-17,2014-07-05,2013-12-18,c939eaba295c2a70eca8d80c48b5b0afd7e071ea
jlipps,https://api.github.com/repos/appium/appium/pulls/1632,https://api.github.com/repos/appium/appium/issues/1632,closed,2013-12-17,2014-07-05,2013-12-17,0a9cbad03e560b0687088d5c7478efdacd6f7ecc
rockbot,https://api.github.com/repos/appium/appium/pulls/1626,https://api.github.com/repos/appium/appium/issues/1626,closed,2013-12-17,2014-06-18,2013-12-17,374f6e3961baf2970742b68c14e773b566ecbd61
filmaj,https://api.github.com/repos/appium/appium/pulls/1625,https://api.github.com/repos/appium/appium/issues/1625,closed,2013-12-17,2014-07-05,2013-12-17,1d42f8b9162a2fe497209b541a2bf36966a5d9a3
penguinho,https://api.github.com/repos/appium/appium/pulls/1620,https://api.github.com/repos/appium/appium/issues/1620,closed,2013-12-14,2014-07-05,2013-12-15,e797bb9e8e3ab4fe2fcc0548ea7cabde38979bdb
penguinho,https://api.github.com/repos/appium/appium/pulls/1619,https://api.github.com/repos/appium/appium/issues/1619,closed,2013-12-14,2014-06-18,2013-12-16,603c34a211a3c981991d35b58f6f3222dc79a302
DylanLacey,https://api.github.com/repos/appium/appium/pulls/1617,https://api.github.com/repos/appium/appium/issues/1617,closed,2013-12-14,2014-07-05,2013-12-14,deafafa5643479d60788160de8d8c5ecb696bc91
jlipps,https://api.github.com/repos/appium/appium/pulls/1615,https://api.github.com/repos/appium/appium/issues/1615,closed,2013-12-14,2014-06-16,2013-12-14,4c110b8f83c207e139b157b030de165ef694f955
ghost,https://api.github.com/repos/appium/appium/pulls/1614,https://api.github.com/repos/appium/appium/issues/1614,closed,2013-12-13,2014-07-05,2013-12-13,7cb007f24cb9cfa9c56b65db048dd2ac1ad0054f
jlipps,https://api.github.com/repos/appium/appium/pulls/1607,https://api.github.com/repos/appium/appium/issues/1607,closed,2013-12-11,2014-07-05,2013-12-11,67f4bcd035bb3b108dae31948b3c02eda8088201
maribezler,https://api.github.com/repos/appium/appium/pulls/1606,https://api.github.com/repos/appium/appium/issues/1606,closed,2013-12-11,2014-07-05,2013-12-11,a96b341ceca903d4cc553116ce1f32d70ac97f0c
jlipps,https://api.github.com/repos/appium/appium/pulls/1603,https://api.github.com/repos/appium/appium/issues/1603,closed,2013-12-10,2014-07-05,2013-12-10,913dc2e4652ec37e5e503eb0a917263f89250708
bootstraponline,https://api.github.com/repos/appium/appium/pulls/1602,https://api.github.com/repos/appium/appium/issues/1602,closed,2013-12-10,2014-07-05,2013-12-10,a512019c3fd043846fc4c1e6a3350c5b2b9e67b3
jlipps,https://api.github.com/repos/appium/appium/pulls/1601,https://api.github.com/repos/appium/appium/issues/1601,closed,2013-12-10,2014-06-16,2013-12-10,737464349eb1b9fdc3f4e01eb5624fb2fb298938
haveahennessy,https://api.github.com/repos/appium/appium/pulls/1598,https://api.github.com/repos/appium/appium/issues/1598,closed,2013-12-10,2014-06-12,2013-12-10,fcbc5ec6505ca60119a9f5e279ee7fd2496ee70f
mobiware,https://api.github.com/repos/appium/appium/pulls/1596,https://api.github.com/repos/appium/appium/issues/1596,closed,2013-12-10,2014-06-12,2013-12-10,5090590c7df4a722159af08baf4dfdb328d01ca1
jlipps,https://api.github.com/repos/appium/appium/pulls/1594,https://api.github.com/repos/appium/appium/issues/1594,closed,2013-12-09,2014-07-05,2013-12-10,92c21448c47e8a6f18549e752c808a5dc0163df4
jlipps,https://api.github.com/repos/appium/appium/pulls/1593,https://api.github.com/repos/appium/appium/issues/1593,closed,2013-12-09,2014-07-05,2013-12-09,f01c8c5a0c6f9c0824a726e8936a2cff2fe3cb0a
jlipps,https://api.github.com/repos/appium/appium/pulls/1592,https://api.github.com/repos/appium/appium/issues/1592,closed,2013-12-09,2014-07-05,2013-12-09,0ca82172916ea50b4fdb8dec54ad35565feae9fb
jlipps,https://api.github.com/repos/appium/appium/pulls/1591,https://api.github.com/repos/appium/appium/issues/1591,closed,2013-12-09,2014-06-14,2013-12-09,dbf15982bc6fc9b7f1c6e163e1c8529c822bfa05
bootstraponline,https://api.github.com/repos/appium/appium/pulls/1584,https://api.github.com/repos/appium/appium/issues/1584,closed,2013-12-06,2014-07-05,2013-12-06,e9dc53e9b3af4fe0ee33d502d4bee5b9a79a20fb
jlipps,https://api.github.com/repos/appium/appium/pulls/1582,https://api.github.com/repos/appium/appium/issues/1582,closed,2013-12-06,2014-07-05,2013-12-06,63c57ff361faa98ed3c0845ab39856ae4e3a8a33
jlipps,https://api.github.com/repos/appium/appium/pulls/1581,https://api.github.com/repos/appium/appium/issues/1581,closed,2013-12-05,2014-07-05,2013-12-05,0308930784aa84873b892aee00ce76d9b9c27f53
jlipps,https://api.github.com/repos/appium/appium/pulls/1576,https://api.github.com/repos/appium/appium/issues/1576,closed,2013-12-04,2014-06-17,2013-12-04,dbe4e79802abc686c4de0a12f7370430ec9fa078
bootstraponline,https://api.github.com/repos/appium/appium/pulls/1575,https://api.github.com/repos/appium/appium/issues/1575,closed,2013-12-04,2014-07-05,2013-12-04,4c8daf275be88bc256eb5bad607662c9468c5526
jlipps,https://api.github.com/repos/appium/appium/pulls/1573,https://api.github.com/repos/appium/appium/issues/1573,closed,2013-12-04,2014-07-05,2013-12-04,833d18767d9fb6d9627c126dfc5cb592ebacc0ae
bootstraponline,https://api.github.com/repos/appium/appium/pulls/1565,https://api.github.com/repos/appium/appium/issues/1565,closed,2013-12-02,2014-07-02,2013-12-03,715e8aa85d0e2cb984c25d9307aa0726b9d2ccf8
penguinho,https://api.github.com/repos/appium/appium/pulls/1562,https://api.github.com/repos/appium/appium/issues/1562,closed,2013-12-01,2014-07-05,2013-12-02,4a352c3249b8c0419236ab392f2bb147a47c7f40
penguinho,https://api.github.com/repos/appium/appium/pulls/1560,https://api.github.com/repos/appium/appium/issues/1560,closed,2013-12-01,2014-07-05,2013-12-01,31b4a7583bd63a024a2afadbeffd327a65423a6f
penguinho,https://api.github.com/repos/appium/appium/pulls/1559,https://api.github.com/repos/appium/appium/issues/1559,closed,2013-12-01,2014-06-14,2013-12-01,252c2a8b57c8527a4a1ce755aecfba096f9b9b22
paymand,https://api.github.com/repos/appium/appium/pulls/1558,https://api.github.com/repos/appium/appium/issues/1558,closed,2013-11-29,2014-07-05,,7ba9fb75b9ff1af460aed2e5996cc92bdeb94a0e
Astro03,https://api.github.com/repos/appium/appium/pulls/1550,https://api.github.com/repos/appium/appium/issues/1550,closed,2013-11-28,2014-07-05,2013-11-28,deeb649c6da7d560c0f4cf0f1e4590963beb8c1b
ecomrobotics,https://api.github.com/repos/appium/appium/pulls/1548,https://api.github.com/repos/appium/appium/issues/1548,closed,2013-11-27,2014-07-01,,43d49ef9f6685f25efd9953c94a6785815d8a31b
fbai,https://api.github.com/repos/appium/appium/pulls/1547,https://api.github.com/repos/appium/appium/issues/1547,closed,2013-11-27,2014-07-05,2013-11-27,6efe7afad094ab5c210a323924c0c231a14ce808
jlipps,https://api.github.com/repos/appium/appium/pulls/1546,https://api.github.com/repos/appium/appium/issues/1546,closed,2013-11-27,2014-07-05,2013-11-27,da02d8b6ed7b68329a7fae26cc354eb595afb6a7
jlipps,https://api.github.com/repos/appium/appium/pulls/1545,https://api.github.com/repos/appium/appium/issues/1545,closed,2013-11-27,2014-06-29,2013-11-27,f81317b960d9a57c185ca9767187b86a274ff600
curtissiemens,https://api.github.com/repos/appium/appium/pulls/1544,https://api.github.com/repos/appium/appium/issues/1544,closed,2013-11-26,2014-07-05,2013-11-26,413674aac2e57df3314f6201b99b4e6a0ad0256e
penguinho,https://api.github.com/repos/appium/appium/pulls/1543,https://api.github.com/repos/appium/appium/issues/1543,closed,2013-11-26,2014-07-05,2013-11-26,f82848f01f4fee024cb607df13aaaa10d894efe3
jlipps,https://api.github.com/repos/appium/appium/pulls/1542,https://api.github.com/repos/appium/appium/issues/1542,closed,2013-11-26,2014-07-05,2013-11-26,b139e85c67ef75597686027544b2dfd9b5303aab
curtissiemens,https://api.github.com/repos/appium/appium/pulls/1537,https://api.github.com/repos/appium/appium/issues/1537,closed,2013-11-25,2014-07-05,2013-11-25,72b531c292d375a222422958775be3e7df0b45de
penguinho,https://api.github.com/repos/appium/appium/pulls/1530,https://api.github.com/repos/appium/appium/issues/1530,closed,2013-11-24,2014-07-05,2013-11-27,104549ba61464498ce6f5de529b482c2ce0f8845
penguinho,https://api.github.com/repos/appium/appium/pulls/1527,https://api.github.com/repos/appium/appium/issues/1527,closed,2013-11-23,2014-06-15,2013-11-25,49f56d5ba6aa0784bce17ffdfaa43e0ee66924a8
bootstraponline,https://api.github.com/repos/appium/appium/pulls/1524,https://api.github.com/repos/appium/appium/issues/1524,closed,2013-11-22,2014-07-05,2013-11-22,44aadc7b98928509490f695ab6cc869a37b0874b
jlipps,https://api.github.com/repos/appium/appium/pulls/1522,https://api.github.com/repos/appium/appium/issues/1522,closed,2013-11-21,2014-06-25,2013-11-21,a575e75987edb4eee813401c2ed879b629ea9a5a
jlipps,https://api.github.com/repos/appium/appium/pulls/1521,https://api.github.com/repos/appium/appium/issues/1521,closed,2013-11-21,2014-07-05,2013-11-21,2f3f8b1c067a21d70e7fe8efad5642c127076f9d
jlipps,https://api.github.com/repos/appium/appium/pulls/1520,https://api.github.com/repos/appium/appium/issues/1520,closed,2013-11-21,2014-06-17,2013-11-21,6299eae7608dcc6f9899a8ab77782cf622ace842
jlipps,https://api.github.com/repos/appium/appium/pulls/1519,https://api.github.com/repos/appium/appium/issues/1519,closed,2013-11-21,2014-06-28,2013-11-21,b32a1a4c734893adfad2cea87863328b2c154873
jlipps,https://api.github.com/repos/appium/appium/pulls/1518,https://api.github.com/repos/appium/appium/issues/1518,closed,2013-11-21,2014-07-05,2013-11-21,22d82b721437df60a68d847bf75274bc61ea0bc2
prolificcoder,https://api.github.com/repos/appium/appium/pulls/1515,https://api.github.com/repos/appium/appium/issues/1515,closed,2013-11-20,2014-06-19,2013-11-20,8540bb1c02727457eaea3cf9409bfb22d79d89c7
jlipps,https://api.github.com/repos/appium/appium/pulls/1513,https://api.github.com/repos/appium/appium/issues/1513,closed,2013-11-20,2014-06-12,2013-11-20,91a3ee0ebb434a19c5aa2c416fb06dd9b8436159
jlipps,https://api.github.com/repos/appium/appium/pulls/1512,https://api.github.com/repos/appium/appium/issues/1512,closed,2013-11-20,2014-07-05,,c9d0c0f7a2c66d0762a1aa2c7df48486f85a2185
jlipps,https://api.github.com/repos/appium/appium/pulls/1509,https://api.github.com/repos/appium/appium/issues/1509,closed,2013-11-19,2014-07-05,2013-11-19,1d0290e29035cf9b512c990cc84f57e0ac9e8ddc
bootstraponline,https://api.github.com/repos/appium/appium/pulls/1508,https://api.github.com/repos/appium/appium/issues/1508,closed,2013-11-19,2014-07-05,2013-11-19,ebb8671ccd0a56f5e34bc19e6d68197a2211adea
jlipps,https://api.github.com/repos/appium/appium/pulls/1507,https://api.github.com/repos/appium/appium/issues/1507,closed,2013-11-19,2014-07-05,2013-11-19,25c6d142c0b84f81f242253d119c08cee8304e80
penguinho,https://api.github.com/repos/appium/appium/pulls/1504,https://api.github.com/repos/appium/appium/issues/1504,closed,2013-11-19,2014-07-05,2013-11-23,f797765a4b2a9c540f0119224f66d95c8b876cbf
rossrowe,https://api.github.com/repos/appium/appium/pulls/1498,https://api.github.com/repos/appium/appium/issues/1498,closed,2013-11-18,2014-07-05,2013-11-18,f1e844f786d5a921ef6814899d170cfab13b542e
jlipps,https://api.github.com/repos/appium/appium/pulls/1497,https://api.github.com/repos/appium/appium/issues/1497,closed,2013-11-18,2014-06-15,2013-11-18,67c86bbb88598042cabe8ac578b0fcb99fcfeec0
jlipps,https://api.github.com/repos/appium/appium/pulls/1496,https://api.github.com/repos/appium/appium/issues/1496,closed,2013-11-18,2014-07-05,2013-11-18,2d34a4e52f9766a1e69b552c9dfea0a8e288d622
bootstraponline,https://api.github.com/repos/appium/appium/pulls/1495,https://api.github.com/repos/appium/appium/issues/1495,closed,2013-11-18,2014-07-05,2013-11-19,646e1576c0b2b51d3101c65d66a90d8d4f7da765
seveniruby,https://api.github.com/repos/appium/appium/pulls/1494,https://api.github.com/repos/appium/appium/issues/1494,closed,2013-11-18,2014-07-05,2013-11-18,57091b243e805fb224e3f3b3438906afe4994dad
penguinho,https://api.github.com/repos/appium/appium/pulls/1493,https://api.github.com/repos/appium/appium/issues/1493,closed,2013-11-18,2014-06-14,2013-11-18,3c8008971c971239ea861682e11fbef000aede42
penguinho,https://api.github.com/repos/appium/appium/pulls/1491,https://api.github.com/repos/appium/appium/issues/1491,closed,2013-11-18,2014-07-05,,1b97eace64bee68be089b3366520a97ece162b71
seveniruby,https://api.github.com/repos/appium/appium/pulls/1490,https://api.github.com/repos/appium/appium/issues/1490,closed,2013-11-17,2014-07-03,,ce67708159a2d8f707f9978ff25681cd20403eec
penguinho,https://api.github.com/repos/appium/appium/pulls/1486,https://api.github.com/repos/appium/appium/issues/1486,closed,2013-11-16,2014-06-23,2013-11-19,dfe92100f8a745b7c1a1adb5507bf8b11ef61d38
prolificcoder,https://api.github.com/repos/appium/appium/pulls/1484,https://api.github.com/repos/appium/appium/issues/1484,closed,2013-11-15,2014-07-03,,c53befb033449082766d568c5adfd4415f7a360e
jlipps,https://api.github.com/repos/appium/appium/pulls/1482,https://api.github.com/repos/appium/appium/issues/1482,closed,2013-11-15,2014-06-21,2013-11-18,dbc86217081729307e42fadd4a67df130c407a5f
curtissiemens,https://api.github.com/repos/appium/appium/pulls/1477,https://api.github.com/repos/appium/appium/issues/1477,closed,2013-11-15,2014-06-13,2013-11-16,f21304e1af8dc2ad8561ad9420899bea83748c90
jlipps,https://api.github.com/repos/appium/appium/pulls/1476,https://api.github.com/repos/appium/appium/issues/1476,closed,2013-11-14,2014-06-29,2013-11-14,d16fdadd33d6a5757c5b7ee30a7bb5b037752ebf
snevesbarros,https://api.github.com/repos/appium/appium/pulls/1472,https://api.github.com/repos/appium/appium/issues/1472,closed,2013-11-14,2014-07-05,2013-11-14,a8d1c3aa7064844d0ab1085a89192b44d4d4b1f3
jlipps,https://api.github.com/repos/appium/appium/pulls/1468,https://api.github.com/repos/appium/appium/issues/1468,closed,2013-11-13,2014-06-16,2013-11-13,0cfd9af91bacb846a97c08837df2289e31c51c1c
paymand,https://api.github.com/repos/appium/appium/pulls/1467,https://api.github.com/repos/appium/appium/issues/1467,closed,2013-11-13,2014-07-05,2013-11-14,8e6b76b81236f9bab65efba8d83d3eb7f4eb44f3
snevesbarros,https://api.github.com/repos/appium/appium/pulls/1466,https://api.github.com/repos/appium/appium/issues/1466,closed,2013-11-13,2014-07-05,2013-11-13,1fe7c60f9d3b483a5df87bb10cf603e3033c8e8d
jlipps,https://api.github.com/repos/appium/appium/pulls/1464,https://api.github.com/repos/appium/appium/issues/1464,closed,2013-11-12,2014-07-05,2013-11-12,33a2efbe2ac29cd8d00fe0044125393bd75b019e
jlipps,https://api.github.com/repos/appium/appium/pulls/1463,https://api.github.com/repos/appium/appium/issues/1463,closed,2013-11-12,2014-07-05,2013-11-12,e952e9151d8221048ab49d92957cfa67728ba15b
jlipps,https://api.github.com/repos/appium/appium/pulls/1460,https://api.github.com/repos/appium/appium/issues/1460,closed,2013-11-11,2014-07-05,2013-11-11,8cf116dcb2756b8d32e167fb310280f64775b7ad
jlipps,https://api.github.com/repos/appium/appium/pulls/1459,https://api.github.com/repos/appium/appium/issues/1459,closed,2013-11-11,2014-07-05,2013-11-11,0394a2170bc29bc6eb0b99dbe7ccdbbec9f90f9b
misttar,https://api.github.com/repos/appium/appium/pulls/1457,https://api.github.com/repos/appium/appium/issues/1457,closed,2013-11-11,2014-07-05,2013-11-11,4478fd90c17a23728dd9641fcee055fe05add836
jlipps,https://api.github.com/repos/appium/appium/pulls/1455,https://api.github.com/repos/appium/appium/issues/1455,closed,2013-11-11,2014-06-17,2013-11-11,64fe656e6f1b25167ff6d33a5ae7a46903ce4071
penguinho,https://api.github.com/repos/appium/appium/pulls/1451,https://api.github.com/repos/appium/appium/issues/1451,closed,2013-11-11,2014-06-18,,fbd8cffe837f70fcab817611c6462bbfb1d4ea16
penguinho,https://api.github.com/repos/appium/appium/pulls/1449,https://api.github.com/repos/appium/appium/issues/1449,closed,2013-11-10,2014-06-12,2013-11-11,06b5f585898bc32b8e93af9e289b2ee75795c33d
snevesbarros,https://api.github.com/repos/appium/appium/pulls/1448,https://api.github.com/repos/appium/appium/issues/1448,closed,2013-11-09,2014-07-01,2013-11-09,6c045e71798cc56f77e709546785896f958972dc
boxiong,https://api.github.com/repos/appium/appium/pulls/1446,https://api.github.com/repos/appium/appium/issues/1446,closed,2013-11-08,2014-07-05,2013-11-08,dbd5a902421df939b1eb97cad24f32e77fd525af
thu2004,https://api.github.com/repos/appium/appium/pulls/1443,https://api.github.com/repos/appium/appium/issues/1443,closed,2013-11-08,2014-07-05,2013-11-11,3aecb102368d8184a7c3adc159f454d370b66e0f
jlipps,https://api.github.com/repos/appium/appium/pulls/1440,https://api.github.com/repos/appium/appium/issues/1440,closed,2013-11-07,2014-07-05,2013-11-07,df49d51d2ae9dc94793a838f4abd30f81c3310dc
bootstraponline,https://api.github.com/repos/appium/appium/pulls/1439,https://api.github.com/repos/appium/appium/issues/1439,closed,2013-11-07,2014-07-05,2013-11-07,d4bc27cb41468f82054278c117a82816ccea0127
bootstraponline,https://api.github.com/repos/appium/appium/pulls/1438,https://api.github.com/repos/appium/appium/issues/1438,closed,2013-11-07,2014-07-05,2013-11-07,132327867940d4eba528d80c1f9e0031518fcbad
boxiong,https://api.github.com/repos/appium/appium/pulls/1436,https://api.github.com/repos/appium/appium/issues/1436,closed,2013-11-07,2014-06-25,2013-11-08,98f3f523541f46efba86c2368cdd528115c1de17
curtissiemens,https://api.github.com/repos/appium/appium/pulls/1432,https://api.github.com/repos/appium/appium/issues/1432,closed,2013-11-07,2014-07-05,,72916c293b2f8b47f134520a8155295773410ce4
jlipps,https://api.github.com/repos/appium/appium/pulls/1431,https://api.github.com/repos/appium/appium/issues/1431,closed,2013-11-06,2014-06-15,2013-11-06,34bb7c01a4a1594b534bd73e65676a5eeddac34e
snevesbarros,https://api.github.com/repos/appium/appium/pulls/1430,https://api.github.com/repos/appium/appium/issues/1430,closed,2013-11-06,2014-07-05,2013-11-06,fc48701205b5ef1c241a27f86696bb51c2d81731
jlipps,https://api.github.com/repos/appium/appium/pulls/1426,https://api.github.com/repos/appium/appium/issues/1426,closed,2013-11-05,2014-07-05,2013-11-05,91777ff84d0669562b4fd287c75d663b8ec9ebd1
jlipps,https://api.github.com/repos/appium/appium/pulls/1425,https://api.github.com/repos/appium/appium/issues/1425,closed,2013-11-05,2014-07-05,2013-11-05,b616516b5df3733148644bfbc64b556f13e66a0d
ecomrobotics,https://api.github.com/repos/appium/appium/pulls/1424,https://api.github.com/repos/appium/appium/issues/1424,closed,2013-11-05,2014-07-05,2013-11-05,ce78a91f5d44ecb7bfa03d78d5de87560a956ced
feelobot,https://api.github.com/repos/appium/appium/pulls/1417,https://api.github.com/repos/appium/appium/issues/1417,closed,2013-11-04,2014-07-05,2013-11-04,37230b17bafcaab244514b9046949492c86d4e91
ecomrobotics,https://api.github.com/repos/appium/appium/pulls/1416,https://api.github.com/repos/appium/appium/issues/1416,closed,2013-11-04,2014-07-05,,8e3095bf0b85aaa72e8c0ecdde045169ecf67c66
feelobot,https://api.github.com/repos/appium/appium/pulls/1415,https://api.github.com/repos/appium/appium/issues/1415,closed,2013-11-04,2014-07-05,,6dc07d0ea665b82c1161841d9bfbf8b589c7f95f
snevesbarros,https://api.github.com/repos/appium/appium/pulls/1414,https://api.github.com/repos/appium/appium/issues/1414,closed,2013-11-04,2014-07-05,2013-11-04,b9f7d16f9c401f3a5d22c2a48aef42cb4be43126
ecomrobotics,https://api.github.com/repos/appium/appium/pulls/1413,https://api.github.com/repos/appium/appium/issues/1413,closed,2013-11-04,2014-07-05,2013-11-04,a2d71d82086b7ab4329e74194376a3fa19d01842
jlipps,https://api.github.com/repos/appium/appium/pulls/1410,https://api.github.com/repos/appium/appium/issues/1410,closed,2013-11-01,2014-07-05,2013-11-01,681d50fe6c67016a025337b9da1f2ed65456bfb6
snevesbarros,https://api.github.com/repos/appium/appium/pulls/1408,https://api.github.com/repos/appium/appium/issues/1408,closed,2013-11-01,2014-07-05,2013-11-01,eaee7f5fb155d8281e24e97d4911b11ef724afbb
jlipps,https://api.github.com/repos/appium/appium/pulls/1407,https://api.github.com/repos/appium/appium/issues/1407,closed,2013-11-01,2014-06-18,2013-11-01,785e0d1f36b75a03d894c25e15caddbefae788a8
snevesbarros,https://api.github.com/repos/appium/appium/pulls/1406,https://api.github.com/repos/appium/appium/issues/1406,closed,2013-11-01,2014-07-05,2013-11-01,bb6402cea2b1fceb7f567762329f07ba47108005
paymand,https://api.github.com/repos/appium/appium/pulls/1405,https://api.github.com/repos/appium/appium/issues/1405,closed,2013-11-01,2014-07-05,2013-11-01,d2c04a12896527ae326274258490b8e463057b5e
jlipps,https://api.github.com/repos/appium/appium/pulls/1403,https://api.github.com/repos/appium/appium/issues/1403,closed,2013-10-31,2014-07-05,2013-10-31,d4ee810aa0b8175d24d24d832c195701c728b9fc
jlipps,https://api.github.com/repos/appium/appium/pulls/1400,https://api.github.com/repos/appium/appium/issues/1400,closed,2013-10-31,2014-07-05,2013-10-31,12049eccf2d0809dedf46663d089456497c1c48b
jlipps,https://api.github.com/repos/appium/appium/pulls/1398,https://api.github.com/repos/appium/appium/issues/1398,closed,2013-10-31,2014-07-05,2013-10-31,84b4ff57f4463d40da6994e40fae1bdcef43ec83
twilly86,https://api.github.com/repos/appium/appium/pulls/1396,https://api.github.com/repos/appium/appium/issues/1396,closed,2013-10-31,2014-06-22,2013-10-31,5c5113f85ca9d320a01fa9c7cc23586d906a53ac
snevesbarros,https://api.github.com/repos/appium/appium/pulls/1394,https://api.github.com/repos/appium/appium/issues/1394,closed,2013-10-31,2014-07-05,2013-10-31,e17f8b4948d3b59258c6f038a6fdc59ec8de54bd
jlipps,https://api.github.com/repos/appium/appium/pulls/1392,https://api.github.com/repos/appium/appium/issues/1392,closed,2013-10-30,2014-07-05,2013-10-30,60ab45a92ad61f9691a20ee899c45fcd8bd5b008
jlipps,https://api.github.com/repos/appium/appium/pulls/1390,https://api.github.com/repos/appium/appium/issues/1390,closed,2013-10-30,2014-07-05,2013-10-30,a6f24129a2db77ef5d641c8a42fc5f12b0c36bd1
jlipps,https://api.github.com/repos/appium/appium/pulls/1387,https://api.github.com/repos/appium/appium/issues/1387,closed,2013-10-30,2014-07-05,2013-10-30,37326dd9eda43eadd96acbb82b1978945571c3b0
jlipps,https://api.github.com/repos/appium/appium/pulls/1383,https://api.github.com/repos/appium/appium/issues/1383,closed,2013-10-30,2014-07-05,2013-10-30,a0c103ac1d43881fc85b35a38de22ef6da0907db
jlipps,https://api.github.com/repos/appium/appium/pulls/1379,https://api.github.com/repos/appium/appium/issues/1379,closed,2013-10-29,2014-06-13,2013-10-29,aacb6169f875b1e5bb90bb88647ea1f163fe758e
drpy,https://api.github.com/repos/appium/appium/pulls/1378,https://api.github.com/repos/appium/appium/issues/1378,closed,2013-10-29,2014-07-05,2013-10-29,3a98139c46fdd083def5eee8845e4ceb8d762cb4
jlipps,https://api.github.com/repos/appium/appium/pulls/1375,https://api.github.com/repos/appium/appium/issues/1375,closed,2013-10-28,2014-07-05,2013-10-28,245a67f478f1e1284cd88c8b721288d6fc33166d
jlipps,https://api.github.com/repos/appium/appium/pulls/1374,https://api.github.com/repos/appium/appium/issues/1374,closed,2013-10-28,2014-07-05,2013-10-28,40eaff2caf600d052f1475a78d5305e86117c23e
jlipps,https://api.github.com/repos/appium/appium/pulls/1372,https://api.github.com/repos/appium/appium/issues/1372,closed,2013-10-28,2014-07-01,2013-10-28,225e13912643583b5046a3ffa7d45ddf43e57577
drpy,https://api.github.com/repos/appium/appium/pulls/1371,https://api.github.com/repos/appium/appium/issues/1371,closed,2013-10-28,2014-07-05,2013-10-28,ab8f9d9c9500a2f7b32c50d2ad38ccddafed34e3
peterschwarz,https://api.github.com/repos/appium/appium/pulls/1370,https://api.github.com/repos/appium/appium/issues/1370,closed,2013-10-28,2014-07-05,2013-10-28,1c842ef1bf9ad86c4afca087434af34696d0509a
monkeytest15,https://api.github.com/repos/appium/appium/pulls/1365,https://api.github.com/repos/appium/appium/issues/1365,closed,2013-10-27,2014-07-02,2013-11-04,aadcdd899e6f8672ccf0258bbebbd72804fd58ec
filmaj,https://api.github.com/repos/appium/appium/pulls/1360,https://api.github.com/repos/appium/appium/issues/1360,closed,2013-10-25,2014-06-13,2013-10-25,41ac5bb6e52183255ba741e9aebd0614e9b64129
jlipps,https://api.github.com/repos/appium/appium/pulls/1358,https://api.github.com/repos/appium/appium/issues/1358,closed,2013-10-25,2014-07-05,2013-10-25,d346a1bd13903504352cafe0ec8dab9fcb75c336
paymand,https://api.github.com/repos/appium/appium/pulls/1357,https://api.github.com/repos/appium/appium/issues/1357,closed,2013-10-25,2014-07-05,2013-10-25,8527cbdcafc5aab5f687251cee2f280ca159f629
DylanLacey,https://api.github.com/repos/appium/appium/pulls/1354,https://api.github.com/repos/appium/appium/issues/1354,closed,2013-10-25,2014-06-12,2013-10-25,b6be0dc746389f1a236fde572a44b0b8bf8e421d
filmaj,https://api.github.com/repos/appium/appium/pulls/1353,https://api.github.com/repos/appium/appium/issues/1353,closed,2013-10-24,2014-07-05,2013-10-24,07e7eeb42826b614fb11518e360c626d9ccef11e
jlipps,https://api.github.com/repos/appium/appium/pulls/1351,https://api.github.com/repos/appium/appium/issues/1351,closed,2013-10-24,2014-07-05,2013-10-24,fba5fc2c13220f9e5e5d925f6cf094e45aa41627
jlipps,https://api.github.com/repos/appium/appium/pulls/1348,https://api.github.com/repos/appium/appium/issues/1348,closed,2013-10-24,2014-07-05,2013-10-24,f6bcdf88dd1b7576d7f5965dba81de0ee9924df7
jlipps,https://api.github.com/repos/appium/appium/pulls/1347,https://api.github.com/repos/appium/appium/issues/1347,closed,2013-10-24,2014-06-13,2013-10-24,a8a0bbb544406fecf717623afd6ef42dc0376ab3
paymand,https://api.github.com/repos/appium/appium/pulls/1345,https://api.github.com/repos/appium/appium/issues/1345,closed,2013-10-24,2014-07-05,2013-10-24,9f67ea85ba9d0072afd89af6506976ece47ba2e8
bootstraponline,https://api.github.com/repos/appium/appium/pulls/1344,https://api.github.com/repos/appium/appium/issues/1344,closed,2013-10-23,2014-07-05,,36e9d3d816efe0eeddec888fbfdc2f5963e2df09
jlipps,https://api.github.com/repos/appium/appium/pulls/1343,https://api.github.com/repos/appium/appium/issues/1343,closed,2013-10-23,2014-06-15,2013-10-23,bf4ab20c33e640a445d2059a688aa51175f579bb
bootstraponline,https://api.github.com/repos/appium/appium/pulls/1341,https://api.github.com/repos/appium/appium/issues/1341,closed,2013-10-23,2014-06-17,2013-10-23,1e78cb3f360086ae9d437fc7fec0b7480b8bea96
snevesbarros,https://api.github.com/repos/appium/appium/pulls/1339,https://api.github.com/repos/appium/appium/issues/1339,closed,2013-10-23,2014-07-05,2013-10-29,f4a8d042716ebd0f8ac7b4c6b874f5377f318a2b
jlipps,https://api.github.com/repos/appium/appium/pulls/1338,https://api.github.com/repos/appium/appium/issues/1338,closed,2013-10-22,2014-07-05,2013-10-22,7b5a924af07945a6ec43ef4c5b100a1eb23e415b
ecomrobotics,https://api.github.com/repos/appium/appium/pulls/1336,https://api.github.com/repos/appium/appium/issues/1336,closed,2013-10-21,2014-07-05,2013-10-22,cd44b8eb18323fdae4b6faaf5acec76023a9ce53
paymand,https://api.github.com/repos/appium/appium/pulls/1334,https://api.github.com/repos/appium/appium/issues/1334,closed,2013-10-21,2014-07-05,2013-10-21,4d8dfe859024b8c92989f90a281e6d6da764123e
ecomrobotics,https://api.github.com/repos/appium/appium/pulls/1331,https://api.github.com/repos/appium/appium/issues/1331,closed,2013-10-20,2016-01-26,,c769a092b869c311d69991caaa0b09122de82a36
ecomrobotics,https://api.github.com/repos/appium/appium/pulls/1329,https://api.github.com/repos/appium/appium/issues/1329,closed,2013-10-19,2014-06-13,,
jlipps,https://api.github.com/repos/appium/appium/pulls/1328,https://api.github.com/repos/appium/appium/issues/1328,closed,2013-10-18,2014-06-29,2013-10-18,760af9659cd1e49cc1ef3b6d543d40bfea25b1e9
samaitra,https://api.github.com/repos/appium/appium/pulls/1325,https://api.github.com/repos/appium/appium/issues/1325,closed,2013-10-18,2014-07-05,,e6ee344b2b7d7c314e8b0bebd314494281d262ca
bootstraponline,https://api.github.com/repos/appium/appium/pulls/1323,https://api.github.com/repos/appium/appium/issues/1323,closed,2013-10-18,2014-07-05,2013-10-18,59b823ddf8202bc38520d3c053fffa2e20eee5d5
samaitra,https://api.github.com/repos/appium/appium/pulls/1321,https://api.github.com/repos/appium/appium/issues/1321,closed,2013-10-18,2014-07-05,2013-10-18,dcc1c3253332fed1c00082223d536ca1e32be2d5
jlipps,https://api.github.com/repos/appium/appium/pulls/1320,https://api.github.com/repos/appium/appium/issues/1320,closed,2013-10-17,2014-07-05,2013-10-17,8df1596c5550138595b0d8e6c6a73f6c972cdbb1
jlipps,https://api.github.com/repos/appium/appium/pulls/1319,https://api.github.com/repos/appium/appium/issues/1319,closed,2013-10-17,2014-06-14,2013-10-17,be8a8ab52c47807a45c0a4fd37ef60ebb51322d6
thu2004,https://api.github.com/repos/appium/appium/pulls/1317,https://api.github.com/repos/appium/appium/issues/1317,closed,2013-10-17,2014-07-05,,e3cbc037a3791e788c5fa5474c3d64b3aca27559
paymand,https://api.github.com/repos/appium/appium/pulls/1316,https://api.github.com/repos/appium/appium/issues/1316,closed,2013-10-17,2014-07-03,2013-10-17,c21c26e62096f9aeeadc11ec981e77210d963942
snevesbarros,https://api.github.com/repos/appium/appium/pulls/1314,https://api.github.com/repos/appium/appium/issues/1314,closed,2013-10-15,2014-07-05,2013-10-15,32929415c76a3437b77fa73cc1c0e797735c924b
paymand,https://api.github.com/repos/appium/appium/pulls/1313,https://api.github.com/repos/appium/appium/issues/1313,closed,2013-10-15,2014-07-05,2013-10-15,4b2b5114a46f4b76b470635af9edb24a69fce439
bootstraponline,https://api.github.com/repos/appium/appium/pulls/1312,https://api.github.com/repos/appium/appium/issues/1312,closed,2013-10-15,2014-07-05,2013-10-15,5feef6619e95f75ad2b13763ce80e63a1e02f055
ghost,https://api.github.com/repos/appium/appium/pulls/1300,https://api.github.com/repos/appium/appium/issues/1300,closed,2013-10-10,2014-07-05,2013-10-10,716e75ad29b04a69415dc159545127a2d790bdf2
ghost,https://api.github.com/repos/appium/appium/pulls/1299,https://api.github.com/repos/appium/appium/issues/1299,closed,2013-10-09,2014-07-01,2013-10-11,925b824dfc08bdf20de7d12cc2d24b12afb067f7
ghost,https://api.github.com/repos/appium/appium/pulls/1298,https://api.github.com/repos/appium/appium/issues/1298,closed,2013-10-09,2014-07-05,2013-10-16,b8031ec4935d47e5639d359e21e11d545c248021
bootstraponline,https://api.github.com/repos/appium/appium/pulls/1297,https://api.github.com/repos/appium/appium/issues/1297,closed,2013-10-09,2014-06-17,2013-10-11,e73981ab182230008f46ac241ce91ed31999547f
paymand,https://api.github.com/repos/appium/appium/pulls/1292,https://api.github.com/repos/appium/appium/issues/1292,closed,2013-10-09,2014-06-19,,4a4bb5107d5e5f1b9943300b0cc16c7d7c73cc1d
jlipps,https://api.github.com/repos/appium/appium/pulls/1290,https://api.github.com/repos/appium/appium/issues/1290,closed,2013-10-09,2014-06-14,2013-10-09,7890f9c5d5dfff486273591000347ef3bea0ffc2
filmaj,https://api.github.com/repos/appium/appium/pulls/1287,https://api.github.com/repos/appium/appium/issues/1287,closed,2013-10-08,2014-07-03,2013-10-11,e67b700cf38d9fbb61e0110d235a8a1b682c08dd
jlipps,https://api.github.com/repos/appium/appium/pulls/1286,https://api.github.com/repos/appium/appium/issues/1286,closed,2013-10-08,2014-07-05,2013-10-09,d446f89ed7a6063cabaa94b87df44c5e1a51346a
filmaj,https://api.github.com/repos/appium/appium/pulls/1284,https://api.github.com/repos/appium/appium/issues/1284,closed,2013-10-08,2014-07-05,2013-10-08,bb29c819a3e8582939a9b80cfb9b779b39526f32
jlipps,https://api.github.com/repos/appium/appium/pulls/1282,https://api.github.com/repos/appium/appium/issues/1282,closed,2013-10-08,2014-06-13,2013-10-08,b942f24e7de3372450c10266c491c81560e50867
bootstraponline,https://api.github.com/repos/appium/appium/pulls/1276,https://api.github.com/repos/appium/appium/issues/1276,closed,2013-10-07,2014-07-05,2013-10-07,065c6e189082cf25bb27c605c165f08b9b99717c
bootstraponline,https://api.github.com/repos/appium/appium/pulls/1274,https://api.github.com/repos/appium/appium/issues/1274,closed,2013-10-07,2014-07-05,2013-10-07,a20d4bcbf17b20ef0a6f37d2c93aaed6b6ea55eb
bootstraponline,https://api.github.com/repos/appium/appium/pulls/1273,https://api.github.com/repos/appium/appium/issues/1273,closed,2013-10-07,2014-06-12,2013-10-07,59104f769680c5d738a92204283e6881107eab2e
bootstraponline,https://api.github.com/repos/appium/appium/pulls/1270,https://api.github.com/repos/appium/appium/issues/1270,closed,2013-10-04,2014-07-05,2013-10-07,231da4777d39af02d884279c102802db94652d67
bootstraponline,https://api.github.com/repos/appium/appium/pulls/1268,https://api.github.com/repos/appium/appium/issues/1268,closed,2013-10-04,2014-07-05,2013-10-04,f3013d0e33c6c54facfd4712b12d9c6a3401bfd5
bootstraponline,https://api.github.com/repos/appium/appium/pulls/1266,https://api.github.com/repos/appium/appium/issues/1266,closed,2013-10-04,2014-06-17,2013-10-04,29bb5c4e76dc93cfd5ba6aed77a12dff0932efa9
paymand,https://api.github.com/repos/appium/appium/pulls/1265,https://api.github.com/repos/appium/appium/issues/1265,closed,2013-10-04,2014-06-12,2013-10-08,61c37d96808bfabbe7c7de0756639cda772779b0
approxinfinity,https://api.github.com/repos/appium/appium/pulls/1264,https://api.github.com/repos/appium/appium/issues/1264,closed,2013-10-04,2014-06-26,,d4f5db5d7ac40baafce13028f20e28a42bb45ef9
penguinho,https://api.github.com/repos/appium/appium/pulls/1263,https://api.github.com/repos/appium/appium/issues/1263,closed,2013-10-03,2014-07-05,2013-10-03,04ad7b89790545117034908941ee8548e1575621
paymand,https://api.github.com/repos/appium/appium/pulls/1260,https://api.github.com/repos/appium/appium/issues/1260,closed,2013-10-03,2014-07-02,2013-10-03,eaeaf29d857f406e64955fe1661a7e5af7dd9f25
ritika-mish,https://api.github.com/repos/appium/appium/pulls/1257,https://api.github.com/repos/appium/appium/issues/1257,closed,2013-10-03,2014-07-05,2013-10-03,d2d9ba9023828e35d98ade75fba25f9bdb7e369f
bootstraponline,https://api.github.com/repos/appium/appium/pulls/1254,https://api.github.com/repos/appium/appium/issues/1254,closed,2013-10-02,2014-06-16,2013-10-02,7400d28e3232d5b2f3e4db6c4729b64247b9362d
bootstraponline,https://api.github.com/repos/appium/appium/pulls/1251,https://api.github.com/repos/appium/appium/issues/1251,closed,2013-10-01,2014-06-17,2013-10-02,b290ea24aff46023f093c0a63bc3c0a1e91d0a96
snevesbarros,https://api.github.com/repos/appium/appium/pulls/1244,https://api.github.com/repos/appium/appium/issues/1244,closed,2013-09-30,2014-06-12,2013-10-16,294da659940a45b91682dd81065a9705528a3f9f
penguinho,https://api.github.com/repos/appium/appium/pulls/1241,https://api.github.com/repos/appium/appium/issues/1241,closed,2013-09-29,2014-07-05,2013-10-01,3349a45449c832c8879ba2010879838e87df88a4
penguinho,https://api.github.com/repos/appium/appium/pulls/1240,https://api.github.com/repos/appium/appium/issues/1240,closed,2013-09-29,2014-06-24,2013-09-29,07efcfbc6b2310f70f3a7988cd481623e339f2cc
penguinho,https://api.github.com/repos/appium/appium/pulls/1239,https://api.github.com/repos/appium/appium/issues/1239,closed,2013-09-29,2014-07-05,2013-09-29,facef413e13a43e59e41f7f9e2613f4f14ff1524
penguinho,https://api.github.com/repos/appium/appium/pulls/1238,https://api.github.com/repos/appium/appium/issues/1238,closed,2013-09-29,2014-07-05,2013-09-29,9cc2cb613585ef201e7c7198ae153d88f3a76b51
mgmanikandan87,https://api.github.com/repos/appium/appium/pulls/1237,https://api.github.com/repos/appium/appium/issues/1237,closed,2013-09-29,2014-07-05,2013-09-30,8a21835ab329c5e6d99fd91908d405e8b3f928df
penguinho,https://api.github.com/repos/appium/appium/pulls/1236,https://api.github.com/repos/appium/appium/issues/1236,closed,2013-09-28,2014-07-05,2013-09-28,97abd18d1b07363a3b00e1a692c0e90100f13d78
mgmanikandan87,https://api.github.com/repos/appium/appium/pulls/1235,https://api.github.com/repos/appium/appium/issues/1235,closed,2013-09-28,2014-07-05,,7f620d39fc142c4c472a265e675d3ab7190976ff
tylersnavely-wf,https://api.github.com/repos/appium/appium/pulls/1234,https://api.github.com/repos/appium/appium/issues/1234,closed,2013-09-27,2014-07-05,2013-09-28,8a1a1d40716dafb2ec0e1e0ac4d1e1221a75ddd4
jlipps,https://api.github.com/repos/appium/appium/pulls/1230,https://api.github.com/repos/appium/appium/issues/1230,closed,2013-09-27,2014-06-18,2013-09-27,f8b19199b85e05931244695a400941b0f7020c4a
mgmanikandan87,https://api.github.com/repos/appium/appium/pulls/1229,https://api.github.com/repos/appium/appium/issues/1229,closed,2013-09-27,2014-07-05,,9988c204a6157992a5c36b85e5da9d032cd86ca2
mgmanikandan87,https://api.github.com/repos/appium/appium/pulls/1226,https://api.github.com/repos/appium/appium/issues/1226,closed,2013-09-26,2014-06-16,2013-09-26,8aeb4ad60c3465f5a3a082c2a69d083033f35408
mgmanikandan87,https://api.github.com/repos/appium/appium/pulls/1225,https://api.github.com/repos/appium/appium/issues/1225,closed,2013-09-26,2014-07-05,,2ed22cd4d3d5ae20620b2fea0add900e76750cf9
jlipps,https://api.github.com/repos/appium/appium/pulls/1223,https://api.github.com/repos/appium/appium/issues/1223,closed,2013-09-26,2014-07-05,2013-09-26,13c4cd30a829fa49eb42464cd8b6506f6c02d600
jlipps,https://api.github.com/repos/appium/appium/pulls/1222,https://api.github.com/repos/appium/appium/issues/1222,closed,2013-09-26,2014-07-05,2013-09-26,412a55a228fc53d4a0959c71dc0266a6f8fd2b9d
mgmanikandan87,https://api.github.com/repos/appium/appium/pulls/1219,https://api.github.com/repos/appium/appium/issues/1219,closed,2013-09-25,2014-06-14,,35dd4e4db1424588cdb69f0c65819475bffc8854
jlipps,https://api.github.com/repos/appium/appium/pulls/1214,https://api.github.com/repos/appium/appium/issues/1214,closed,2013-09-25,2014-06-21,2013-09-25,525601ab399ef7d1820606a2eaca40fa5d7ca1c6
feelobot,https://api.github.com/repos/appium/appium/pulls/1207,https://api.github.com/repos/appium/appium/issues/1207,closed,2013-09-23,2014-07-05,2013-09-23,7ffdd29befad9d6a6f849454e1ed4c539c2072b9
feelobot,https://api.github.com/repos/appium/appium/pulls/1206,https://api.github.com/repos/appium/appium/issues/1206,closed,2013-09-23,2014-07-05,,1c58ff0b180ea74094ff4060496b765b7d32316c
jlipps,https://api.github.com/repos/appium/appium/pulls/1204,https://api.github.com/repos/appium/appium/issues/1204,closed,2013-09-23,2014-06-18,2013-09-24,bc0e8087d8264dd329ddad9ee67cf5b8986e9b7c
LouisStAmour,https://api.github.com/repos/appium/appium/pulls/1203,https://api.github.com/repos/appium/appium/issues/1203,closed,2013-09-23,2014-06-28,2013-09-23,3cf454dd1d58f100b28b2697ec4ab21d03f282a8
penguinho,https://api.github.com/repos/appium/appium/pulls/1202,https://api.github.com/repos/appium/appium/issues/1202,closed,2013-09-21,2014-07-05,2013-09-21,90d759910ac7baef9d7f3147fda05cdf3b0e5d54
penguinho,https://api.github.com/repos/appium/appium/pulls/1201,https://api.github.com/repos/appium/appium/issues/1201,closed,2013-09-21,2014-06-13,2013-09-23,707e1186fa56f790276f89623de19a50fbb319aa
feelobot,https://api.github.com/repos/appium/appium/pulls/1195,https://api.github.com/repos/appium/appium/issues/1195,closed,2013-09-20,2014-07-05,,cde5b55afb5940d0421de84a0f259eb7ea3fbd71
feelobot,https://api.github.com/repos/appium/appium/pulls/1194,https://api.github.com/repos/appium/appium/issues/1194,closed,2013-09-20,2014-07-05,,d393b1f87833c1be5e4f27da0579cf7179be9e74
feelobot,https://api.github.com/repos/appium/appium/pulls/1193,https://api.github.com/repos/appium/appium/issues/1193,closed,2013-09-20,2014-07-05,2013-09-20,0fe41b1c6ccbc05ae9e59417a3bfd22471481745
prolificcoder,https://api.github.com/repos/appium/appium/pulls/1190,https://api.github.com/repos/appium/appium/issues/1190,closed,2013-09-20,2014-07-05,2013-09-20,588e0dcd2fdbdbb9567ff61c75644cea535f2dbe
swapna-chennadi,https://api.github.com/repos/appium/appium/pulls/1187,https://api.github.com/repos/appium/appium/issues/1187,closed,2013-09-20,2014-07-05,2013-10-16,253ee388f9143d7dc94db15a810a7c20caa6e0fe
mgmanikandan87,https://api.github.com/repos/appium/appium/pulls/1186,https://api.github.com/repos/appium/appium/issues/1186,closed,2013-09-20,2014-07-04,2013-09-20,60c18c3eeb6baae40e955d8d14adf4c8a0d8454c
bootstraponline,https://api.github.com/repos/appium/appium/pulls/1184,https://api.github.com/repos/appium/appium/issues/1184,closed,2013-09-19,2014-07-05,2013-09-19,b5f7c5e74a9aebe7e5efe6c4588c6ef5b6c4a60a
PavithraNavaneeth,https://api.github.com/repos/appium/appium/pulls/1179,https://api.github.com/repos/appium/appium/issues/1179,closed,2013-09-19,2014-07-05,2013-09-19,a22a1ecf9efb536219388e0371cddeff23c7f3ea
mgmanikandan87,https://api.github.com/repos/appium/appium/pulls/1178,https://api.github.com/repos/appium/appium/issues/1178,closed,2013-09-19,2014-07-05,2013-09-19,a632b0b3941c611f0f28d91ccc752d94028f26a2
bootstraponline,https://api.github.com/repos/appium/appium/pulls/1176,https://api.github.com/repos/appium/appium/issues/1176,closed,2013-09-18,2014-07-05,2013-09-18,0c944bd856b071d8dbd350d0c23a37729e71f5c7
filmaj,https://api.github.com/repos/appium/appium/pulls/1175,https://api.github.com/repos/appium/appium/issues/1175,closed,2013-09-18,2014-07-05,2013-09-18,676e2a32dca44fa0c009b0bda456a8274d7a8fbb
filmaj,https://api.github.com/repos/appium/appium/pulls/1171,https://api.github.com/repos/appium/appium/issues/1171,closed,2013-09-17,2014-06-14,2013-09-19,f358377349f9a4b8689c3444e4a6dd9e360b61a8
bootstraponline,https://api.github.com/repos/appium/appium/pulls/1170,https://api.github.com/repos/appium/appium/issues/1170,closed,2013-09-16,2014-07-05,2013-09-17,565ce1eb09995bd36e904422bf88039e5242ed7e
jlipps,https://api.github.com/repos/appium/appium/pulls/1168,https://api.github.com/repos/appium/appium/issues/1168,closed,2013-09-16,2014-07-05,2013-09-16,5493d5e0204ebe2105a29e16f3a36b956de2734c
swapna-chennadi,https://api.github.com/repos/appium/appium/pulls/1166,https://api.github.com/repos/appium/appium/issues/1166,closed,2013-09-16,2014-07-05,2013-09-16,3e89f0d1a8b71c8f037380927f03a6aa73014f83
paymand,https://api.github.com/repos/appium/appium/pulls/1164,https://api.github.com/repos/appium/appium/issues/1164,closed,2013-09-16,2014-07-05,2013-09-16,f6555a85f50c0095462ef71756ae88fee53317a2
jlipps,https://api.github.com/repos/appium/appium/pulls/1163,https://api.github.com/repos/appium/appium/issues/1163,closed,2013-09-15,2014-06-20,2013-09-16,5ca5a81702498942f95e8e56aa3a588508666180
penguinho,https://api.github.com/repos/appium/appium/pulls/1161,https://api.github.com/repos/appium/appium/issues/1161,closed,2013-09-15,2014-06-14,2013-09-15,8200ff07d2ed808516ad01da742f7a0884ed1faf
bootstraponline,https://api.github.com/repos/appium/appium/pulls/1160,https://api.github.com/repos/appium/appium/issues/1160,closed,2013-09-13,2015-07-09,2013-09-13,f9afcd9301ca070e5c71a61bae9b929b06241d57
paymand,https://api.github.com/repos/appium/appium/pulls/1158,https://api.github.com/repos/appium/appium/issues/1158,closed,2013-09-13,2014-07-05,2013-09-13,c93fc968622ec344bf30870f45ff22476fc25dd2
xuru,https://api.github.com/repos/appium/appium/pulls/1155,https://api.github.com/repos/appium/appium/issues/1155,closed,2013-09-12,2014-06-18,2013-09-12,022abcc8cbbd55af1513e99756ae384203e2b317
frankbp,https://api.github.com/repos/appium/appium/pulls/1154,https://api.github.com/repos/appium/appium/issues/1154,closed,2013-09-12,2014-07-05,,c309e8f6ec4aa2d8f501f22e005b3721e422359f
jlipps,https://api.github.com/repos/appium/appium/pulls/1152,https://api.github.com/repos/appium/appium/issues/1152,closed,2013-09-12,2014-06-20,2013-09-12,5ee869268b878119dee1c7cddd3f5c8958de2807
bootstraponline,https://api.github.com/repos/appium/appium/pulls/1145,https://api.github.com/repos/appium/appium/issues/1145,closed,2013-09-11,2014-07-05,2013-09-12,a7a23df911c7244ddaae7aab6633501c9f9a9de4
bootstraponline,https://api.github.com/repos/appium/appium/pulls/1144,https://api.github.com/repos/appium/appium/issues/1144,closed,2013-09-11,2014-07-05,2013-09-12,fc558b6cdabf79a53bbaf26ea552e9fea422f3bf
bootstraponline,https://api.github.com/repos/appium/appium/pulls/1136,https://api.github.com/repos/appium/appium/issues/1136,closed,2013-09-10,2014-06-16,2013-09-10,10edac84f5dad9644b3cad37a4807df32e7d5bbf
filmaj,https://api.github.com/repos/appium/appium/pulls/1133,https://api.github.com/repos/appium/appium/issues/1133,closed,2013-09-09,2014-07-05,2013-09-09,081a34d85e75854ea91e58883831f61b7a6889ba
bootstraponline,https://api.github.com/repos/appium/appium/pulls/1129,https://api.github.com/repos/appium/appium/issues/1129,closed,2013-09-09,2014-07-05,2013-09-09,918ca0d5e0d83ae998cb1faf4770383334c4a4f1
jlipps,https://api.github.com/repos/appium/appium/pulls/1127,https://api.github.com/repos/appium/appium/issues/1127,closed,2013-09-09,2014-06-16,2013-09-09,ef6af7b5720aca8236897d6195b74c34c96fdf43
penguinho,https://api.github.com/repos/appium/appium/pulls/1125,https://api.github.com/repos/appium/appium/issues/1125,closed,2013-09-07,2014-07-05,2013-09-07,9e3823eb83102687c33f0ed8880a1c1053167cad
penguinho,https://api.github.com/repos/appium/appium/pulls/1124,https://api.github.com/repos/appium/appium/issues/1124,closed,2013-09-07,2014-07-05,2013-09-08,ceb229ed2a5fd91ad95202c3622200c235cb0d0a
penguinho,https://api.github.com/repos/appium/appium/pulls/1122,https://api.github.com/repos/appium/appium/issues/1122,closed,2013-09-07,2014-07-05,2013-09-08,a7ef5c0f155e68460dd7d585b4783aca04d5ea8c
penguinho,https://api.github.com/repos/appium/appium/pulls/1121,https://api.github.com/repos/appium/appium/issues/1121,closed,2013-09-07,2014-06-24,2013-09-08,b76bcd4ddbc0ec02db96a0bc37463ce1ecdfdfb8
jlipps,https://api.github.com/repos/appium/appium/pulls/1120,https://api.github.com/repos/appium/appium/issues/1120,closed,2013-09-06,2014-07-05,2013-09-06,b1b8be61656164f3e22096f297df246865f16895
bootstraponline,https://api.github.com/repos/appium/appium/pulls/1119,https://api.github.com/repos/appium/appium/issues/1119,closed,2013-09-06,2014-07-05,2013-09-06,43966a50d2a8cf958c89a7b386b3ed0c2b327526
bootstraponline,https://api.github.com/repos/appium/appium/pulls/1117,https://api.github.com/repos/appium/appium/issues/1117,closed,2013-09-06,2014-07-03,,2ff2f96a45efd95030da1304c11be7e3492c841d
bootstraponline,https://api.github.com/repos/appium/appium/pulls/1116,https://api.github.com/repos/appium/appium/issues/1116,closed,2013-09-06,2014-07-05,2013-09-06,a05110c15ee55b801841691daab1b9cbcb9d2aa7
jlipps,https://api.github.com/repos/appium/appium/pulls/1114,https://api.github.com/repos/appium/appium/issues/1114,closed,2013-09-06,2014-07-05,2013-09-06,95672ccefaf079414f4fa03dcfa884e285e66098
jlipps,https://api.github.com/repos/appium/appium/pulls/1113,https://api.github.com/repos/appium/appium/issues/1113,closed,2013-09-06,2014-06-12,2013-09-06,e9f5370e59d6c36ceeabc9f1017e2b56a0c0c74a
sourishkrout,https://api.github.com/repos/appium/appium/pulls/1112,https://api.github.com/repos/appium/appium/issues/1112,closed,2013-09-05,2014-07-05,2013-09-05,340e42530ff31fdb321e0039039ccb7d98f7ac16
jlipps,https://api.github.com/repos/appium/appium/pulls/1111,https://api.github.com/repos/appium/appium/issues/1111,closed,2013-09-05,2014-06-12,2013-09-05,faa4902ff902b90990f204c7d4c79569cbce3d04
paymand,https://api.github.com/repos/appium/appium/pulls/1109,https://api.github.com/repos/appium/appium/issues/1109,closed,2013-09-05,2014-06-13,2013-09-05,0e1dedeff6f45deda0688fbc0c5a45bb35d7f4e6
jlipps,https://api.github.com/repos/appium/appium/pulls/1108,https://api.github.com/repos/appium/appium/issues/1108,closed,2013-09-05,2014-07-05,2013-09-05,3de642e00be925d82a009388a5612bccbab60f6b
filmaj,https://api.github.com/repos/appium/appium/pulls/1105,https://api.github.com/repos/appium/appium/issues/1105,closed,2013-09-04,2014-06-16,2013-09-04,5b935bdad95b27369fed58862dbd97d4b059134f
bootstraponline,https://api.github.com/repos/appium/appium/pulls/1104,https://api.github.com/repos/appium/appium/issues/1104,closed,2013-09-04,2014-06-14,2013-09-04,448d8bd0ddb7d26ca137ac0c9f11af558350b4b8
bootstraponline,https://api.github.com/repos/appium/appium/pulls/1103,https://api.github.com/repos/appium/appium/issues/1103,closed,2013-09-04,2014-07-05,2013-09-04,221a194c2c9cd7412c43b5f8ebfcb2349670e7c9
bootstraponline,https://api.github.com/repos/appium/appium/pulls/1102,https://api.github.com/repos/appium/appium/issues/1102,closed,2013-09-04,2014-06-17,2013-09-04,964ca11f65c2a8bcb49258a7a79c96fa99b3a14a
yohannesalazar,https://api.github.com/repos/appium/appium/pulls/1099,https://api.github.com/repos/appium/appium/issues/1099,closed,2013-09-04,2014-07-05,,2108260bb8956adea5b053dc2a7294419debe2c9
bootstraponline,https://api.github.com/repos/appium/appium/pulls/1095,https://api.github.com/repos/appium/appium/issues/1095,closed,2013-09-03,2014-06-21,2013-09-04,7bbf216e97b1025c5f02ded30862fb2e3d496e4c
jlipps,https://api.github.com/repos/appium/appium/pulls/1093,https://api.github.com/repos/appium/appium/issues/1093,closed,2013-09-03,2014-07-05,2013-09-03,7219e49398db2270d838e1d9338689999c697f18
jlipps,https://api.github.com/repos/appium/appium/pulls/1092,https://api.github.com/repos/appium/appium/issues/1092,closed,2013-09-03,2014-06-16,2013-09-03,85837012c9c72aceb2187427014ccee2f30f1215
bootstraponline,https://api.github.com/repos/appium/appium/pulls/1091,https://api.github.com/repos/appium/appium/issues/1091,closed,2013-09-03,2014-09-03,2013-09-04,8987fdb8343197a0b4d19122495d2a13fc52298d
gearoidof,https://api.github.com/repos/appium/appium/pulls/1090,https://api.github.com/repos/appium/appium/issues/1090,closed,2013-09-03,2014-06-29,2013-09-03,ac17536f0ccc758bd1562033cba29f09c3462d0a
paymand,https://api.github.com/repos/appium/appium/pulls/1086,https://api.github.com/repos/appium/appium/issues/1086,closed,2013-09-02,2014-06-16,2013-09-03,152aeeba35823253989b3b47cf78c24e3e497c01
jlipps,https://api.github.com/repos/appium/appium/pulls/1085,https://api.github.com/repos/appium/appium/issues/1085,closed,2013-09-02,2014-07-05,2013-09-02,ec0de4763a80fd694510f5629cb5f7f241c7e828
bootstraponline,https://api.github.com/repos/appium/appium/pulls/1081,https://api.github.com/repos/appium/appium/issues/1081,closed,2013-09-01,2014-07-05,2013-09-03,284add0d66946895ff5a5b3d2fa1e040b81daa47
drpy,https://api.github.com/repos/appium/appium/pulls/1080,https://api.github.com/repos/appium/appium/issues/1080,closed,2013-08-31,2014-07-05,2013-08-31,ed0e8eea5c5140f6011885cb0ff35d6892679968
bootstraponline,https://api.github.com/repos/appium/appium/pulls/1077,https://api.github.com/repos/appium/appium/issues/1077,closed,2013-08-31,2014-07-02,2013-09-03,a8d9e5b383299c5ac9d46a61839412c84938d87d
jlipps,https://api.github.com/repos/appium/appium/pulls/1073,https://api.github.com/repos/appium/appium/issues/1073,closed,2013-08-30,2014-07-05,2013-08-30,aec8b2abd566c4a2fd810503aa44d6e4fafc851f
paymand,https://api.github.com/repos/appium/appium/pulls/1072,https://api.github.com/repos/appium/appium/issues/1072,closed,2013-08-30,2014-07-05,2013-08-30,9fa791b1088d5c780bb95ba464ed9a9143b6a71e
angerborn,https://api.github.com/repos/appium/appium/pulls/1068,https://api.github.com/repos/appium/appium/issues/1068,closed,2013-08-30,2014-07-05,2013-08-30,57df5a2fc0aad27b05528f0ca39555834b030a52
drpy,https://api.github.com/repos/appium/appium/pulls/1065,https://api.github.com/repos/appium/appium/issues/1065,closed,2013-08-29,2014-06-18,2013-08-30,c5ee48c8f41f21726b27b5a651ecca3a136963f9
bootstraponline,https://api.github.com/repos/appium/appium/pulls/1063,https://api.github.com/repos/appium/appium/issues/1063,closed,2013-08-29,2014-07-05,2013-08-30,a28851028a50a41f8b22771520820e6c70d58eba
xuru,https://api.github.com/repos/appium/appium/pulls/1061,https://api.github.com/repos/appium/appium/issues/1061,closed,2013-08-29,2014-07-05,2013-08-29,63355ea0961afb2806fbd8087c12570e0721f46d
angerborn,https://api.github.com/repos/appium/appium/pulls/1060,https://api.github.com/repos/appium/appium/issues/1060,closed,2013-08-29,2014-07-05,2013-08-29,57f4d474c8bde0b6f40567eb6e511ce53b85edca
bootstraponline,https://api.github.com/repos/appium/appium/pulls/1059,https://api.github.com/repos/appium/appium/issues/1059,closed,2013-08-29,2014-06-22,2013-08-29,6164496680512c82e56aae8965aa0fc0025e426b
filmaj,https://api.github.com/repos/appium/appium/pulls/1057,https://api.github.com/repos/appium/appium/issues/1057,closed,2013-08-28,2014-07-05,2013-08-28,f5ca2a5d6dc0aef86ac608af0a22c90967b4d65a
angerborn,https://api.github.com/repos/appium/appium/pulls/1055,https://api.github.com/repos/appium/appium/issues/1055,closed,2013-08-28,2014-06-18,2013-08-28,50a7dfcf04fd9c86af5ce569dac2e5825d1a094a
paymand,https://api.github.com/repos/appium/appium/pulls/1053,https://api.github.com/repos/appium/appium/issues/1053,closed,2013-08-28,2014-07-05,2013-08-28,df80375babfb594f279050920e05b754c569a8b4
bootstraponline,https://api.github.com/repos/appium/appium/pulls/1052,https://api.github.com/repos/appium/appium/issues/1052,closed,2013-08-28,2014-07-05,,d7a181d57f83081a2e1ddf75e72d855fc5d3d0df
bootstraponline,https://api.github.com/repos/appium/appium/pulls/1039,https://api.github.com/repos/appium/appium/issues/1039,closed,2013-08-23,2014-06-16,2013-08-23,6f840b7302e533e8a7b2af49a8b0f72591f7ed57
enricostano,https://api.github.com/repos/appium/appium/pulls/1037,https://api.github.com/repos/appium/appium/issues/1037,closed,2013-08-22,2014-07-05,2013-08-24,14648c9e1d5fe86ed04523a47e05e073a3e79f69
paymand,https://api.github.com/repos/appium/appium/pulls/1036,https://api.github.com/repos/appium/appium/issues/1036,closed,2013-08-22,2015-08-04,2013-08-28,bb5d3f9b1010f929d5a773b8c6276dfddba3d056
rockbot,https://api.github.com/repos/appium/appium/pulls/1035,https://api.github.com/repos/appium/appium/issues/1035,closed,2013-08-21,2014-07-05,2013-08-21,c35a2c2ef25e81ddc847e984cdea8ec4f7ed7cd8
DylanLacey,https://api.github.com/repos/appium/appium/pulls/1034,https://api.github.com/repos/appium/appium/issues/1034,closed,2013-08-21,2014-06-14,2013-08-21,e1abae5798d1611470bcf40ecc485c73a3357339
rockbot,https://api.github.com/repos/appium/appium/pulls/1033,https://api.github.com/repos/appium/appium/issues/1033,closed,2013-08-21,2014-06-12,2013-08-21,c80b3c488a274841ee06b390341eb3a8b285039f
tborys,https://api.github.com/repos/appium/appium/pulls/1030,https://api.github.com/repos/appium/appium/issues/1030,closed,2013-08-21,2014-07-05,2013-08-21,0696045e9cf6c7be82501a8da34475dccf27deaa
TadeasKriz,https://api.github.com/repos/appium/appium/pulls/1026,https://api.github.com/repos/appium/appium/issues/1026,closed,2013-08-20,2014-07-05,2013-08-20,ca2beacee8eb616150dba0c75eea15f15ea8b7a3
snevesbarros,https://api.github.com/repos/appium/appium/pulls/1025,https://api.github.com/repos/appium/appium/issues/1025,closed,2013-08-20,2014-07-05,2013-08-21,22ac187307373890dea294a427cd9852bd9c7115
xuru,https://api.github.com/repos/appium/appium/pulls/1020,https://api.github.com/repos/appium/appium/issues/1020,closed,2013-08-19,2014-06-18,2013-08-19,f8d51ef31400da708e7e7bb86899673e9978fa7f
jlipps,https://api.github.com/repos/appium/appium/pulls/1018,https://api.github.com/repos/appium/appium/issues/1018,closed,2013-08-19,2014-06-24,2013-08-19,66159763c202c3ddc46c5cdd2df3f55c3f8cf4dd
bootstraponline,https://api.github.com/repos/appium/appium/pulls/1016,https://api.github.com/repos/appium/appium/issues/1016,closed,2013-08-16,2014-06-18,2013-08-20,05921524a0bcd68e7870d166a47e2bc7e2ee8f8d
hs025828,https://api.github.com/repos/appium/appium/pulls/1015,https://api.github.com/repos/appium/appium/issues/1015,closed,2013-08-16,2014-06-14,2013-08-16,7a4f13b11ee4374a1fe9fb3d622e89151d95b8a4
xuru,https://api.github.com/repos/appium/appium/pulls/1012,https://api.github.com/repos/appium/appium/issues/1012,closed,2013-08-15,2014-07-05,2013-08-15,38db58da359458a1ba9a142eee70c9916bef4409
snevesbarros,https://api.github.com/repos/appium/appium/pulls/1010,https://api.github.com/repos/appium/appium/issues/1010,closed,2013-08-15,2014-07-05,2013-08-15,0a2c1fdc3bc4070e84620c0a2edce46e74aece8b
jlipps,https://api.github.com/repos/appium/appium/pulls/1009,https://api.github.com/repos/appium/appium/issues/1009,closed,2013-08-15,2014-06-27,2013-08-15,18a11c4e06bf65d6173376e327a6019b57e4bc6c
jlipps,https://api.github.com/repos/appium/appium/pulls/1007,https://api.github.com/repos/appium/appium/issues/1007,closed,2013-08-14,2014-07-05,2013-08-14,14d1992df9e474bd78afeaa3e31fc19ba71aebce
snevesbarros,https://api.github.com/repos/appium/appium/pulls/1002,https://api.github.com/repos/appium/appium/issues/1002,closed,2013-08-14,2014-06-12,2013-08-14,d482a1170b0919699c9a14ff308029972f8d5fa9
snevesbarros,https://api.github.com/repos/appium/appium/pulls/1000,https://api.github.com/repos/appium/appium/issues/1000,closed,2013-08-14,2014-06-13,2013-08-14,b19a442e703077782fadfe2f515a1928bbc0a589
jlipps,https://api.github.com/repos/appium/appium/pulls/998,https://api.github.com/repos/appium/appium/issues/998,closed,2013-08-13,2014-07-05,2013-08-13,929b3d7cf9d33251a9d70c91ad327d3cd92e46db
bootstraponline,https://api.github.com/repos/appium/appium/pulls/997,https://api.github.com/repos/appium/appium/issues/997,closed,2013-08-13,2014-07-02,2013-08-13,4ede0c9e19cafe502d9e3702db2550f2fe31bf42
jlipps,https://api.github.com/repos/appium/appium/pulls/996,https://api.github.com/repos/appium/appium/issues/996,closed,2013-08-13,2014-06-12,2013-08-13,386d666657a52d37436473a9275fc3d837569ba5
bootstraponline,https://api.github.com/repos/appium/appium/pulls/984,https://api.github.com/repos/appium/appium/issues/984,closed,2013-08-10,2014-06-14,,f08459f00ea87b566a1d92822d6dff5df24885de
jlipps,https://api.github.com/repos/appium/appium/pulls/976,https://api.github.com/repos/appium/appium/issues/976,closed,2013-08-08,2014-06-18,2013-08-08,296c8a1da32cf92a499822b61f46ca8461de51dc
jlipps,https://api.github.com/repos/appium/appium/pulls/974,https://api.github.com/repos/appium/appium/issues/974,closed,2013-08-08,2014-06-14,2013-08-08,b216a6845782759c85ba0477e5fa9cd9ec1d434b
jlipps,https://api.github.com/repos/appium/appium/pulls/972,https://api.github.com/repos/appium/appium/issues/972,closed,2013-08-08,2014-06-18,2013-08-08,39f303ed90a6169b46c6c86297899260be75503d
jlipps,https://api.github.com/repos/appium/appium/pulls/971,https://api.github.com/repos/appium/appium/issues/971,closed,2013-08-07,2014-07-05,2013-08-07,64cd19b21e7335e3e22d8ccf0bc35b5722e368ec
prolificcoder,https://api.github.com/repos/appium/appium/pulls/965,https://api.github.com/repos/appium/appium/issues/965,closed,2013-08-06,2014-06-12,2013-08-06,6f2fe208c195525767cf82d8598115e7fe17da1c
jlipps,https://api.github.com/repos/appium/appium/pulls/963,https://api.github.com/repos/appium/appium/issues/963,closed,2013-08-06,2014-07-05,2013-08-06,65364eca35e39c1c0317278b55408009b8f8ff54
jlipps,https://api.github.com/repos/appium/appium/pulls/962,https://api.github.com/repos/appium/appium/issues/962,closed,2013-08-05,2014-07-05,2013-08-05,4fa61ac291b2b5f7526195ef2fca9af06755de1d
chilliams,https://api.github.com/repos/appium/appium/pulls/954,https://api.github.com/repos/appium/appium/issues/954,closed,2013-07-31,2014-07-05,2013-07-31,2d877cee6a25060685c0e3855d68c978ca139c8d
bernii,https://api.github.com/repos/appium/appium/pulls/951,https://api.github.com/repos/appium/appium/issues/951,closed,2013-07-30,2014-07-02,2013-07-30,df759a79bac2569af5a84c5a20ad3bd86b2ba1bf
hs025828,https://api.github.com/repos/appium/appium/pulls/948,https://api.github.com/repos/appium/appium/issues/948,closed,2013-07-29,2014-07-05,2013-07-29,fa083f1d3bab2e09e35a465c9ea44fd3ba971b38
rockbot,https://api.github.com/repos/appium/appium/pulls/947,https://api.github.com/repos/appium/appium/issues/947,closed,2013-07-29,2014-06-22,2013-07-29,49689f376816d967ed58676eadea9812b3335196
haveahennessy,https://api.github.com/repos/appium/appium/pulls/940,https://api.github.com/repos/appium/appium/issues/940,closed,2013-07-26,2014-07-05,2013-07-28,7a41896a00693fb525463234730c87c6efb8448c
rockbot,https://api.github.com/repos/appium/appium/pulls/939,https://api.github.com/repos/appium/appium/issues/939,closed,2013-07-26,2014-07-05,2013-07-26,042c3983c425c119492e6df8de5355fb39f03954
bootstraponline,https://api.github.com/repos/appium/appium/pulls/938,https://api.github.com/repos/appium/appium/issues/938,closed,2013-07-26,2014-06-29,2013-07-26,3a7e1117dd86b16c3ff96dc9ff3eec7d4e13773d
mansibarodia,https://api.github.com/repos/appium/appium/pulls/935,https://api.github.com/repos/appium/appium/issues/935,closed,2013-07-26,2014-06-17,2013-07-26,8e5b0c5d75b42cbc8b493699d33aa24676ea648b
bootstraponline,https://api.github.com/repos/appium/appium/pulls/934,https://api.github.com/repos/appium/appium/issues/934,closed,2013-07-25,2014-07-05,2013-07-26,2643d7aa4337f7a5016500a0ec97581c3201907f
bootstraponline,https://api.github.com/repos/appium/appium/pulls/933,https://api.github.com/repos/appium/appium/issues/933,closed,2013-07-25,2014-07-04,2013-07-26,34b78cc9340a6bbd64490c73c789f1f5265eb318
bootstraponline,https://api.github.com/repos/appium/appium/pulls/932,https://api.github.com/repos/appium/appium/issues/932,closed,2013-07-25,2014-06-12,2013-07-25,eaaf6fd8e62b2bdba1aa95ab4c13db2468db796b
hs025828,https://api.github.com/repos/appium/appium/pulls/931,https://api.github.com/repos/appium/appium/issues/931,closed,2013-07-25,2014-06-16,2013-07-25,9a49bf84ca9ac155562d286a484abc2bf11673f8
rockbot,https://api.github.com/repos/appium/appium/pulls/930,https://api.github.com/repos/appium/appium/issues/930,closed,2013-07-25,2014-06-17,2013-07-25,1c3fabbbf16bcb97644c3771c3505204155f45d9
bootstraponline,https://api.github.com/repos/appium/appium/pulls/929,https://api.github.com/repos/appium/appium/issues/929,closed,2013-07-25,2014-06-13,2013-07-25,8ad75bc1fc1b5bbbbcbf4950d37172e577f9619e
bootstraponline,https://api.github.com/repos/appium/appium/pulls/925,https://api.github.com/repos/appium/appium/issues/925,closed,2013-07-24,2014-06-30,2013-07-25,8f06fe7aa9114398eb13df974633dc3c793c13dd
austenke,https://api.github.com/repos/appium/appium/pulls/924,https://api.github.com/repos/appium/appium/issues/924,closed,2013-07-24,2014-07-05,2013-07-24,2fc366952632f35e22045921e95ad719bb392056
rockbot,https://api.github.com/repos/appium/appium/pulls/920,https://api.github.com/repos/appium/appium/issues/920,closed,2013-07-24,2014-06-18,,b3a0181ded31add27d0060803e87614183180076
rockbot,https://api.github.com/repos/appium/appium/pulls/918,https://api.github.com/repos/appium/appium/issues/918,closed,2013-07-23,2014-07-05,2013-07-23,131caff5e175033ec23f2d42261908ff4ae20711
penguinho,https://api.github.com/repos/appium/appium/pulls/917,https://api.github.com/repos/appium/appium/issues/917,closed,2013-07-23,2014-07-05,2013-07-23,d65d04844f6e050212a5158db824f16412de9113
jlipps,https://api.github.com/repos/appium/appium/pulls/916,https://api.github.com/repos/appium/appium/issues/916,closed,2013-07-23,2014-07-05,2013-07-23,4749531210b959fe84bfce0076ae654f71201a4f
bootstraponline,https://api.github.com/repos/appium/appium/pulls/915,https://api.github.com/repos/appium/appium/issues/915,closed,2013-07-23,2014-06-18,2013-07-23,0f6a24f11b6cbae3b5ec093ba44773933e6ab28f
elysakohrs,https://api.github.com/repos/appium/appium/pulls/909,https://api.github.com/repos/appium/appium/issues/909,closed,2013-07-22,2014-06-15,2013-07-29,1512364f871f3b3c78f3e9a335408fc4bc926ef1
bootstraponline,https://api.github.com/repos/appium/appium/pulls/904,https://api.github.com/repos/appium/appium/issues/904,closed,2013-07-20,2014-07-05,,ae0d38201775d507e8a5e83aa8c4f0c8b0657919
bootstraponline,https://api.github.com/repos/appium/appium/pulls/902,https://api.github.com/repos/appium/appium/issues/902,closed,2013-07-20,2014-07-05,2013-07-23,7855f68c5ae6ffdb50d67fe9f1d5ad0e517dd536
jlipps,https://api.github.com/repos/appium/appium/pulls/901,https://api.github.com/repos/appium/appium/issues/901,closed,2013-07-19,2014-07-05,2013-07-19,7657cb97fad9a6a71c419061b0540e626be2f3cf
jlipps,https://api.github.com/repos/appium/appium/pulls/898,https://api.github.com/repos/appium/appium/issues/898,closed,2013-07-18,2014-07-05,2013-07-18,51b7cf25edd8be82c25b038df64d51c3def91a5b
alimoeeny,https://api.github.com/repos/appium/appium/pulls/893,https://api.github.com/repos/appium/appium/issues/893,closed,2013-07-17,2014-06-27,,08c93e9145c856fecdffdd086282a4df8fc33013
samaitra,https://api.github.com/repos/appium/appium/pulls/886,https://api.github.com/repos/appium/appium/issues/886,closed,2013-07-13,2014-06-12,2013-07-15,b8210836b6f7a6df2191d91cfdc90539d5448e6c
prolificcoder,https://api.github.com/repos/appium/appium/pulls/883,https://api.github.com/repos/appium/appium/issues/883,closed,2013-07-12,2014-07-05,,faf7f06e705f5f6158161f673956eaf3b542eb87
alvillaflor,https://api.github.com/repos/appium/appium/pulls/882,https://api.github.com/repos/appium/appium/issues/882,closed,2013-07-12,2014-06-16,2013-07-12,aa45978d4a6211ec1ab9e528065e4ec4407bbab2
prolificcoder,https://api.github.com/repos/appium/appium/pulls/877,https://api.github.com/repos/appium/appium/issues/877,closed,2013-07-12,2014-06-23,,3d6e03c5d9a05f319688ce6355d3e7416b99cefe
bootstraponline,https://api.github.com/repos/appium/appium/pulls/874,https://api.github.com/repos/appium/appium/issues/874,closed,2013-07-11,2014-07-05,2013-07-11,800a3bcc04bf2ddeb7a06e3af2c3ee9214522ad8
alvillaflor,https://api.github.com/repos/appium/appium/pulls/873,https://api.github.com/repos/appium/appium/issues/873,closed,2013-07-11,2014-07-02,,2a5257757fbf99342b2b6df6d0c9c5971af60d85
alvillaflor,https://api.github.com/repos/appium/appium/pulls/870,https://api.github.com/repos/appium/appium/issues/870,closed,2013-07-10,2014-07-05,2013-07-10,3ba64b47f911c0bc4851b729cb2d2eb263e45f6e
jlipps,https://api.github.com/repos/appium/appium/pulls/868,https://api.github.com/repos/appium/appium/issues/868,closed,2013-07-10,2014-07-05,2013-07-10,a358569c551e4dac29914b99e183ed4cdb2f7f60
zijie0,https://api.github.com/repos/appium/appium/pulls/867,https://api.github.com/repos/appium/appium/issues/867,closed,2013-07-10,2014-07-05,2013-07-10,efa389bc385a1e608b82064ec7eb9030f0f465e7
boxiong,https://api.github.com/repos/appium/appium/pulls/866,https://api.github.com/repos/appium/appium/issues/866,closed,2013-07-09,2014-07-05,2013-07-09,e9bc6fc650226d4690cff6cb54f94233607c7a35
bootstraponline,https://api.github.com/repos/appium/appium/pulls/863,https://api.github.com/repos/appium/appium/issues/863,closed,2013-07-08,2014-07-05,2013-07-08,2e66b0af68f66c9cbf2eae1f21517ee8d735f08a
samaitra,https://api.github.com/repos/appium/appium/pulls/861,https://api.github.com/repos/appium/appium/issues/861,closed,2013-07-08,2014-06-18,2013-07-08,90748b5c590d5b9fd8dc990b0d7e2e6278d5a343
bootstraponline,https://api.github.com/repos/appium/appium/pulls/860,https://api.github.com/repos/appium/appium/issues/860,closed,2013-07-05,2014-07-05,2013-07-06,14bc2054c8b9b80261dc002ed3c19d2de348e8b7
teragoon,https://api.github.com/repos/appium/appium/pulls/859,https://api.github.com/repos/appium/appium/issues/859,closed,2013-07-05,2014-07-05,,801ee6bb333f77215f3278170ab8d378c069d4f7
samaitra,https://api.github.com/repos/appium/appium/pulls/858,https://api.github.com/repos/appium/appium/issues/858,closed,2013-07-04,2014-07-05,2013-07-04,bf13c14996b6dc7980e7f74ae14a5b1490034f56
HimanshuJ,https://api.github.com/repos/appium/appium/pulls/855,https://api.github.com/repos/appium/appium/issues/855,closed,2013-07-03,2014-06-18,,637f349cae4e2b3c33f64322932426e678c349ca
AmitKumar5,https://api.github.com/repos/appium/appium/pulls/854,https://api.github.com/repos/appium/appium/issues/854,closed,2013-07-03,2014-06-18,,14ee9afc3f8c71f36a3e1ebe9eef4cb34c106b24
haveahennessy,https://api.github.com/repos/appium/appium/pulls/852,https://api.github.com/repos/appium/appium/issues/852,closed,2013-07-03,2014-07-05,2013-07-03,2021bad48c00904ea054ca363c3b185a5a182d81
jlipps,https://api.github.com/repos/appium/appium/pulls/851,https://api.github.com/repos/appium/appium/issues/851,closed,2013-07-03,2014-07-05,2013-07-03,06eebb5fba6e2cc6fc7193ff604ba3e7710db814
xuru,https://api.github.com/repos/appium/appium/pulls/849,https://api.github.com/repos/appium/appium/issues/849,closed,2013-07-02,2014-06-15,2013-07-03,df1b1f54a18b701780457af983045bc2093b4afd
jlipps,https://api.github.com/repos/appium/appium/pulls/848,https://api.github.com/repos/appium/appium/issues/848,closed,2013-07-02,2014-07-05,2013-07-02,35e106da30aff7aedae06490c5efda6da70a8ab6
bootstraponline,https://api.github.com/repos/appium/appium/pulls/843,https://api.github.com/repos/appium/appium/issues/843,closed,2013-07-02,2014-07-05,2013-07-02,fd4216d9a0452554d380f3ed178dda26e0b93c0c
michellai,https://api.github.com/repos/appium/appium/pulls/842,https://api.github.com/repos/appium/appium/issues/842,closed,2013-07-01,2014-07-05,,e5295fb052f7607039229fb01458d49af532b73c
drpy,https://api.github.com/repos/appium/appium/pulls/841,https://api.github.com/repos/appium/appium/issues/841,closed,2013-07-01,2014-07-05,2013-07-01,668e6e932e8676e5dc5a39f6cc66b16d707850fb
hs025828,https://api.github.com/repos/appium/appium/pulls/839,https://api.github.com/repos/appium/appium/issues/839,closed,2013-07-01,2014-06-16,2013-07-01,3f7507e4302ea12a9d1da1f1bfda8b9e2ac94b12
hs025828,https://api.github.com/repos/appium/appium/pulls/838,https://api.github.com/repos/appium/appium/issues/838,closed,2013-07-01,2014-07-05,2013-07-01,aa9becf361d5e9f26f06c3a76dc454b0f350d1ce
rmcloughlin,https://api.github.com/repos/appium/appium/pulls/836,https://api.github.com/repos/appium/appium/issues/836,closed,2013-07-01,2014-07-05,2013-07-01,7e086db57dfde3aba0e658c045a9e93b2414888f
bootstraponline,https://api.github.com/repos/appium/appium/pulls/834,https://api.github.com/repos/appium/appium/issues/834,closed,2013-06-30,2014-07-05,2013-07-01,e042c4a859f95123aa8884622ceaaaa8af17204e
jlipps,https://api.github.com/repos/appium/appium/pulls/833,https://api.github.com/repos/appium/appium/issues/833,closed,2013-06-30,2014-07-04,2013-07-02,0344abff147fe2008993e9e9e6548e043fdc1e7a
bootstraponline,https://api.github.com/repos/appium/appium/pulls/831,https://api.github.com/repos/appium/appium/issues/831,closed,2013-06-30,2014-07-05,2013-06-30,64d2dfafe7c6715097f9fbd5e595e51ee5486296
drpy,https://api.github.com/repos/appium/appium/pulls/830,https://api.github.com/repos/appium/appium/issues/830,closed,2013-06-29,2014-07-05,2013-06-29,0a56fa3e1842444cae0af307dc87097f397f7373
tanob,https://api.github.com/repos/appium/appium/pulls/829,https://api.github.com/repos/appium/appium/issues/829,closed,2013-06-29,2014-06-18,2013-06-29,546bd99dbb45ec2061e742afea80531848d1b9a9
tanob,https://api.github.com/repos/appium/appium/pulls/827,https://api.github.com/repos/appium/appium/issues/827,closed,2013-06-29,2014-06-19,2013-06-29,09ac966f9285c267b53daba900a6e1c6bb2448e7
xuru,https://api.github.com/repos/appium/appium/pulls/826,https://api.github.com/repos/appium/appium/issues/826,closed,2013-06-28,2014-07-05,2013-06-28,655c8234e0acc78a0bb48a1c2ddeb00d5c39c9c9
prolificcoder,https://api.github.com/repos/appium/appium/pulls/822,https://api.github.com/repos/appium/appium/issues/822,closed,2013-06-27,2014-07-05,,08ca3db5e6f95db2890154322bd0d012e538690a
prolificcoder,https://api.github.com/repos/appium/appium/pulls/821,https://api.github.com/repos/appium/appium/issues/821,closed,2013-06-26,2014-07-05,,e4db3db1bee9e88fdb599108ff55e755a36765a1
bootstraponline,https://api.github.com/repos/appium/appium/pulls/819,https://api.github.com/repos/appium/appium/issues/819,closed,2013-06-26,2014-07-05,2013-06-27,847b7590cb1e77d81f4d830a19242ce7afd230b6
mmerrell,https://api.github.com/repos/appium/appium/pulls/818,https://api.github.com/repos/appium/appium/issues/818,closed,2013-06-26,2014-07-05,,4789b7411fd8203df7d11a08638e9cc1cb82e0e6
bootstraponline,https://api.github.com/repos/appium/appium/pulls/817,https://api.github.com/repos/appium/appium/issues/817,closed,2013-06-26,2014-07-05,2013-06-26,e9eda059881f178803761c677e03eaf037b3b2c8
bootstraponline,https://api.github.com/repos/appium/appium/pulls/816,https://api.github.com/repos/appium/appium/issues/816,closed,2013-06-26,2014-07-05,,28f2de07b10cc90da3761f8a4e844848f8a2fffe
bootstraponline,https://api.github.com/repos/appium/appium/pulls/812,https://api.github.com/repos/appium/appium/issues/812,closed,2013-06-25,2014-07-05,2013-06-25,92ecb8a29d36a73324be9a02d6380c72d65b199c
jlipps,https://api.github.com/repos/appium/appium/pulls/811,https://api.github.com/repos/appium/appium/issues/811,closed,2013-06-25,2014-07-05,2013-06-25,702629147c76749ca3be9764ee7e0ec73902a4cc
bootstraponline,https://api.github.com/repos/appium/appium/pulls/809,https://api.github.com/repos/appium/appium/issues/809,closed,2013-06-25,2014-07-05,2013-06-25,9086318cba8907846e04747f7681efb1bfd3d384
bootstraponline,https://api.github.com/repos/appium/appium/pulls/807,https://api.github.com/repos/appium/appium/issues/807,closed,2013-06-24,2014-07-04,2013-06-25,73a16e031c9568726806111a991efcacf8f913be
herzbube,https://api.github.com/repos/appium/appium/pulls/800,https://api.github.com/repos/appium/appium/issues/800,closed,2013-06-21,2014-07-05,2013-06-21,806f6605bf3ab271ec3ed7caf51bf7e7b26644ba
herzbube,https://api.github.com/repos/appium/appium/pulls/799,https://api.github.com/repos/appium/appium/issues/799,closed,2013-06-21,2014-07-05,2013-06-21,8e895c6e284b70796f8702fe18d4264a1644abc8
herzbube,https://api.github.com/repos/appium/appium/pulls/798,https://api.github.com/repos/appium/appium/issues/798,closed,2013-06-21,2014-06-12,2013-06-30,a359b9fa09b7c858dc7c4bd31f51dc059649db44
swapna-chennadi,https://api.github.com/repos/appium/appium/pulls/797,https://api.github.com/repos/appium/appium/issues/797,closed,2013-06-21,2014-07-05,2013-06-26,5bd9ada672a8f7bb193a925aeb7fa3f9182a3a90
herzbube,https://api.github.com/repos/appium/appium/pulls/796,https://api.github.com/repos/appium/appium/issues/796,closed,2013-06-21,2014-07-05,,59b0d15b46ae9e3f869a32a74ee4438693c85297
xuru,https://api.github.com/repos/appium/appium/pulls/795,https://api.github.com/repos/appium/appium/issues/795,closed,2013-06-20,2014-06-13,2013-06-20,f4acaf88b6fb3dbc610a07324f8ed320ed4854c4
xuru,https://api.github.com/repos/appium/appium/pulls/794,https://api.github.com/repos/appium/appium/issues/794,closed,2013-06-20,2014-07-05,2013-06-20,101c7cae81bec6cf5d08eb9e569a6cbf97f8ee34
tokunbo,https://api.github.com/repos/appium/appium/pulls/793,https://api.github.com/repos/appium/appium/issues/793,closed,2013-06-20,2014-06-19,,3fcc875ca7f2eebbbb65dddb3046e1d06eb46fe3
tborys,https://api.github.com/repos/appium/appium/pulls/791,https://api.github.com/repos/appium/appium/issues/791,closed,2013-06-20,2014-06-13,2013-06-30,24845f3a5db5750a010804c27e545de53309dfb6
swapna-chennadi,https://api.github.com/repos/appium/appium/pulls/790,https://api.github.com/repos/appium/appium/issues/790,closed,2013-06-20,2014-07-05,,f840a79c9c63d96a29accedfb2dd0745e0ab1255
bootstraponline,https://api.github.com/repos/appium/appium/pulls/785,https://api.github.com/repos/appium/appium/issues/785,closed,2013-06-18,2014-06-19,2013-06-19,03ff010b0673fbbe8660f7ff4ab765f4eebd3031
bootstraponline,https://api.github.com/repos/appium/appium/pulls/784,https://api.github.com/repos/appium/appium/issues/784,closed,2013-06-18,2014-07-05,2013-06-18,61141bf240fa5c0482ad88cd66225e9d5b63a0ba
bootstraponline,https://api.github.com/repos/appium/appium/pulls/781,https://api.github.com/repos/appium/appium/issues/781,closed,2013-06-18,2014-07-05,2013-06-18,1d8b130ed1531c9a929418e039b9dd68bb395c01
bootstraponline,https://api.github.com/repos/appium/appium/pulls/775,https://api.github.com/repos/appium/appium/issues/775,closed,2013-06-17,2014-07-05,2013-06-17,7e8065ff571937e739253780768869305e3c78f1
bootstraponline,https://api.github.com/repos/appium/appium/pulls/774,https://api.github.com/repos/appium/appium/issues/774,closed,2013-06-17,2014-06-13,2013-06-19,877e91269d28784766079b574d0e590dd8fbe574
bootstraponline,https://api.github.com/repos/appium/appium/pulls/772,https://api.github.com/repos/appium/appium/issues/772,closed,2013-06-17,2014-07-05,2013-06-17,55705f5b2e5b902014989d01096843413eddc937
rorp,https://api.github.com/repos/appium/appium/pulls/768,https://api.github.com/repos/appium/appium/issues/768,closed,2013-06-16,2014-07-05,2013-06-16,d4b8fe0363a671e43688b33edea07be699306e50
bootstraponline,https://api.github.com/repos/appium/appium/pulls/766,https://api.github.com/repos/appium/appium/issues/766,closed,2013-06-14,2014-07-05,2013-06-15,01d27c86591d1a683d467ebb3799eb2c2f55e8d6
bootstraponline,https://api.github.com/repos/appium/appium/pulls/764,https://api.github.com/repos/appium/appium/issues/764,closed,2013-06-14,2014-07-05,2013-06-14,c6d45951282266435f6dcbf794a6eb415c7b8813
bootstraponline,https://api.github.com/repos/appium/appium/pulls/763,https://api.github.com/repos/appium/appium/issues/763,closed,2013-06-14,2014-06-19,2013-06-14,0502bd4ca448c18519cbf61950b1d97ae05df791
xuru,https://api.github.com/repos/appium/appium/pulls/760,https://api.github.com/repos/appium/appium/issues/760,closed,2013-06-13,2014-07-02,,0de158aa8659778e24ad1f01ec6d6c14b41aeb11
hs025828,https://api.github.com/repos/appium/appium/pulls/759,https://api.github.com/repos/appium/appium/issues/759,closed,2013-06-13,2014-07-05,2013-06-14,2283a4cc25aee7ebfc0e7c38196238a94421cc8f
jlipps,https://api.github.com/repos/appium/appium/pulls/757,https://api.github.com/repos/appium/appium/issues/757,closed,2013-06-13,2014-06-26,,969a22f48dfcd861102ab2cd35bf126525baf2e2
jlipps,https://api.github.com/repos/appium/appium/pulls/751,https://api.github.com/repos/appium/appium/issues/751,closed,2013-06-12,2014-07-05,2013-06-12,db513d53b77208f03a120500b1cf0372a4e66f95
ghost,https://api.github.com/repos/appium/appium/pulls/750,https://api.github.com/repos/appium/appium/issues/750,closed,2013-06-12,2014-06-15,,e4cd3346e749c0ac4de69cd869f8fe418c868c7b
hs025828,https://api.github.com/repos/appium/appium/pulls/748,https://api.github.com/repos/appium/appium/issues/748,closed,2013-06-12,2014-06-14,2013-06-12,4aaf3a5de7e7b5c99d8f92dd9d9176380f271c49
bootstraponline,https://api.github.com/repos/appium/appium/pulls/745,https://api.github.com/repos/appium/appium/issues/745,closed,2013-06-11,2014-07-05,2013-06-11,c3eeca5079c526a611471753c8e75787e0f8ae17
hs025828,https://api.github.com/repos/appium/appium/pulls/740,https://api.github.com/repos/appium/appium/issues/740,closed,2013-06-10,2014-06-13,2013-06-11,7b7f349af70e77b42add999c4d7521811710bfbf
bootstraponline,https://api.github.com/repos/appium/appium/pulls/736,https://api.github.com/repos/appium/appium/issues/736,closed,2013-06-09,2014-07-05,2013-06-09,65eb23c614e78dcf20c3859d7dc33294d569820c
snevesbarros,https://api.github.com/repos/appium/appium/pulls/734,https://api.github.com/repos/appium/appium/issues/734,closed,2013-06-08,2014-06-14,2013-06-10,f4451a9da2a9ac40fa89f269cefd5ebb3ffda7d0
houlianpi,https://api.github.com/repos/appium/appium/pulls/733,https://api.github.com/repos/appium/appium/issues/733,closed,2013-06-08,2014-07-05,2013-06-09,7e2dd43c96a301df2a809d5f3c7da7ed7bfc8908
sourishkrout,https://api.github.com/repos/appium/appium/pulls/732,https://api.github.com/repos/appium/appium/issues/732,closed,2013-06-07,2014-06-18,2013-06-09,f287add4d84c16e3ab84ae8a7b88f1945479936f
hs025828,https://api.github.com/repos/appium/appium/pulls/729,https://api.github.com/repos/appium/appium/issues/729,closed,2013-06-07,2014-06-17,2013-06-07,3ef13c0f52cff5d4e313c6c9f247f97912889a69
bootstraponline,https://api.github.com/repos/appium/appium/pulls/727,https://api.github.com/repos/appium/appium/issues/727,closed,2013-06-07,2014-07-05,2013-06-07,0c659bcf6d0997e543885f36389822747e5743e0
jlipps,https://api.github.com/repos/appium/appium/pulls/724,https://api.github.com/repos/appium/appium/issues/724,closed,2013-06-06,2014-07-05,2013-06-06,36aa8a15359e0b620ad8b677fe37d2ff7fd620ba
jlipps,https://api.github.com/repos/appium/appium/pulls/723,https://api.github.com/repos/appium/appium/issues/723,closed,2013-06-06,2014-07-05,2013-06-06,65b485f125824b4554401b80491e900c7460fa67
snevesbarros,https://api.github.com/repos/appium/appium/pulls/720,https://api.github.com/repos/appium/appium/issues/720,closed,2013-06-06,2014-07-05,2013-06-07,3aefccb5b77c768298ce6139eaec05626aa211dc
bootstraponline,https://api.github.com/repos/appium/appium/pulls/719,https://api.github.com/repos/appium/appium/issues/719,closed,2013-06-06,2014-06-18,2013-06-06,2bd17f6e370731d435c6e4b1d840047b98000a2d
jlipps,https://api.github.com/repos/appium/appium/pulls/716,https://api.github.com/repos/appium/appium/issues/716,closed,2013-06-05,2014-07-05,2013-06-05,aa69f070d0e0e67dda0b64a447d8116ba4b8f224
bootstraponline,https://api.github.com/repos/appium/appium/pulls/714,https://api.github.com/repos/appium/appium/issues/714,closed,2013-06-05,2014-06-16,2013-06-05,e0773044be9926dcc241a4519ec68b74aba821cf
swapna-chennadi,https://api.github.com/repos/appium/appium/pulls/710,https://api.github.com/repos/appium/appium/issues/710,closed,2013-06-05,2014-06-14,,d15afe91e65045d41519d755eac62014c16d4212
jlipps,https://api.github.com/repos/appium/appium/pulls/707,https://api.github.com/repos/appium/appium/issues/707,closed,2013-06-04,2014-07-05,2013-06-04,a0eade66c7041ca3097c7b46d21e075df2d42bda
jlipps,https://api.github.com/repos/appium/appium/pulls/706,https://api.github.com/repos/appium/appium/issues/706,closed,2013-06-04,2014-07-05,2013-06-04,25633c7b7e8106bfc965850c417290502230fc86
bootstraponline,https://api.github.com/repos/appium/appium/pulls/703,https://api.github.com/repos/appium/appium/issues/703,closed,2013-06-04,2014-06-30,2013-06-04,3d18a6250b57c8eea8500d817f3dcda3c3de0662
bootstraponline,https://api.github.com/repos/appium/appium/pulls/701,https://api.github.com/repos/appium/appium/issues/701,closed,2013-06-04,2014-07-05,2013-06-04,fe5ac48b3d09a3f18338887e704dd9216ca3bbbc
jlipps,https://api.github.com/repos/appium/appium/pulls/700,https://api.github.com/repos/appium/appium/issues/700,closed,2013-06-03,2014-06-17,2013-06-04,67fda3639e76c24e5aac470a537860c83a50782c
jlipps,https://api.github.com/repos/appium/appium/pulls/698,https://api.github.com/repos/appium/appium/issues/698,closed,2013-06-03,2014-07-05,2013-06-03,de45530a104f1d7c744b8ced1812b3b292cb56e6
jlipps,https://api.github.com/repos/appium/appium/pulls/696,https://api.github.com/repos/appium/appium/issues/696,closed,2013-06-03,2014-07-05,2013-06-03,b22cb551202ac0cf6694635901aed7bc794854bf
bootstraponline,https://api.github.com/repos/appium/appium/pulls/695,https://api.github.com/repos/appium/appium/issues/695,closed,2013-06-03,2014-07-05,2013-06-03,186cc6b839edf1c0603e08f635f13504520052a9
jlipps,https://api.github.com/repos/appium/appium/pulls/694,https://api.github.com/repos/appium/appium/issues/694,closed,2013-06-03,2014-07-05,2013-06-03,1cd831657763677096475fc37513ecffa903607a
snevesbarros,https://api.github.com/repos/appium/appium/pulls/688,https://api.github.com/repos/appium/appium/issues/688,closed,2013-06-03,2014-07-05,2013-06-03,f8171e884e080d2a34eff238c0aabb24ff0f52fa
xuru,https://api.github.com/repos/appium/appium/pulls/683,https://api.github.com/repos/appium/appium/issues/683,closed,2013-05-31,2014-07-05,,e83cd9086fb77fb36e7372e6282b79d5cc65c8aa
snevesbarros,https://api.github.com/repos/appium/appium/pulls/680,https://api.github.com/repos/appium/appium/issues/680,closed,2013-05-31,2014-07-05,2013-05-31,e7acbca722307603dcc0846ea3271fc4760e424c
bootstraponline,https://api.github.com/repos/appium/appium/pulls/679,https://api.github.com/repos/appium/appium/issues/679,closed,2013-05-30,2014-07-05,2013-05-31,b4f1a1aa121da74b532fd7fe3857381904ce286d
jlipps,https://api.github.com/repos/appium/appium/pulls/672,https://api.github.com/repos/appium/appium/issues/672,closed,2013-05-30,2014-07-05,2013-05-30,44bc6d7add8b9c6cddb4f4d9b7a40c95e78a5e72
xuru,https://api.github.com/repos/appium/appium/pulls/669,https://api.github.com/repos/appium/appium/issues/669,closed,2013-05-29,2014-06-13,2013-05-30,e5f2e96827844a39370b88334ab4aeb5ffb2410d
bootstraponline,https://api.github.com/repos/appium/appium/pulls/668,https://api.github.com/repos/appium/appium/issues/668,closed,2013-05-29,2014-06-13,2013-06-03,65a26f579a3dd245e023a56d7c62e7422d636be0
umaar,https://api.github.com/repos/appium/appium/pulls/666,https://api.github.com/repos/appium/appium/issues/666,closed,2013-05-29,2014-07-05,2013-05-29,9283c34953d1bbe77cdb098c58d48a9c200f78e6
jlipps,https://api.github.com/repos/appium/appium/pulls/664,https://api.github.com/repos/appium/appium/issues/664,closed,2013-05-28,2014-07-05,2013-05-28,8d076d785c7edfb41d4b8e391c47c869e4b91e24
bootstraponline,https://api.github.com/repos/appium/appium/pulls/663,https://api.github.com/repos/appium/appium/issues/663,closed,2013-05-28,2014-06-18,2013-05-28,67176b731699da216181187d24f3654bad018b2e
jlipps,https://api.github.com/repos/appium/appium/pulls/661,https://api.github.com/repos/appium/appium/issues/661,closed,2013-05-28,2014-07-05,2013-05-28,b25ec1881513fa0111ac3f65042f9395de420ecd
penguinho,https://api.github.com/repos/appium/appium/pulls/659,https://api.github.com/repos/appium/appium/issues/659,closed,2013-05-28,2014-06-15,,52919f0c834a2c09e5cc3f724b646e5f574b97df
bootstraponline,https://api.github.com/repos/appium/appium/pulls/657,https://api.github.com/repos/appium/appium/issues/657,closed,2013-05-28,2014-06-17,2013-05-28,8cca8e52c85404a0166e824da05002e06d861aeb
snevesbarros,https://api.github.com/repos/appium/appium/pulls/656,https://api.github.com/repos/appium/appium/issues/656,closed,2013-05-28,2014-07-05,2013-05-28,07a5e5391092fd72acc7edb6bd31af28e91bfa78
snevesbarros,https://api.github.com/repos/appium/appium/pulls/655,https://api.github.com/repos/appium/appium/issues/655,closed,2013-05-27,2014-07-05,2013-05-27,c00a7a3b8f6917583bc4a66082a3ffcade09f54b
penguinho,https://api.github.com/repos/appium/appium/pulls/652,https://api.github.com/repos/appium/appium/issues/652,closed,2013-05-25,2014-06-19,2013-05-28,0cfe2b088005a3949ba2dfaddda97faa9f08c501
penguinho,https://api.github.com/repos/appium/appium/pulls/650,https://api.github.com/repos/appium/appium/issues/650,closed,2013-05-24,2014-06-12,2013-05-25,469b95e5182507564003b9387377620140c3540f
jlipps,https://api.github.com/repos/appium/appium/pulls/649,https://api.github.com/repos/appium/appium/issues/649,closed,2013-05-24,2014-07-05,2013-05-24,95c86eff79aa49a15753faf53b86d95821fbd76d
jlipps,https://api.github.com/repos/appium/appium/pulls/648,https://api.github.com/repos/appium/appium/issues/648,closed,2013-05-24,2014-07-05,2013-05-24,add52522d80996f2f1778edc9208c2dea2d6cbbb
bootstraponline,https://api.github.com/repos/appium/appium/pulls/647,https://api.github.com/repos/appium/appium/issues/647,closed,2013-05-24,2014-07-05,2013-05-24,f1952b3cec9bec47fee2edfff5c02179d67e6813
bootstraponline,https://api.github.com/repos/appium/appium/pulls/645,https://api.github.com/repos/appium/appium/issues/645,closed,2013-05-24,2014-07-05,2013-05-24,cc63452c435b542510b2ad998b3ab7be8f82614d
jlipps,https://api.github.com/repos/appium/appium/pulls/643,https://api.github.com/repos/appium/appium/issues/643,closed,2013-05-23,2014-06-19,2013-05-23,e219fac4d8644e928925ffb69db6c5bcc9aca86d
maudineormsby,https://api.github.com/repos/appium/appium/pulls/642,https://api.github.com/repos/appium/appium/issues/642,closed,2013-05-23,2014-07-05,2013-05-23,fe61436e2c3f90af0b52029a96e5e7f6bb5bfccd
bootstraponline,https://api.github.com/repos/appium/appium/pulls/639,https://api.github.com/repos/appium/appium/issues/639,closed,2013-05-23,2014-07-05,2013-05-23,07c3b8efe1dd13a71a970b3ef379fc6e15e1661a
xuru,https://api.github.com/repos/appium/appium/pulls/637,https://api.github.com/repos/appium/appium/issues/637,closed,2013-05-23,2014-07-05,2013-05-23,0e89560aefc4b9392f24155eff9fbf6a8669ee48
bootstraponline,https://api.github.com/repos/appium/appium/pulls/632,https://api.github.com/repos/appium/appium/issues/632,closed,2013-05-22,2014-06-30,2013-05-22,8639250e849665f0bb5253e1ff9879181f4a9e81
haveahennessy,https://api.github.com/repos/appium/appium/pulls/626,https://api.github.com/repos/appium/appium/issues/626,closed,2013-05-22,2014-06-18,2013-05-22,3cc0e67058faaff59e272deb5ada894d95cfc7e1
xuru,https://api.github.com/repos/appium/appium/pulls/624,https://api.github.com/repos/appium/appium/issues/624,closed,2013-05-21,2014-06-18,2013-05-28,8b2c8779faacdc60dccdcf8d4ec3c6873cf100db
penguinho,https://api.github.com/repos/appium/appium/pulls/623,https://api.github.com/repos/appium/appium/issues/623,closed,2013-05-20,2014-07-05,2013-05-21,002fecda123b2ec6da312bda00d992fda7e80828
bootstraponline,https://api.github.com/repos/appium/appium/pulls/622,https://api.github.com/repos/appium/appium/issues/622,closed,2013-05-20,2016-12-24,2013-05-21,075d56b3d4128b61315b03d5c46d78656a3dfc46
xuru,https://api.github.com/repos/appium/appium/pulls/619,https://api.github.com/repos/appium/appium/issues/619,closed,2013-05-20,2014-07-05,2013-05-20,65e64fa5d579ca6c326b577604b7f4346781ad76
xuru,https://api.github.com/repos/appium/appium/pulls/618,https://api.github.com/repos/appium/appium/issues/618,closed,2013-05-20,2014-07-05,2013-05-20,50c9065d01c8055303e8beefffbfe0044532249e
bootstraponline,https://api.github.com/repos/appium/appium/pulls/616,https://api.github.com/repos/appium/appium/issues/616,closed,2013-05-20,2014-07-05,2013-05-20,c0895197da9d51c1902a802628728460e2867010
bootstraponline,https://api.github.com/repos/appium/appium/pulls/613,https://api.github.com/repos/appium/appium/issues/613,closed,2013-05-18,2014-07-05,2013-05-20,44f0f5edb0e1f20509273b7c57e4e07eb71a8845
xuru,https://api.github.com/repos/appium/appium/pulls/610,https://api.github.com/repos/appium/appium/issues/610,closed,2013-05-17,2014-07-05,,d92b5c69454094e7e437382f3396bea5a5466d11
xuru,https://api.github.com/repos/appium/appium/pulls/609,https://api.github.com/repos/appium/appium/issues/609,closed,2013-05-17,2014-07-05,2013-05-17,19393a52a659b275ab74a318850c8513efc74214
bootstraponline,https://api.github.com/repos/appium/appium/pulls/606,https://api.github.com/repos/appium/appium/issues/606,closed,2013-05-17,2014-07-05,2013-05-17,8f7c9dc789a211f8ffd24f366606145dcdfb72b3
xuru,https://api.github.com/repos/appium/appium/pulls/603,https://api.github.com/repos/appium/appium/issues/603,closed,2013-05-16,2014-07-05,2013-05-16,a971287352fd07f86c6f6aa601e22889368fe691
swapna-chennadi,https://api.github.com/repos/appium/appium/pulls/601,https://api.github.com/repos/appium/appium/issues/601,closed,2013-05-16,2014-06-20,2013-05-20,445a42dcb912374b301d3359e0302075efb1a2cf
OniOni,https://api.github.com/repos/appium/appium/pulls/600,https://api.github.com/repos/appium/appium/issues/600,closed,2013-05-16,2014-07-05,2013-05-16,edb98063ccb8af60655a1cd4e4a4fd5e388ae049
penguinho,https://api.github.com/repos/appium/appium/pulls/599,https://api.github.com/repos/appium/appium/issues/599,closed,2013-05-15,2014-07-05,2013-05-15,b5e2cd83507a95177e14b492ad1867b3e03f7b4b
jlipps,https://api.github.com/repos/appium/appium/pulls/593,https://api.github.com/repos/appium/appium/issues/593,closed,2013-05-14,2014-07-05,2013-05-14,741cb3a58356f18aa2c0357b9b4ae64a16c0f7f8
OniOni,https://api.github.com/repos/appium/appium/pulls/592,https://api.github.com/repos/appium/appium/issues/592,closed,2013-05-14,2014-07-05,2013-05-14,bf84cce3d5ee3f5f4809b69a0beda3fbb4e6ff02
penguinho,https://api.github.com/repos/appium/appium/pulls/591,https://api.github.com/repos/appium/appium/issues/591,closed,2013-05-14,2014-07-05,2013-05-14,b25b7e99c66bf9266e598594c660d2be1539a7cc
penguinho,https://api.github.com/repos/appium/appium/pulls/590,https://api.github.com/repos/appium/appium/issues/590,closed,2013-05-14,2014-07-05,2013-05-14,698c3b17995b2bc7e57c0bdea212005c1a777173
OniOni,https://api.github.com/repos/appium/appium/pulls/587,https://api.github.com/repos/appium/appium/issues/587,closed,2013-05-14,2014-07-05,2013-05-14,6ff3ba109d37688980474d274e1335caa9ad864a
OniOni,https://api.github.com/repos/appium/appium/pulls/586,https://api.github.com/repos/appium/appium/issues/586,closed,2013-05-14,2014-07-05,2013-05-14,8448ba7d4615d0941acbeddfba323cd22d8d08a7
OniOni,https://api.github.com/repos/appium/appium/pulls/585,https://api.github.com/repos/appium/appium/issues/585,closed,2013-05-14,2014-07-05,2013-05-14,7abed9258704a445927b33964d05af2496f5080c
penguinho,https://api.github.com/repos/appium/appium/pulls/584,https://api.github.com/repos/appium/appium/issues/584,closed,2013-05-13,2014-06-28,2013-05-14,8f8f80c1e443445a01962f77cc4558dfacd57c7d
OniOni,https://api.github.com/repos/appium/appium/pulls/581,https://api.github.com/repos/appium/appium/issues/581,closed,2013-05-13,2014-07-05,2013-05-13,18cd941a522a7bd59daa00b8e5a393808cb8faee
penguinho,https://api.github.com/repos/appium/appium/pulls/579,https://api.github.com/repos/appium/appium/issues/579,closed,2013-05-13,2014-07-05,2013-05-13,e41b162b1123fbca9ef9504fe002cfc88f24ee82
penguinho,https://api.github.com/repos/appium/appium/pulls/575,https://api.github.com/repos/appium/appium/issues/575,closed,2013-05-12,2014-07-05,2013-05-13,0ef3d9eab1b9944d9fe20f6ae5d949292222f3f0
DylanLacey,https://api.github.com/repos/appium/appium/pulls/573,https://api.github.com/repos/appium/appium/issues/573,closed,2013-05-10,2014-07-05,2013-05-16,d82c7480779850d22ef982e16dc62180fad43b6e
bootstraponline,https://api.github.com/repos/appium/appium/pulls/572,https://api.github.com/repos/appium/appium/issues/572,closed,2013-05-10,2014-07-05,2013-05-10,a3a5d0cce70744edc4d9761a127a09d77661e025
snevesbarros,https://api.github.com/repos/appium/appium/pulls/571,https://api.github.com/repos/appium/appium/issues/571,closed,2013-05-10,2014-07-05,2013-05-10,720715e77374da2995c634bdc9bbc93fdfd105f6
bootstraponline,https://api.github.com/repos/appium/appium/pulls/570,https://api.github.com/repos/appium/appium/issues/570,closed,2013-05-10,2014-06-19,2013-05-10,766283f27bfcd5cb70d0ece8f055aec70b5f72c2
maudineormsby,https://api.github.com/repos/appium/appium/pulls/568,https://api.github.com/repos/appium/appium/issues/568,closed,2013-05-09,2014-07-05,2013-05-09,c40a5e373d5368f5b70a88f293a2b90b271c9ecd
OniOni,https://api.github.com/repos/appium/appium/pulls/565,https://api.github.com/repos/appium/appium/issues/565,closed,2013-05-09,2014-06-30,2013-05-10,2f3cc69673ac9af75d849e34c1ba4cf64f2a9efc
jlipps,https://api.github.com/repos/appium/appium/pulls/563,https://api.github.com/repos/appium/appium/issues/563,closed,2013-05-09,2014-07-05,2013-05-09,5f68f9732edea817f358f9cfe4f60201c78a0418
snevesbarros,https://api.github.com/repos/appium/appium/pulls/562,https://api.github.com/repos/appium/appium/issues/562,closed,2013-05-09,2014-06-26,2013-05-22,c8087309107d40476f056b03434fdffc275fa0cb
jlipps,https://api.github.com/repos/appium/appium/pulls/559,https://api.github.com/repos/appium/appium/issues/559,closed,2013-05-09,2014-07-05,2013-05-09,21c67c7ad41af767084b564af47e33a2c12027d5
OniOni,https://api.github.com/repos/appium/appium/pulls/558,https://api.github.com/repos/appium/appium/issues/558,closed,2013-05-09,2014-07-05,2013-05-09,0a38ae0cb315a924c069415ae8fa14312135d95f
OniOni,https://api.github.com/repos/appium/appium/pulls/557,https://api.github.com/repos/appium/appium/issues/557,closed,2013-05-09,2014-07-05,2013-05-09,8d3d63adc20ca9dfbc6b8cb2c4e28b879f78fbc3
OniOni,https://api.github.com/repos/appium/appium/pulls/556,https://api.github.com/repos/appium/appium/issues/556,closed,2013-05-08,2014-07-05,,6b09f084b7af54269134394f6df3cda783ae532f
jlipps,https://api.github.com/repos/appium/appium/pulls/555,https://api.github.com/repos/appium/appium/issues/555,closed,2013-05-08,2014-06-18,2013-05-08,3f9606d249ee2c8413a3a7288b2819f590ce726c
bootstraponline,https://api.github.com/repos/appium/appium/pulls/553,https://api.github.com/repos/appium/appium/issues/553,closed,2013-05-08,2014-07-05,,48cd5ed3e56bd956251ce69293139ce80b128efd
vinhquang,https://api.github.com/repos/appium/appium/pulls/549,https://api.github.com/repos/appium/appium/issues/549,closed,2013-05-08,2014-07-05,2013-05-08,5eb12688ccd8a12d7f55cea9b36edc095e67cf5c
jlipps,https://api.github.com/repos/appium/appium/pulls/548,https://api.github.com/repos/appium/appium/issues/548,closed,2013-05-07,2014-07-05,2013-05-08,a6cbc608927df65cda99720d71a4318e294a575a
jlipps,https://api.github.com/repos/appium/appium/pulls/547,https://api.github.com/repos/appium/appium/issues/547,closed,2013-05-07,2014-07-05,2013-05-07,864e6c1b4b053ad8197093e59c4fcf2b464cc9c1
bootstraponline,https://api.github.com/repos/appium/appium/pulls/542,https://api.github.com/repos/appium/appium/issues/542,closed,2013-05-07,2014-06-14,2013-05-07,072b8d8982a90818bfb2674ca611017e08255987
DylanLacey,https://api.github.com/repos/appium/appium/pulls/535,https://api.github.com/repos/appium/appium/issues/535,closed,2013-05-07,2014-07-05,2013-05-07,cf9f34f155cd804c4c91d8abd426b3f3e99355c8
jlipps,https://api.github.com/repos/appium/appium/pulls/534,https://api.github.com/repos/appium/appium/issues/534,closed,2013-05-07,2014-07-05,2013-05-07,d85d6c709c50157df138019a55e5abe8cd34fa30
penguinho,https://api.github.com/repos/appium/appium/pulls/533,https://api.github.com/repos/appium/appium/issues/533,closed,2013-05-06,2014-07-05,2013-05-07,8e908c20484c86b965d6aaace5d9d9cf173b0da3
maudineormsby,https://api.github.com/repos/appium/appium/pulls/532,https://api.github.com/repos/appium/appium/issues/532,closed,2013-05-06,2014-07-05,2013-05-07,e19244b9a91e0f9579e5585f356efdc41f33c53b
jlipps,https://api.github.com/repos/appium/appium/pulls/530,https://api.github.com/repos/appium/appium/issues/530,closed,2013-05-06,2014-07-05,2013-05-07,95ad75495856c6662b4023042ddd67d4b7c6ecb2
bootstraponline,https://api.github.com/repos/appium/appium/pulls/529,https://api.github.com/repos/appium/appium/issues/529,closed,2013-05-06,2014-07-05,2013-05-06,4968477cbea2fd30d89e7455453a32263827363f
jlipps,https://api.github.com/repos/appium/appium/pulls/527,https://api.github.com/repos/appium/appium/issues/527,closed,2013-05-06,2014-07-05,2013-05-06,2f3a34e138df972f08630cf7ac5946a3f1d181ab
bootstraponline,https://api.github.com/repos/appium/appium/pulls/526,https://api.github.com/repos/appium/appium/issues/526,closed,2013-05-06,2014-07-05,,cd41ca8f9ec55cbb78d8b1aa7a56d16987ccea7c
penguinho,https://api.github.com/repos/appium/appium/pulls/523,https://api.github.com/repos/appium/appium/issues/523,closed,2013-05-05,2014-07-05,2013-05-06,4ebfdf389fd60b737df9b9d92777649ccc02ba2f
jlipps,https://api.github.com/repos/appium/appium/pulls/522,https://api.github.com/repos/appium/appium/issues/522,closed,2013-05-03,2014-07-05,2013-05-06,d510c8eaba4f57adc488b2db8a789251b7f51b66
sah,https://api.github.com/repos/appium/appium/pulls/518,https://api.github.com/repos/appium/appium/issues/518,closed,2013-05-03,2014-07-05,2013-05-03,c08be0a93af49f1c45600b50493db1a0c0d6c626
penguinho,https://api.github.com/repos/appium/appium/pulls/517,https://api.github.com/repos/appium/appium/issues/517,closed,2013-05-03,2014-07-05,2013-05-03,23ca51d4164866a467f33a2766e8c4a838974933
penguinho,https://api.github.com/repos/appium/appium/pulls/516,https://api.github.com/repos/appium/appium/issues/516,closed,2013-05-03,2014-07-05,2013-05-03,acd66de3b7aa513cd80a8e35a07709d25e590697
jlipps,https://api.github.com/repos/appium/appium/pulls/515,https://api.github.com/repos/appium/appium/issues/515,closed,2013-05-03,2014-07-05,2013-05-03,434867ba6e47e3710768cdb8ba4362d589d9f7bc
bootstraponline,https://api.github.com/repos/appium/appium/pulls/514,https://api.github.com/repos/appium/appium/issues/514,closed,2013-05-03,2014-06-12,2013-05-03,571419164d3faddd52a3adab1ce1c44613fa472c
bootstraponline,https://api.github.com/repos/appium/appium/pulls/505,https://api.github.com/repos/appium/appium/issues/505,closed,2013-05-02,2014-07-05,2013-05-02,fec83f9329354561dcedc4992ae1d37bd7688032
penguinho,https://api.github.com/repos/appium/appium/pulls/499,https://api.github.com/repos/appium/appium/issues/499,closed,2013-04-30,2014-07-05,2013-04-30,bb556a08431c1e8d7c80affd3e3a22d1d4178d9a
bootstraponline,https://api.github.com/repos/appium/appium/pulls/498,https://api.github.com/repos/appium/appium/issues/498,closed,2013-04-30,2014-06-19,2013-04-30,a8bb76a0e6216ffac8629f70bc69fd97d8c393f3
jlipps,https://api.github.com/repos/appium/appium/pulls/496,https://api.github.com/repos/appium/appium/issues/496,closed,2013-04-30,2014-07-05,2013-04-30,d8a4d8a95518137b41d0a6a8243a1f8f055f9c4d
bootstraponline,https://api.github.com/repos/appium/appium/pulls/495,https://api.github.com/repos/appium/appium/issues/495,closed,2013-04-30,2014-07-05,2013-04-30,c058dd90442b09fc1ca51bf264acae259e615574
bootstraponline,https://api.github.com/repos/appium/appium/pulls/494,https://api.github.com/repos/appium/appium/issues/494,closed,2013-04-30,2014-07-05,2013-04-30,4739456b75387cbce7575ea73a69076f591f3689
jlipps,https://api.github.com/repos/appium/appium/pulls/493,https://api.github.com/repos/appium/appium/issues/493,closed,2013-04-30,2014-06-27,2013-04-30,83d5e4632aa8581a324069bf5e208ce43a731734
xuru,https://api.github.com/repos/appium/appium/pulls/491,https://api.github.com/repos/appium/appium/issues/491,closed,2013-04-30,2014-07-02,2013-04-30,619e93077ad88a96ef603ac81987cd20a680f6c4
bootstraponline,https://api.github.com/repos/appium/appium/pulls/489,https://api.github.com/repos/appium/appium/issues/489,closed,2013-04-29,2014-06-13,2013-04-29,2691e3c1f1643078977740437681db779189e2f8
bootstraponline,https://api.github.com/repos/appium/appium/pulls/488,https://api.github.com/repos/appium/appium/issues/488,closed,2013-04-29,2014-07-05,2013-04-29,25b5d5bbe243d429cc4fb2cc387dc2226b503abb
dawogfather,https://api.github.com/repos/appium/appium/pulls/485,https://api.github.com/repos/appium/appium/issues/485,closed,2013-04-29,2014-06-12,2013-04-29,7816ec527b00f438a903cc630a5c08b8a45bbd2a
xuru,https://api.github.com/repos/appium/appium/pulls/484,https://api.github.com/repos/appium/appium/issues/484,closed,2013-04-28,2014-07-05,2013-04-29,0f44e5a9ef2cb434dcb723e7defa5fac4ef928b0
xuru,https://api.github.com/repos/appium/appium/pulls/482,https://api.github.com/repos/appium/appium/issues/482,closed,2013-04-28,2014-07-05,,e3ca83db3d75354a0d5e44aba0d3268608d47ca9
xuru,https://api.github.com/repos/appium/appium/pulls/477,https://api.github.com/repos/appium/appium/issues/477,closed,2013-04-25,2014-06-12,2013-04-27,095b4242c4372859fd1fd0151d96d6d0f4a42ce8
xuru,https://api.github.com/repos/appium/appium/pulls/476,https://api.github.com/repos/appium/appium/issues/476,closed,2013-04-25,2014-07-05,,f70a5764e86928b884dab5d44698993558713410
maudineormsby,https://api.github.com/repos/appium/appium/pulls/471,https://api.github.com/repos/appium/appium/issues/471,closed,2013-04-23,2014-07-05,2013-04-23,3db4bce3185b23f1ba8005aa5a91ae3be5f299cf
bootstraponline,https://api.github.com/repos/appium/appium/pulls/466,https://api.github.com/repos/appium/appium/issues/466,closed,2013-04-22,2014-07-05,2013-04-23,cda89c4d091848577f924c1dc2bc5313ffd3a667
xuru,https://api.github.com/repos/appium/appium/pulls/464,https://api.github.com/repos/appium/appium/issues/464,closed,2013-04-21,2014-07-05,,095bf54969669543f4eda7d288377d1d4c7fe98f
OniOni,https://api.github.com/repos/appium/appium/pulls/463,https://api.github.com/repos/appium/appium/issues/463,closed,2013-04-20,2014-06-12,2013-04-23,cd924a0743c8c809395d504cdc0e224b04126983
OniOni,https://api.github.com/repos/appium/appium/pulls/460,https://api.github.com/repos/appium/appium/issues/460,closed,2013-04-19,2014-07-05,2013-04-19,a511861b4eada2217df292fdef46548c328958ff
jlipps,https://api.github.com/repos/appium/appium/pulls/459,https://api.github.com/repos/appium/appium/issues/459,closed,2013-04-19,2014-07-05,2013-04-19,1f558b748f617e59acb6cfb46407d4819aec55c7
bootstraponline,https://api.github.com/repos/appium/appium/pulls/458,https://api.github.com/repos/appium/appium/issues/458,closed,2013-04-19,2014-07-05,2013-04-19,e801691c50c03899dd6dcd0dc553feb4a5fcc169
bootstraponline,https://api.github.com/repos/appium/appium/pulls/453,https://api.github.com/repos/appium/appium/issues/453,closed,2013-04-18,2014-07-05,2013-04-18,b35d41282e336f5af03505a61cfd060441d891da
bootstraponline,https://api.github.com/repos/appium/appium/pulls/449,https://api.github.com/repos/appium/appium/issues/449,closed,2013-04-17,2014-07-05,2013-04-17,02d21660b0566e85f085ad1aa4eec158fed6a695
bootstraponline,https://api.github.com/repos/appium/appium/pulls/448,https://api.github.com/repos/appium/appium/issues/448,closed,2013-04-17,2014-07-05,2013-04-17,d688f840616206d16343ae95058c0684633a6126
OniOni,https://api.github.com/repos/appium/appium/pulls/446,https://api.github.com/repos/appium/appium/issues/446,closed,2013-04-16,2014-07-05,2013-04-16,7536e88050f2cd1171a78dfc9cad9aeb82e45013
jlipps,https://api.github.com/repos/appium/appium/pulls/442,https://api.github.com/repos/appium/appium/issues/442,closed,2013-04-16,2014-07-05,2013-04-16,657d68e52bff1399c40b494a78dc3015c3b4d498
jlipps,https://api.github.com/repos/appium/appium/pulls/441,https://api.github.com/repos/appium/appium/issues/441,closed,2013-04-15,2014-07-05,2013-04-15,c11d0abc63b41a0441e01788229a04ccc71d6c0b
bootstraponline,https://api.github.com/repos/appium/appium/pulls/440,https://api.github.com/repos/appium/appium/issues/440,closed,2013-04-15,2014-07-05,2013-04-15,31accca697398728ba4a16308094f078cb85da47
jlipps,https://api.github.com/repos/appium/appium/pulls/438,https://api.github.com/repos/appium/appium/issues/438,closed,2013-04-15,2014-07-05,2013-04-15,739cff2dc564e939a7a306d53bbb3849d3b179b0
jlipps,https://api.github.com/repos/appium/appium/pulls/433,https://api.github.com/repos/appium/appium/issues/433,closed,2013-04-12,2014-06-24,2013-04-12,31fd83b6e8c08f6b14761bda5cc12c0ab70231e0
bootstraponline,https://api.github.com/repos/appium/appium/pulls/431,https://api.github.com/repos/appium/appium/issues/431,closed,2013-04-11,2014-07-05,2013-04-11,0f2ac643e01438ce32788bfb6c73fc0bc2ef1afc
jlipps,https://api.github.com/repos/appium/appium/pulls/428,https://api.github.com/repos/appium/appium/issues/428,closed,2013-04-10,2014-07-05,2013-04-10,be8d5ae6998ca4d26285c9ad0fc9f8e96d87aa83
jlipps,https://api.github.com/repos/appium/appium/pulls/427,https://api.github.com/repos/appium/appium/issues/427,closed,2013-04-10,2014-07-05,2013-04-10,b020861852a1109f7d9a1bc7e389225260be825d
bootstraponline,https://api.github.com/repos/appium/appium/pulls/426,https://api.github.com/repos/appium/appium/issues/426,closed,2013-04-10,2014-07-05,,e1608884a266a79992d6abe4a5bf436e0226425a
jlipps,https://api.github.com/repos/appium/appium/pulls/425,https://api.github.com/repos/appium/appium/issues/425,closed,2013-04-10,2014-07-05,2013-04-10,983d1fa42b1b23ff2ddfafab74131fac43d5b1e2
jlipps,https://api.github.com/repos/appium/appium/pulls/422,https://api.github.com/repos/appium/appium/issues/422,closed,2013-04-10,2014-07-05,2013-04-10,224b41ced02a8b6137eec4d238dd75ab60c53722
bootstraponline,https://api.github.com/repos/appium/appium/pulls/421,https://api.github.com/repos/appium/appium/issues/421,closed,2013-04-10,2014-07-05,2013-04-10,2b48031e513b56b93f399ce84cf075181c85c663
xuru,https://api.github.com/repos/appium/appium/pulls/420,https://api.github.com/repos/appium/appium/issues/420,closed,2013-04-10,2014-07-05,2013-04-10,54e778f35d2d125f906aa7a7deb8ea352a1c90be
pradeepbishnoi,https://api.github.com/repos/appium/appium/pulls/418,https://api.github.com/repos/appium/appium/issues/418,closed,2013-04-10,2014-07-05,,1deeb6300f65cafabed5872ec48864f95dc156df
xuru,https://api.github.com/repos/appium/appium/pulls/416,https://api.github.com/repos/appium/appium/issues/416,closed,2013-04-10,2014-06-15,,1ec6fde744c570e7d9f2771bdc624b68b2a69bc6
jlipps,https://api.github.com/repos/appium/appium/pulls/413,https://api.github.com/repos/appium/appium/issues/413,closed,2013-04-09,2014-07-05,2013-04-09,07ddbe3b61bd952a71a8fe0806f6f59479e243c5
bootstraponline,https://api.github.com/repos/appium/appium/pulls/412,https://api.github.com/repos/appium/appium/issues/412,closed,2013-04-09,2014-06-13,2013-04-09,1f56a0f26e2cd3868d30aafb11d630a1bce85ae1
jlipps,https://api.github.com/repos/appium/appium/pulls/411,https://api.github.com/repos/appium/appium/issues/411,closed,2013-04-09,2014-07-05,2013-04-09,66037ce93e5184351122b8f01ba7f8006e81ea2c
bootstraponline,https://api.github.com/repos/appium/appium/pulls/409,https://api.github.com/repos/appium/appium/issues/409,closed,2013-04-09,2014-06-13,2013-04-09,50d9ec2c6f00af1d452a789306340e199ec53c0b
jlipps,https://api.github.com/repos/appium/appium/pulls/406,https://api.github.com/repos/appium/appium/issues/406,closed,2013-04-09,2014-07-05,2013-04-09,f2bc01d2d8a346d63559309a4e6600f63929feb0
jlipps,https://api.github.com/repos/appium/appium/pulls/405,https://api.github.com/repos/appium/appium/issues/405,closed,2013-04-09,2014-07-05,2013-04-09,4dcf327c3006b7b6a761123fcf3b7d164ae83834
jlipps,https://api.github.com/repos/appium/appium/pulls/404,https://api.github.com/repos/appium/appium/issues/404,closed,2013-04-08,2014-07-05,2013-04-08,7f9e1a99021b1bd00b90e7770cd5f607473539dc
jlipps,https://api.github.com/repos/appium/appium/pulls/403,https://api.github.com/repos/appium/appium/issues/403,closed,2013-04-08,2014-06-16,2013-04-08,99194ec4f4db4325ca236462c9047891d11f001f
xuru,https://api.github.com/repos/appium/appium/pulls/402,https://api.github.com/repos/appium/appium/issues/402,closed,2013-04-08,2014-07-05,2013-04-08,a7c7d28cc03740279b29606bb12d3083bd83f7b2
jlipps,https://api.github.com/repos/appium/appium/pulls/401,https://api.github.com/repos/appium/appium/issues/401,closed,2013-04-08,2014-07-05,2013-04-08,e1d1200ef1c70c67ea0d87ed1ec56e977b039857
penguinho,https://api.github.com/repos/appium/appium/pulls/399,https://api.github.com/repos/appium/appium/issues/399,closed,2013-04-08,2014-07-05,2013-04-08,5f47df7276e6cb3a5424ec4f6394c5916641f6e7
bootstraponline,https://api.github.com/repos/appium/appium/pulls/398,https://api.github.com/repos/appium/appium/issues/398,closed,2013-04-08,2014-06-15,2013-04-09,addeb7b2e8086df308aef523360eb1510b117d8b
jlipps,https://api.github.com/repos/appium/appium/pulls/397,https://api.github.com/repos/appium/appium/issues/397,closed,2013-04-08,2014-07-05,2013-04-08,d1fb7b8da725e011063aabefc3c28ab06a067857
xuru,https://api.github.com/repos/appium/appium/pulls/394,https://api.github.com/repos/appium/appium/issues/394,closed,2013-04-08,2014-06-14,2013-04-08,c1a7f336ad483986f402fb82d2f749c720065312
jlipps,https://api.github.com/repos/appium/appium/pulls/391,https://api.github.com/repos/appium/appium/issues/391,closed,2013-04-05,2014-06-15,2013-04-05,a1321b47a76ba499ba52fd565f9bd17e43d02597
omireault,https://api.github.com/repos/appium/appium/pulls/390,https://api.github.com/repos/appium/appium/issues/390,closed,2013-04-05,2014-07-05,2013-04-05,a76bee58153bf127094824ad2a914e6dbd264912
jlipps,https://api.github.com/repos/appium/appium/pulls/389,https://api.github.com/repos/appium/appium/issues/389,closed,2013-04-05,2014-07-05,2013-04-05,592b170cb0d621cbb1adfb13360c36a6a136e7b7
omireault,https://api.github.com/repos/appium/appium/pulls/386,https://api.github.com/repos/appium/appium/issues/386,closed,2013-04-05,2014-07-05,,ce9f1b5f65f27017a50b644bccf93039e4063f75
jlipps,https://api.github.com/repos/appium/appium/pulls/385,https://api.github.com/repos/appium/appium/issues/385,closed,2013-04-05,2014-07-05,2013-04-05,2d2c541fbf9e1db7020bc282fc58c0cc52117afa
jlipps,https://api.github.com/repos/appium/appium/pulls/384,https://api.github.com/repos/appium/appium/issues/384,closed,2013-04-05,2014-07-05,2013-04-05,271745268379e6324e9ce69cc5aa0d8e811915e4
bootstraponline,https://api.github.com/repos/appium/appium/pulls/381,https://api.github.com/repos/appium/appium/issues/381,closed,2013-04-04,2014-07-05,2013-04-05,d82bcf443423f6a3cb30900bab172b66e6d4c3b2
jlipps,https://api.github.com/repos/appium/appium/pulls/380,https://api.github.com/repos/appium/appium/issues/380,closed,2013-04-04,2014-07-05,2013-04-04,d5cde294fc3ea5a3f249761d75a8b62e8f645758
bootstraponline,https://api.github.com/repos/appium/appium/pulls/378,https://api.github.com/repos/appium/appium/issues/378,closed,2013-04-04,2014-07-05,2013-04-04,64da5540b7cbe3cf5c1398d320bdb206d91424e7
jlipps,https://api.github.com/repos/appium/appium/pulls/377,https://api.github.com/repos/appium/appium/issues/377,closed,2013-04-03,2014-06-15,2013-04-03,a72546669b68fd687c45e18e185036489fe41ae9
bootstraponline,https://api.github.com/repos/appium/appium/pulls/376,https://api.github.com/repos/appium/appium/issues/376,closed,2013-04-03,2014-07-05,2013-04-03,4acb7b79e59c66e79cd8a54bfba4ca907456ddd1
bootstraponline,https://api.github.com/repos/appium/appium/pulls/373,https://api.github.com/repos/appium/appium/issues/373,closed,2013-04-03,2014-07-05,2013-04-03,509d9d86ab865fd615d35674693e960486e40fa9
jlipps,https://api.github.com/repos/appium/appium/pulls/370,https://api.github.com/repos/appium/appium/issues/370,closed,2013-04-02,2014-06-14,2013-04-02,d6c1a86705c5acdb14cccf460280d92c99acd99b
bootstraponline,https://api.github.com/repos/appium/appium/pulls/368,https://api.github.com/repos/appium/appium/issues/368,closed,2013-04-02,2014-06-16,2013-04-02,9a36fddbbc75a5a1e8197d32df3ad28ce465f1ac
jlipps,https://api.github.com/repos/appium/appium/pulls/367,https://api.github.com/repos/appium/appium/issues/367,closed,2013-04-02,2014-07-05,2013-04-02,394b0b1e28f00c670dd83afde822a695d223b47b
xuru,https://api.github.com/repos/appium/appium/pulls/366,https://api.github.com/repos/appium/appium/issues/366,closed,2013-04-02,2014-07-05,,0a814fbeca914beb24236e4358f382acf516d699
maudineormsby,https://api.github.com/repos/appium/appium/pulls/364,https://api.github.com/repos/appium/appium/issues/364,closed,2013-04-02,2014-07-05,2013-04-02,2518d54c718e2d9b6adbf2c894c4d2402dd721b0
jlipps,https://api.github.com/repos/appium/appium/pulls/363,https://api.github.com/repos/appium/appium/issues/363,closed,2013-04-02,2014-06-12,2013-04-02,f4b9dc3c2457ce5a0a681825662f43bd1e9ce7a4
jlipps,https://api.github.com/repos/appium/appium/pulls/362,https://api.github.com/repos/appium/appium/issues/362,closed,2013-04-02,2014-07-05,2013-04-02,5d8225d97b86b9187acacb64e769fbd6abcb11af
jlipps,https://api.github.com/repos/appium/appium/pulls/361,https://api.github.com/repos/appium/appium/issues/361,closed,2013-04-01,2014-06-23,2013-04-01,99d14a3e732cbc552eae24e15be56b966c4877b9
rossrowe,https://api.github.com/repos/appium/appium/pulls/359,https://api.github.com/repos/appium/appium/issues/359,closed,2013-04-01,2014-07-05,2013-04-01,3bf54ef2a3306419c50153ce5796ac49ee48e09d
bootstraponline,https://api.github.com/repos/appium/appium/pulls/356,https://api.github.com/repos/appium/appium/issues/356,closed,2013-03-31,2014-07-03,2013-04-01,266f4f5cd7a15e292aa23e5a8f728545308c4331
sourishkrout,https://api.github.com/repos/appium/appium/pulls/355,https://api.github.com/repos/appium/appium/issues/355,closed,2013-03-29,2014-07-05,2013-03-29,c9f1039c49ae29160233b1077f87cb8f2e58c381
bootstraponline,https://api.github.com/repos/appium/appium/pulls/350,https://api.github.com/repos/appium/appium/issues/350,closed,2013-03-28,2014-07-05,2013-03-28,25ab39ba6e004705fb5e6e42fd5a36360cac97d1
jlipps,https://api.github.com/repos/appium/appium/pulls/346,https://api.github.com/repos/appium/appium/issues/346,closed,2013-03-28,2014-07-05,2013-03-28,7d38e9afb5ee72262c03b298f0a8177ac5a602ce
penguinho,https://api.github.com/repos/appium/appium/pulls/345,https://api.github.com/repos/appium/appium/issues/345,closed,2013-03-27,2014-07-05,2013-03-27,11c9808a5df34852f6062e41e4f1d4ceae95513c
xuru,https://api.github.com/repos/appium/appium/pulls/344,https://api.github.com/repos/appium/appium/issues/344,closed,2013-03-27,2014-06-28,,d804474a8ef03b5bcdaeb33f899c82042ac08df8
jlipps,https://api.github.com/repos/appium/appium/pulls/342,https://api.github.com/repos/appium/appium/issues/342,closed,2013-03-27,2014-06-14,2013-03-27,bf39d07c9361849bb1dce97124040da16e886765
xuru,https://api.github.com/repos/appium/appium/pulls/341,https://api.github.com/repos/appium/appium/issues/341,closed,2013-03-27,2014-06-14,2013-03-27,5fc4f68281597740b6975bced8bfbe50416dc3a3
bootstraponline,https://api.github.com/repos/appium/appium/pulls/340,https://api.github.com/repos/appium/appium/issues/340,closed,2013-03-27,2014-07-05,2013-03-27,b04163cc072145db06ef54eb5aefd2b9fa6aef6c
bootstraponline,https://api.github.com/repos/appium/appium/pulls/339,https://api.github.com/repos/appium/appium/issues/339,closed,2013-03-27,2014-07-05,2013-03-27,f154418245fe977fe4b5b49e095a6189db923a66
jlipps,https://api.github.com/repos/appium/appium/pulls/337,https://api.github.com/repos/appium/appium/issues/337,closed,2013-03-27,2014-07-05,2013-03-27,5d44ba6c50bd8ae00820aa2c99e5cc15b8342feb
sourishkrout,https://api.github.com/repos/appium/appium/pulls/336,https://api.github.com/repos/appium/appium/issues/336,closed,2013-03-27,2014-06-20,2013-03-27,e0a8e8dc2c346d8f5dfbc63ee767cd634ff216f5
xuru,https://api.github.com/repos/appium/appium/pulls/335,https://api.github.com/repos/appium/appium/issues/335,closed,2013-03-27,2014-07-05,,1a24fda225214aaaf9f20dcef369fca98ebf0575
bootstraponline,https://api.github.com/repos/appium/appium/pulls/334,https://api.github.com/repos/appium/appium/issues/334,closed,2013-03-26,2014-07-05,2013-03-26,11002f0b3760bf93f5948c6a8644c8b03610925d
jlipps,https://api.github.com/repos/appium/appium/pulls/333,https://api.github.com/repos/appium/appium/issues/333,closed,2013-03-26,2014-07-05,2013-03-26,a7fb355352407b02781380f43e71427b01ed9130
jlipps,https://api.github.com/repos/appium/appium/pulls/329,https://api.github.com/repos/appium/appium/issues/329,closed,2013-03-25,2014-07-05,2013-03-26,9f4befefdc9903d9b997aa5783b074c4594e8bed
maudineormsby,https://api.github.com/repos/appium/appium/pulls/328,https://api.github.com/repos/appium/appium/issues/328,closed,2013-03-25,2014-07-05,2013-03-25,54d8dd8192fac92909dc29e17cbf81911b5c4afa
jlipps,https://api.github.com/repos/appium/appium/pulls/327,https://api.github.com/repos/appium/appium/issues/327,closed,2013-03-25,2014-07-05,2013-03-25,06006bb7f6b3bff7ce544bcdab6ac1dfee727809
bootstraponline,https://api.github.com/repos/appium/appium/pulls/326,https://api.github.com/repos/appium/appium/issues/326,closed,2013-03-25,2014-06-12,2013-03-25,177e0186ebe099eb32a81001a1dccdddb701bc7c
bootstraponline,https://api.github.com/repos/appium/appium/pulls/323,https://api.github.com/repos/appium/appium/issues/323,closed,2013-03-25,2014-07-05,2013-03-25,8fd75d746c0a4922bd088c1480c729771b7d866a
bootstraponline,https://api.github.com/repos/appium/appium/pulls/321,https://api.github.com/repos/appium/appium/issues/321,closed,2013-03-25,2014-06-19,2013-03-25,a44112a4d0e878ec7c7f9f886f2eb053aa937781
bootstraponline,https://api.github.com/repos/appium/appium/pulls/320,https://api.github.com/repos/appium/appium/issues/320,closed,2013-03-25,2014-07-05,2013-03-25,9b9a9724a1f7dcbf229254e13fa7240fc9d144f2
bootstraponline,https://api.github.com/repos/appium/appium/pulls/316,https://api.github.com/repos/appium/appium/issues/316,closed,2013-03-23,2014-07-05,2013-03-25,3bca84e883e1dc734cdb5bf79770f582169959ee
bootstraponline,https://api.github.com/repos/appium/appium/pulls/314,https://api.github.com/repos/appium/appium/issues/314,closed,2013-03-23,2014-07-05,2013-03-23,a735a89512fdca87f98f470ad41dc02c884ffc9c
bootstraponline,https://api.github.com/repos/appium/appium/pulls/312,https://api.github.com/repos/appium/appium/issues/312,closed,2013-03-23,2014-07-05,2013-03-23,b783d83f985c5d02436bdf5ce832a2f0b72b2911
jlipps,https://api.github.com/repos/appium/appium/pulls/311,https://api.github.com/repos/appium/appium/issues/311,closed,2013-03-23,2014-07-05,2013-03-23,00259a3e942d98640c959257115cd46d785785dd
bootstraponline,https://api.github.com/repos/appium/appium/pulls/310,https://api.github.com/repos/appium/appium/issues/310,closed,2013-03-22,2018-12-06,2013-03-22,d1da69bf1964d4e0e7c96f992d1dc9961b49a689
bootstraponline,https://api.github.com/repos/appium/appium/pulls/309,https://api.github.com/repos/appium/appium/issues/309,closed,2013-03-22,2014-06-13,2013-03-23,bc7ce6fa26897e902e667724d17ee296f2f5f3e8
bootstraponline,https://api.github.com/repos/appium/appium/pulls/308,https://api.github.com/repos/appium/appium/issues/308,closed,2013-03-22,2014-06-24,2013-03-23,92ab88f68394539c6827f00b22dff2f5d53f7889
jlipps,https://api.github.com/repos/appium/appium/pulls/303,https://api.github.com/repos/appium/appium/issues/303,closed,2013-03-21,2014-07-05,2013-03-22,1d5806ecd63059289cdecc20c6b01f75b1478419
bootstraponline,https://api.github.com/repos/appium/appium/pulls/298,https://api.github.com/repos/appium/appium/issues/298,closed,2013-03-21,2014-07-05,2013-03-22,2f7b098cb36006f6431008b402c425812d9d778b
jlipps,https://api.github.com/repos/appium/appium/pulls/297,https://api.github.com/repos/appium/appium/issues/297,closed,2013-03-21,2014-07-05,2013-03-21,aadb36841ac188ce56c92508ef049aefdd20afda
maudineormsby,https://api.github.com/repos/appium/appium/pulls/296,https://api.github.com/repos/appium/appium/issues/296,closed,2013-03-20,2014-07-05,2013-03-21,38774c54e235233813679fd20ccf66dcd3b00cfc
jlipps,https://api.github.com/repos/appium/appium/pulls/293,https://api.github.com/repos/appium/appium/issues/293,closed,2013-03-20,2014-07-05,2013-03-20,2c9d51eba9904bd32ab4ea12ae8588605d74fcc5
jlipps,https://api.github.com/repos/appium/appium/pulls/292,https://api.github.com/repos/appium/appium/issues/292,closed,2013-03-20,2014-07-05,2013-03-20,658871c9c26132cb85d170246e55f8dc92009695
jlipps,https://api.github.com/repos/appium/appium/pulls/289,https://api.github.com/repos/appium/appium/issues/289,closed,2013-03-20,2014-07-05,2013-03-20,25249613ad01dbf5750d65db53f79d7927ee3487
jlipps,https://api.github.com/repos/appium/appium/pulls/288,https://api.github.com/repos/appium/appium/issues/288,closed,2013-03-19,2014-07-05,2013-03-19,569da0b3ca39bd127a568f46ee3734fd7bc88a29
jlipps,https://api.github.com/repos/appium/appium/pulls/287,https://api.github.com/repos/appium/appium/issues/287,closed,2013-03-19,2014-06-15,2013-03-19,6be4c51906c305f5242601aec537d5e8fac30dba
maudineormsby,https://api.github.com/repos/appium/appium/pulls/286,https://api.github.com/repos/appium/appium/issues/286,closed,2013-03-19,2014-07-05,2013-03-19,58383ceb605f5d15015660626b5689d03ac401a8
jlipps,https://api.github.com/repos/appium/appium/pulls/285,https://api.github.com/repos/appium/appium/issues/285,closed,2013-03-19,2014-07-05,2013-03-19,74c1603d20d20d8c75659b7db77e7860b0569790
jlipps,https://api.github.com/repos/appium/appium/pulls/283,https://api.github.com/repos/appium/appium/issues/283,closed,2013-03-18,2014-07-05,2013-03-18,09ebcdd0815350adb7de2a54d25dbe2a0a030f60
bootstraponline,https://api.github.com/repos/appium/appium/pulls/282,https://api.github.com/repos/appium/appium/issues/282,closed,2013-03-18,2014-06-14,2013-03-18,4ebe87712361028650471093ffd93fdf43b7778a
bootstraponline,https://api.github.com/repos/appium/appium/pulls/281,https://api.github.com/repos/appium/appium/issues/281,closed,2013-03-18,2014-07-05,2013-03-18,4e482d25545f0b8071d61a5f8968595554fb55fe
jlipps,https://api.github.com/repos/appium/appium/pulls/279,https://api.github.com/repos/appium/appium/issues/279,closed,2013-03-18,2014-06-20,2013-03-18,92b3b12e15095c35256218b312e90b189124455f
bootstraponline,https://api.github.com/repos/appium/appium/pulls/277,https://api.github.com/repos/appium/appium/issues/277,closed,2013-03-16,2014-07-05,2013-03-16,5831b92ae172571e9c2f96a06b51fccdad55e76c
bootstraponline,https://api.github.com/repos/appium/appium/pulls/276,https://api.github.com/repos/appium/appium/issues/276,closed,2013-03-15,2014-06-18,2013-03-15,9f259f08a88f90d9c02d4cebc8e87da139efce18
maudineormsby,https://api.github.com/repos/appium/appium/pulls/274,https://api.github.com/repos/appium/appium/issues/274,closed,2013-03-15,2014-07-05,2013-03-15,02b2608c4d6cd39ba6c06b822ddc19fa6c38ec78
tokunbo,https://api.github.com/repos/appium/appium/pulls/272,https://api.github.com/repos/appium/appium/issues/272,closed,2013-03-14,2014-06-16,2013-03-15,ba2490600f64959b37bfdb7cb512e1ab6e6248a3
jlipps,https://api.github.com/repos/appium/appium/pulls/270,https://api.github.com/repos/appium/appium/issues/270,closed,2013-03-14,2014-06-26,2013-03-14,54f777a980f10830ed8b5076d1b6d8ad17f9abfd
bootstraponline,https://api.github.com/repos/appium/appium/pulls/267,https://api.github.com/repos/appium/appium/issues/267,closed,2013-03-14,2014-06-14,2013-03-15,ca94cc92646fa959e9535c7ebdfd700ffd7e6bd9
maudineormsby,https://api.github.com/repos/appium/appium/pulls/266,https://api.github.com/repos/appium/appium/issues/266,closed,2013-03-14,2014-06-19,2013-03-14,7a325bdb52c1cd974a4574748edfc7bd69f0da28
Rorosha,https://api.github.com/repos/appium/appium/pulls/265,https://api.github.com/repos/appium/appium/issues/265,closed,2013-03-14,2014-07-05,2013-03-14,5c8f7ae758f64b875ebc305a563d2fc65e104f47
jlipps,https://api.github.com/repos/appium/appium/pulls/264,https://api.github.com/repos/appium/appium/issues/264,closed,2013-03-13,2014-06-12,2013-03-13,90197355cfb629c2e246649dda7950461c8bde95
maudineormsby,https://api.github.com/repos/appium/appium/pulls/262,https://api.github.com/repos/appium/appium/issues/262,closed,2013-03-13,2014-07-05,2013-03-13,dcbe6f42cc3bf69bb28e0863270768800a631d13
jlipps,https://api.github.com/repos/appium/appium/pulls/261,https://api.github.com/repos/appium/appium/issues/261,closed,2013-03-13,2014-06-21,2013-03-13,b2e101f45d911507f379bb67370420f9f559d098
bootstraponline,https://api.github.com/repos/appium/appium/pulls/259,https://api.github.com/repos/appium/appium/issues/259,closed,2013-03-12,2014-06-16,2013-03-12,d8df3d39bb3fa640cf5e94e83b0532e2a689aac5
sah,https://api.github.com/repos/appium/appium/pulls/257,https://api.github.com/repos/appium/appium/issues/257,closed,2013-03-12,2014-07-05,2013-03-12,304361a161305672b95d3ea818ee5bc4dc394326
sah,https://api.github.com/repos/appium/appium/pulls/256,https://api.github.com/repos/appium/appium/issues/256,closed,2013-03-12,2014-06-26,2013-03-12,490f1ceed1a4537c667fb413768dc6274040f9d8
maudineormsby,https://api.github.com/repos/appium/appium/pulls/255,https://api.github.com/repos/appium/appium/issues/255,closed,2013-03-12,2014-07-05,2013-03-12,2121777c3b12cf0b28faea542c76c35087d097ca
jlipps,https://api.github.com/repos/appium/appium/pulls/252,https://api.github.com/repos/appium/appium/issues/252,closed,2013-03-09,2014-07-05,2013-03-09,061d5d859b057c8625aca1ab8e1b25f43df3186e
sah,https://api.github.com/repos/appium/appium/pulls/251,https://api.github.com/repos/appium/appium/issues/251,closed,2013-03-08,2014-07-05,2013-03-08,9d1c477fd6658d3a8d6c23bc7a5dd6f3e74150a7
jlipps,https://api.github.com/repos/appium/appium/pulls/250,https://api.github.com/repos/appium/appium/issues/250,closed,2013-03-08,2014-07-05,2013-03-08,3728be88d60f9b3e453606fc42a57c693f54042b
jlipps,https://api.github.com/repos/appium/appium/pulls/249,https://api.github.com/repos/appium/appium/issues/249,closed,2013-03-08,2014-07-05,2013-03-08,4a98bfbcc2c9fb65b383ace7a4d0d44aed753a97
penguinho,https://api.github.com/repos/appium/appium/pulls/248,https://api.github.com/repos/appium/appium/issues/248,closed,2013-03-08,2014-07-05,2013-03-09,2d7c59d0dc8544e17fb1b61e3a5fd9c22f93780b
jlipps,https://api.github.com/repos/appium/appium/pulls/246,https://api.github.com/repos/appium/appium/issues/246,closed,2013-03-07,2014-07-05,2013-03-07,7eb784877933d3dd130bad8df01450f6f9744bc0
jlipps,https://api.github.com/repos/appium/appium/pulls/239,https://api.github.com/repos/appium/appium/issues/239,closed,2013-03-07,2014-07-05,2013-03-07,d47b4fab37533c18fe67da2cb6ecb4c5713487fe
bootstraponline,https://api.github.com/repos/appium/appium/pulls/237,https://api.github.com/repos/appium/appium/issues/237,closed,2013-03-06,2014-07-05,2013-03-07,c60591cc39adc0431e9a838ef5143ccfdc7b2523
jlipps,https://api.github.com/repos/appium/appium/pulls/234,https://api.github.com/repos/appium/appium/issues/234,closed,2013-03-06,2014-07-05,2013-03-06,f66300ca73ac4011c954d8f43bb899941905bbf0
bootstraponline,https://api.github.com/repos/appium/appium/pulls/233,https://api.github.com/repos/appium/appium/issues/233,closed,2013-03-06,2014-06-12,2013-03-06,10fa77389624f2ec2b1c21847151129d38890829
jlipps,https://api.github.com/repos/appium/appium/pulls/232,https://api.github.com/repos/appium/appium/issues/232,closed,2013-03-06,2014-07-05,2013-03-06,cd27875b612649447aca024e02bd8b22603529ae
jlipps,https://api.github.com/repos/appium/appium/pulls/225,https://api.github.com/repos/appium/appium/issues/225,closed,2013-03-06,2014-07-05,2013-03-06,d1ec65064864978f5e5c609350adf3ae8e3c26d0
jlipps,https://api.github.com/repos/appium/appium/pulls/223,https://api.github.com/repos/appium/appium/issues/223,closed,2013-03-06,2014-06-19,2013-03-06,d3450ae73793c976550ed1b7250a3d738e7c9222
bootstraponline,https://api.github.com/repos/appium/appium/pulls/222,https://api.github.com/repos/appium/appium/issues/222,closed,2013-03-05,2014-07-05,2013-03-05,7a319404e901bcc799577f701c67ad1b276cba47
DylanLacey,https://api.github.com/repos/appium/appium/pulls/218,https://api.github.com/repos/appium/appium/issues/218,closed,2013-02-28,2014-07-05,2013-03-05,cb666abba9f632344e0098002b13a291e60b550e
bootstraponline,https://api.github.com/repos/appium/appium/pulls/217,https://api.github.com/repos/appium/appium/issues/217,closed,2013-02-27,2014-07-05,2013-02-27,2851bd2d7665a82e9173cf2ad2cee33ebf611fc3
maudineormsby,https://api.github.com/repos/appium/appium/pulls/216,https://api.github.com/repos/appium/appium/issues/216,closed,2013-02-27,2014-07-05,2013-02-27,53c0f1af568f1bfa728f6dc2d41a09050dd8c19b
jlipps,https://api.github.com/repos/appium/appium/pulls/211,https://api.github.com/repos/appium/appium/issues/211,closed,2013-02-26,2014-07-05,2013-02-26,fa096f939ec40f42dc3494c5f834bf5d3112a688
jlipps,https://api.github.com/repos/appium/appium/pulls/209,https://api.github.com/repos/appium/appium/issues/209,closed,2013-02-22,2014-07-05,2013-02-22,f342499dfc06c954da9c0c865decc00f136de342
jlipps,https://api.github.com/repos/appium/appium/pulls/208,https://api.github.com/repos/appium/appium/issues/208,closed,2013-02-22,2014-06-30,2013-02-22,05013981872e4da7e4836ff4ba32ceb78cbe4b63
jlipps,https://api.github.com/repos/appium/appium/pulls/204,https://api.github.com/repos/appium/appium/issues/204,closed,2013-02-21,2014-06-12,2013-02-21,9e4bc7a7aeae388d5ce69bd91d96ab53282b9c4b
bootstraponline,https://api.github.com/repos/appium/appium/pulls/203,https://api.github.com/repos/appium/appium/issues/203,closed,2013-02-20,2014-06-12,2013-02-20,792be29bad5ff682df851d021bea3320cf81226a
jlipps,https://api.github.com/repos/appium/appium/pulls/201,https://api.github.com/repos/appium/appium/issues/201,closed,2013-02-20,2014-06-18,2013-02-20,924eb88feb02423cd79d23f084213975cfae15fb
bootstraponline,https://api.github.com/repos/appium/appium/pulls/200,https://api.github.com/repos/appium/appium/issues/200,closed,2013-02-20,2014-07-05,2013-02-20,ff87f15e31a6c528d121f6438216dd1e3b6ba937
bootstraponline,https://api.github.com/repos/appium/appium/pulls/196,https://api.github.com/repos/appium/appium/issues/196,closed,2013-02-18,2014-07-05,2013-02-19,145dfc4e4c60054ce4d78e1d43b2d821dcb6a09d
bootstraponline,https://api.github.com/repos/appium/appium/pulls/195,https://api.github.com/repos/appium/appium/issues/195,closed,2013-02-18,2014-07-05,2013-02-18,99feae9bc2c8cb82d5d677327d6dcd45cbf6770d
jlipps,https://api.github.com/repos/appium/appium/pulls/194,https://api.github.com/repos/appium/appium/issues/194,closed,2013-02-16,2014-06-12,2013-02-16,56df970780d57671f336a9a01f655c8d0a16b75e
gaige,https://api.github.com/repos/appium/appium/pulls/190,https://api.github.com/repos/appium/appium/issues/190,closed,2013-02-14,2014-06-12,2013-02-14,0dfbd2c1e46872e3cc1ecdd21e4cea5a8739c656
bootstraponline,https://api.github.com/repos/appium/appium/pulls/189,https://api.github.com/repos/appium/appium/issues/189,closed,2013-02-14,2014-07-05,2013-02-14,27f8bb24b2b9baed5b11c8d563d5d153d7d9f2c1
jlipps,https://api.github.com/repos/appium/appium/pulls/188,https://api.github.com/repos/appium/appium/issues/188,closed,2013-02-14,2014-07-05,2013-02-14,ee9650eafa39c25a4699bd228a5b1437ed213d3f
bootstraponline,https://api.github.com/repos/appium/appium/pulls/187,https://api.github.com/repos/appium/appium/issues/187,closed,2013-02-14,2014-06-27,2013-02-14,d685a4d8c90e3e9322a185582220972fb34052aa
gaige,https://api.github.com/repos/appium/appium/pulls/186,https://api.github.com/repos/appium/appium/issues/186,closed,2013-02-14,2014-06-13,,cbd60623661f7338d7af711d3389ad35303abcb2
jlipps,https://api.github.com/repos/appium/appium/pulls/185,https://api.github.com/repos/appium/appium/issues/185,closed,2013-02-14,2014-06-20,2013-02-14,10fbe75cbbec15f8f66aede482161f93f7dd1a2a
jlipps,https://api.github.com/repos/appium/appium/pulls/184,https://api.github.com/repos/appium/appium/issues/184,closed,2013-02-14,2014-07-05,2013-02-14,7ae5097700a013b0786cf6c8a4c2e175d68f3f34
jlipps,https://api.github.com/repos/appium/appium/pulls/183,https://api.github.com/repos/appium/appium/issues/183,closed,2013-02-13,2014-06-26,2013-02-13,ee60a36c1ecfc59005b59f48fe54432e70d47a58
jlipps,https://api.github.com/repos/appium/appium/pulls/182,https://api.github.com/repos/appium/appium/issues/182,closed,2013-02-13,2014-07-05,2013-02-13,d2f93ad1e819991eb623976e79d8001b525becaf
bootstraponline,https://api.github.com/repos/appium/appium/pulls/181,https://api.github.com/repos/appium/appium/issues/181,closed,2013-02-13,2014-07-05,2013-02-13,12bccd86cd45c96a41c88704217131c50415436b
bootstraponline,https://api.github.com/repos/appium/appium/pulls/179,https://api.github.com/repos/appium/appium/issues/179,closed,2013-02-13,2014-07-05,,5d37f3976869005413c987d1730883df1e542fe2
sourishkrout,https://api.github.com/repos/appium/appium/pulls/178,https://api.github.com/repos/appium/appium/issues/178,closed,2013-02-13,2014-07-05,2013-02-13,e327f4bba2a59ed983d1c4409e0996440f7a6135
jlipps,https://api.github.com/repos/appium/appium/pulls/177,https://api.github.com/repos/appium/appium/issues/177,closed,2013-02-13,2014-07-05,2013-02-13,5e77b19041b95126ed22084a8f0db1da01c3b024
jlipps,https://api.github.com/repos/appium/appium/pulls/171,https://api.github.com/repos/appium/appium/issues/171,closed,2013-02-12,2014-07-05,2013-02-12,0a158e853dc434ce4fd4e8d5e38c4d436c15eea7
penguinho,https://api.github.com/repos/appium/appium/pulls/168,https://api.github.com/repos/appium/appium/issues/168,closed,2013-02-12,2014-07-05,2013-02-12,dce01b0ae91e2b2491f070cd94de2d7335e26440
jlipps,https://api.github.com/repos/appium/appium/pulls/167,https://api.github.com/repos/appium/appium/issues/167,closed,2013-02-12,2014-06-26,2013-02-12,5241901bd2d7e8b8de98bece1ee9b105946e89da
jlipps,https://api.github.com/repos/appium/appium/pulls/166,https://api.github.com/repos/appium/appium/issues/166,closed,2013-02-12,2014-07-05,2013-02-12,77f936398402fc82dd6dba724244cfada50a1409
penguinho,https://api.github.com/repos/appium/appium/pulls/165,https://api.github.com/repos/appium/appium/issues/165,closed,2013-02-12,2014-07-05,2013-02-12,d24682a31621f7086e03c82b5209a82f39c076ec
jlipps,https://api.github.com/repos/appium/appium/pulls/164,https://api.github.com/repos/appium/appium/issues/164,closed,2013-02-12,2014-07-05,2013-02-12,25893544b71857276cc2bb31f6259cddbcc49374
jlipps,https://api.github.com/repos/appium/appium/pulls/162,https://api.github.com/repos/appium/appium/issues/162,closed,2013-02-12,2014-07-05,2013-02-12,ff4f4840772ec26ca581999c2eb2d90d34586149
jlipps,https://api.github.com/repos/appium/appium/pulls/159,https://api.github.com/repos/appium/appium/issues/159,closed,2013-02-12,2014-07-05,2013-02-12,796668b551bb1c9a45d4cf7a73a6741b93c15e74
jlipps,https://api.github.com/repos/appium/appium/pulls/158,https://api.github.com/repos/appium/appium/issues/158,closed,2013-02-12,2014-07-05,2013-02-12,f4b767d060c915033b7de129344f900c89396015
santiycr,https://api.github.com/repos/appium/appium/pulls/156,https://api.github.com/repos/appium/appium/issues/156,closed,2013-02-11,2014-07-05,2013-02-11,83ff46ec0e679b509059068bee7e4df0756279f2
jlipps,https://api.github.com/repos/appium/appium/pulls/155,https://api.github.com/repos/appium/appium/issues/155,closed,2013-02-11,2014-07-05,2013-02-11,aa8bafa9ea34b222b045b9cdfe88663e22e33731
rossrowe,https://api.github.com/repos/appium/appium/pulls/153,https://api.github.com/repos/appium/appium/issues/153,closed,2013-02-10,2014-07-05,2013-02-11,21ec0ef14f92a50a62e108635912a83ea5a0571b
rossrowe,https://api.github.com/repos/appium/appium/pulls/151,https://api.github.com/repos/appium/appium/issues/151,closed,2013-02-10,2014-07-05,,cdef0ac9a9ea891f99ddc6ef249719d7fb1539ee
bootstraponline,https://api.github.com/repos/appium/appium/pulls/150,https://api.github.com/repos/appium/appium/issues/150,closed,2013-02-09,2014-07-05,2013-02-10,b65366e9e73b60465ec1a0564ec7dc7ca5c13662
jlipps,https://api.github.com/repos/appium/appium/pulls/149,https://api.github.com/repos/appium/appium/issues/149,closed,2013-02-08,2014-07-05,2013-02-08,80e43a670960d039326872b74306429e96c27066
jlipps,https://api.github.com/repos/appium/appium/pulls/147,https://api.github.com/repos/appium/appium/issues/147,closed,2013-02-08,2014-06-18,2013-02-08,a511098302102fff897f4e78b573bab0ea77f55e
bootstraponline,https://api.github.com/repos/appium/appium/pulls/146,https://api.github.com/repos/appium/appium/issues/146,closed,2013-02-08,2014-07-05,2013-02-08,ec21c44788f66a0f15d06b8390c66af86eda12a9
jlipps,https://api.github.com/repos/appium/appium/pulls/145,https://api.github.com/repos/appium/appium/issues/145,closed,2013-02-08,2014-07-05,2013-02-08,0c9316c1597f0c5bd94239f5c3198e080903cc3b
jlipps,https://api.github.com/repos/appium/appium/pulls/144,https://api.github.com/repos/appium/appium/issues/144,closed,2013-02-08,2014-07-05,2013-02-08,2b1ccaded6301e454b758d025e00157b689a3420
DylanLacey,https://api.github.com/repos/appium/appium/pulls/143,https://api.github.com/repos/appium/appium/issues/143,closed,2013-02-08,2014-07-05,2013-02-08,a5925a024ca054f80f4e6438b522520307b528ba
bootstraponline,https://api.github.com/repos/appium/appium/pulls/142,https://api.github.com/repos/appium/appium/issues/142,closed,2013-02-07,2014-07-05,2013-02-08,27424b4b3c3d8489072eda2fcf78ad3bc6d13368
jlipps,https://api.github.com/repos/appium/appium/pulls/141,https://api.github.com/repos/appium/appium/issues/141,closed,2013-02-07,2014-07-05,2013-02-07,5963bc9431166e61021ed58389d04ad89f623d95
bootstraponline,https://api.github.com/repos/appium/appium/pulls/140,https://api.github.com/repos/appium/appium/issues/140,closed,2013-02-07,2014-07-05,2013-02-07,a17570d4a11a7a4493c5567b46406446704e5c15
jlipps,https://api.github.com/repos/appium/appium/pulls/139,https://api.github.com/repos/appium/appium/issues/139,closed,2013-02-07,2014-07-05,2013-02-07,4acbe80c215420c10cfb0634b2829ad8575dbf04
jlipps,https://api.github.com/repos/appium/appium/pulls/138,https://api.github.com/repos/appium/appium/issues/138,closed,2013-02-07,2014-07-02,2013-02-07,62d39ffaee3d574fd709e9e4b00373368010ea92
jlipps,https://api.github.com/repos/appium/appium/pulls/137,https://api.github.com/repos/appium/appium/issues/137,closed,2013-02-07,2014-07-05,2013-02-07,320a6de056341faa5afdf01639602f8c9f3a527e
jlipps,https://api.github.com/repos/appium/appium/pulls/136,https://api.github.com/repos/appium/appium/issues/136,closed,2013-02-07,2014-07-05,2013-02-07,bd66b5bb1a94e8860f14aac4d177ed766aa9496c
jlipps,https://api.github.com/repos/appium/appium/pulls/135,https://api.github.com/repos/appium/appium/issues/135,closed,2013-02-06,2014-07-05,2013-02-06,e29f114b8345d995fff2aa34d17de5ae0d736030
jlipps,https://api.github.com/repos/appium/appium/pulls/134,https://api.github.com/repos/appium/appium/issues/134,closed,2013-02-06,2014-07-05,2013-02-06,d3b05ffd223a4f7af23116e3d1e49cb6866b1d18
jlipps,https://api.github.com/repos/appium/appium/pulls/133,https://api.github.com/repos/appium/appium/issues/133,closed,2013-02-06,2014-07-05,2013-02-06,06600cc8d5105ffaac3523cfde11a87b6288aa0e
santiycr,https://api.github.com/repos/appium/appium/pulls/132,https://api.github.com/repos/appium/appium/issues/132,closed,2013-02-06,2014-07-05,2013-02-06,23772fdc0b874bfdecbb00333d7d0fe501c38235
jlipps,https://api.github.com/repos/appium/appium/pulls/131,https://api.github.com/repos/appium/appium/issues/131,closed,2013-02-06,2014-07-05,2013-02-06,643e832802cc6a29ed4d3299c86d20d9da512d62
sourishkrout,https://api.github.com/repos/appium/appium/pulls/130,https://api.github.com/repos/appium/appium/issues/130,closed,2013-02-06,2014-06-28,2013-02-06,a781395211b7187cfed24689aed2145a6906a39f
satchit,https://api.github.com/repos/appium/appium/pulls/129,https://api.github.com/repos/appium/appium/issues/129,closed,2013-02-06,2014-07-05,2013-02-06,7ff66e46674371db4a184134b9291d0935a7df72
DylanLacey,https://api.github.com/repos/appium/appium/pulls/128,https://api.github.com/repos/appium/appium/issues/128,closed,2013-02-06,2014-07-05,2013-02-06,28fe8daf3a5eb5c13449601ad0661a5e8dc9c1a0
jlipps,https://api.github.com/repos/appium/appium/pulls/127,https://api.github.com/repos/appium/appium/issues/127,closed,2013-02-05,2014-07-05,2013-02-05,76fe40685554bac82db0ec1a7cac4f31571ec8e2
bernii,https://api.github.com/repos/appium/appium/pulls/125,https://api.github.com/repos/appium/appium/issues/125,closed,2013-02-05,2014-07-05,2013-02-05,df63aa2d0511ec61510ec83da46ab677014f1d9b
DylanLacey,https://api.github.com/repos/appium/appium/pulls/124,https://api.github.com/repos/appium/appium/issues/124,closed,2013-02-05,2014-07-05,2013-02-05,514cf40c2f962122c80fc23d86ccbceb0000df9d
santiycr,https://api.github.com/repos/appium/appium/pulls/123,https://api.github.com/repos/appium/appium/issues/123,closed,2013-02-05,2014-07-05,2013-02-05,77b510014f5570bafe3dc682ee1f981ab4b50a6b
santiycr,https://api.github.com/repos/appium/appium/pulls/122,https://api.github.com/repos/appium/appium/issues/122,closed,2013-02-05,2014-07-05,2013-02-05,c220bd5e317b6a4c2c9d7e6af5599b89c5367e6e
sourishkrout,https://api.github.com/repos/appium/appium/pulls/121,https://api.github.com/repos/appium/appium/issues/121,closed,2013-02-05,2014-07-05,2013-02-05,4888d039fb85282d8f104062ee097cdf1b9b64cb
jlipps,https://api.github.com/repos/appium/appium/pulls/120,https://api.github.com/repos/appium/appium/issues/120,closed,2013-02-05,2014-07-05,2013-02-05,6c095860f0e6fc82d80e7c590b2059ff02313592
sourishkrout,https://api.github.com/repos/appium/appium/pulls/119,https://api.github.com/repos/appium/appium/issues/119,closed,2013-02-05,2014-07-05,2013-02-05,98adcd80948e854c858b1a66606620f1a9f78646
jlipps,https://api.github.com/repos/appium/appium/pulls/118,https://api.github.com/repos/appium/appium/issues/118,closed,2013-02-05,2014-07-05,2013-02-05,0bd488d16be815e08b47efa53eb296a23444d77e
sourishkrout,https://api.github.com/repos/appium/appium/pulls/117,https://api.github.com/repos/appium/appium/issues/117,closed,2013-02-05,2014-07-05,2013-02-05,cf23158115a016e762fa913163c8b3b118130c95
santiycr,https://api.github.com/repos/appium/appium/pulls/116,https://api.github.com/repos/appium/appium/issues/116,closed,2013-02-05,2014-06-12,2013-02-05,61edb24f38f8d95125b4ef105d766856ce54d7d3
sourishkrout,https://api.github.com/repos/appium/appium/pulls/115,https://api.github.com/repos/appium/appium/issues/115,closed,2013-02-05,2014-08-27,2013-02-05,d82faeb622c24d4e20fe2a790c6923c5bd31de43
sourishkrout,https://api.github.com/repos/appium/appium/pulls/114,https://api.github.com/repos/appium/appium/issues/114,closed,2013-02-05,2014-08-27,2013-02-05,f9e02e2a8d90d3d930a6ec8e990f3774050218a6
sourishkrout,https://api.github.com/repos/appium/appium/pulls/113,https://api.github.com/repos/appium/appium/issues/113,closed,2013-02-05,2014-08-27,2013-02-05,32a962c4ee39794e2aaaaba157511c52e61f9527
jlipps,https://api.github.com/repos/appium/appium/pulls/112,https://api.github.com/repos/appium/appium/issues/112,closed,2013-02-05,2014-08-27,2013-02-05,8d9a9e34a7b01bb75fadc931dceab4e1e6c677a7
santiycr,https://api.github.com/repos/appium/appium/pulls/111,https://api.github.com/repos/appium/appium/issues/111,closed,2013-02-05,2014-07-05,2013-02-05,8b2244d6e8e1d4b2a4e46de1be2a0111c94a477f
sourishkrout,https://api.github.com/repos/appium/appium/pulls/110,https://api.github.com/repos/appium/appium/issues/110,closed,2013-02-05,2014-06-16,2013-02-05,ef1abb6d12277cdba3ad9117d5f6772ef5538b97
jmathes,https://api.github.com/repos/appium/appium/pulls/109,https://api.github.com/repos/appium/appium/issues/109,closed,2013-02-05,2014-06-14,2013-02-05,b4e8677a1dec89912b0d0fa3deb0fd7115830bf8
rossrowe,https://api.github.com/repos/appium/appium/pulls/108,https://api.github.com/repos/appium/appium/issues/108,closed,2013-02-05,2014-07-05,2013-02-05,3c52069d6d94a5ca05b6dbe1efa5a6a603448350
admc,https://api.github.com/repos/appium/appium/pulls/107,https://api.github.com/repos/appium/appium/issues/107,closed,2013-02-05,2014-06-12,2013-02-05,b10dda83f246f36b4c9b0af88da3f90efb80fc01
jlipps,https://api.github.com/repos/appium/appium/pulls/106,https://api.github.com/repos/appium/appium/issues/106,closed,2013-02-05,2014-07-05,2013-02-05,f8cad8d944f508fbcafe73858a8c5476b362635e
rossrowe,https://api.github.com/repos/appium/appium/pulls/105,https://api.github.com/repos/appium/appium/issues/105,closed,2013-02-05,2014-06-18,2013-02-05,c834e77e83fd27955d10d2b319aa832fb4aaa4ba
maudineormsby,https://api.github.com/repos/appium/appium/pulls/104,https://api.github.com/repos/appium/appium/issues/104,closed,2013-02-05,2014-07-05,2013-02-05,4771b99349f81a1d913f5760215752f037f9cd20
santiycr,https://api.github.com/repos/appium/appium/pulls/103,https://api.github.com/repos/appium/appium/issues/103,closed,2013-02-05,2014-07-05,2013-02-05,0af907f87db0af7dbf5d82b57a726673250925b5
jlipps,https://api.github.com/repos/appium/appium/pulls/102,https://api.github.com/repos/appium/appium/issues/102,closed,2013-02-05,2014-07-05,2013-02-05,21a77cadf838b92bc4ea47faf963e25de40c73e5
sourishkrout,https://api.github.com/repos/appium/appium/pulls/101,https://api.github.com/repos/appium/appium/issues/101,closed,2013-02-05,2014-07-05,2013-02-05,1c0447973ef449d7649fd1b6103fb4010ec25bfd
santiycr,https://api.github.com/repos/appium/appium/pulls/100,https://api.github.com/repos/appium/appium/issues/100,closed,2013-02-05,2014-07-05,2013-02-05,abf1d1a0f5368f77a60093eb9db3f7ca4414d36f
admc,https://api.github.com/repos/appium/appium/pulls/99,https://api.github.com/repos/appium/appium/issues/99,closed,2013-02-04,2014-07-05,2013-02-05,1f347fef4ce7dd814ba90699f655cdfbe265724a
DylanLacey,https://api.github.com/repos/appium/appium/pulls/98,https://api.github.com/repos/appium/appium/issues/98,closed,2013-02-04,2014-07-05,2013-02-04,76a4f36f61bbed9a6edfc5a5cad6016db367676c
jlipps,https://api.github.com/repos/appium/appium/pulls/97,https://api.github.com/repos/appium/appium/issues/97,closed,2013-02-04,2014-07-05,2013-02-04,92e4cabf8498a509279a353e01d2c3233dcd65bc
maudineormsby,https://api.github.com/repos/appium/appium/pulls/96,https://api.github.com/repos/appium/appium/issues/96,closed,2013-02-04,2014-07-05,2013-02-04,fbf7687cf34f3f024c2461204a97d0142a138e24
sourishkrout,https://api.github.com/repos/appium/appium/pulls/95,https://api.github.com/repos/appium/appium/issues/95,closed,2013-02-04,2014-06-14,2013-02-04,19f8604be5219385d2dd681152ec5b3807fc4175
maudineormsby,https://api.github.com/repos/appium/appium/pulls/94,https://api.github.com/repos/appium/appium/issues/94,closed,2013-02-04,2014-07-05,2013-02-04,c98140064bdb5199fe944214c61c377cd2ca9a92
santiycr,https://api.github.com/repos/appium/appium/pulls/93,https://api.github.com/repos/appium/appium/issues/93,closed,2013-02-04,2014-07-05,2013-02-04,f58649f78d66518eb8426c666e167c216a330764
sah,https://api.github.com/repos/appium/appium/pulls/92,https://api.github.com/repos/appium/appium/issues/92,closed,2013-02-02,2014-07-05,2013-02-02,7ed421c98f568bebf3c8a32196b7bd05ddf96d1a
admc,https://api.github.com/repos/appium/appium/pulls/91,https://api.github.com/repos/appium/appium/issues/91,closed,2013-02-02,2014-06-14,2013-02-02,04082d6f611e7fb69e00a6649f5e6226ef918db0
jlipps,https://api.github.com/repos/appium/appium/pulls/90,https://api.github.com/repos/appium/appium/issues/90,closed,2013-02-01,2014-07-05,2013-02-02,c2253cb65833d33b1dd0bca7d1c0457f23d354ad
jlipps,https://api.github.com/repos/appium/appium/pulls/89,https://api.github.com/repos/appium/appium/issues/89,closed,2013-02-01,2014-07-03,2013-02-01,cea5689cb9da345d416817533359649a47578635
sourishkrout,https://api.github.com/repos/appium/appium/pulls/88,https://api.github.com/repos/appium/appium/issues/88,closed,2013-02-01,2014-07-05,2013-02-01,790d9c25b0a94ce4a19e1cb9926183d9d29fb1e7
jlipps,https://api.github.com/repos/appium/appium/pulls/87,https://api.github.com/repos/appium/appium/issues/87,closed,2013-02-01,2014-07-05,2013-02-01,d64d5acce561d901ed37c505d7434f26403ae580
bernii,https://api.github.com/repos/appium/appium/pulls/86,https://api.github.com/repos/appium/appium/issues/86,closed,2013-02-01,2014-09-01,2013-02-01,004479ee562506e6e543b17c0e4a6a5b7b9eaf63
sourishkrout,https://api.github.com/repos/appium/appium/pulls/85,https://api.github.com/repos/appium/appium/issues/85,closed,2013-01-31,2014-09-01,2013-01-31,f986c357d21ab9f4389618aee3bc838dc8843612
sourishkrout,https://api.github.com/repos/appium/appium/pulls/84,https://api.github.com/repos/appium/appium/issues/84,closed,2013-01-31,2014-09-01,2013-01-31,24647c056df5e2b7bd6f8659e5d62233f9fa9fb2
jlipps,https://api.github.com/repos/appium/appium/pulls/83,https://api.github.com/repos/appium/appium/issues/83,closed,2013-01-31,2014-09-01,2013-01-31,40a8a0462d7826b4b57f3e39fafb2b02cc4e0f22
jlipps,https://api.github.com/repos/appium/appium/pulls/82,https://api.github.com/repos/appium/appium/issues/82,closed,2013-01-31,2014-09-01,2013-01-31,3427d6d41461f219d0e3117c442fa4057165420e
jlipps,https://api.github.com/repos/appium/appium/pulls/81,https://api.github.com/repos/appium/appium/issues/81,closed,2013-01-31,2014-09-01,2013-01-31,07dbee2ef6825cc59eb1ca2f59bf2981fc96be57
jlipps,https://api.github.com/repos/appium/appium/pulls/80,https://api.github.com/repos/appium/appium/issues/80,closed,2013-01-30,2014-09-01,2013-01-31,7267fa2dcbdc99846b247a0a1e638f087450c11a
bernii,https://api.github.com/repos/appium/appium/pulls/79,https://api.github.com/repos/appium/appium/issues/79,closed,2013-01-30,2014-09-01,2013-01-31,ea351c1ad7f9c96ec1430a08070c20c5e1f6c033
rubarb,https://api.github.com/repos/appium/appium/pulls/78,https://api.github.com/repos/appium/appium/issues/78,closed,2013-01-30,2014-09-01,2013-02-01,
sourishkrout,https://api.github.com/repos/appium/appium/pulls/77,https://api.github.com/repos/appium/appium/issues/77,closed,2013-01-30,2014-09-01,2013-01-30,87051e8f92c10927c70f31dd44e23d4237960aaf
jlipps,https://api.github.com/repos/appium/appium/pulls/76,https://api.github.com/repos/appium/appium/issues/76,closed,2013-01-30,2014-09-01,2013-01-30,30c21936f1b75846dcac65bd750d2e3c8ef53f6e
jlipps,https://api.github.com/repos/appium/appium/pulls/75,https://api.github.com/repos/appium/appium/issues/75,closed,2013-01-30,2014-09-01,2013-01-30,43704d0f5fc4b94e32f2de18ce95c63dc7209104
jlipps,https://api.github.com/repos/appium/appium/pulls/74,https://api.github.com/repos/appium/appium/issues/74,closed,2013-01-30,2014-09-01,2013-01-30,7822f64346f7b34cb9dee4e889f6f183f77451ba
jlipps,https://api.github.com/repos/appium/appium/pulls/73,https://api.github.com/repos/appium/appium/issues/73,closed,2013-01-30,2014-09-01,2013-01-30,2bc6d3c170841856537dc16ca7da4615b510bdc3
sourishkrout,https://api.github.com/repos/appium/appium/pulls/72,https://api.github.com/repos/appium/appium/issues/72,closed,2013-01-30,2014-09-01,2013-01-30,6d96649305ed1f9e17e6b12bcd2739d3e5b7e8e7
jlipps,https://api.github.com/repos/appium/appium/pulls/71,https://api.github.com/repos/appium/appium/issues/71,closed,2013-01-30,2014-09-01,2013-01-30,eb195ebbd6d393cbeb35ffa53adf36096935fda6
admc,https://api.github.com/repos/appium/appium/pulls/70,https://api.github.com/repos/appium/appium/issues/70,closed,2013-01-30,2014-09-01,2013-01-30,74e65f0def4a82dc70baaa671cde0c2bf018e85b
jlipps,https://api.github.com/repos/appium/appium/pulls/69,https://api.github.com/repos/appium/appium/issues/69,closed,2013-01-29,2014-09-01,2013-01-29,e9d6591c903fdff988c7673a782907ce912989db
jlipps,https://api.github.com/repos/appium/appium/pulls/68,https://api.github.com/repos/appium/appium/issues/68,closed,2013-01-29,2014-09-01,2013-01-29,ab14e5a33364906afc47054f174d69370af3bfe6
sourishkrout,https://api.github.com/repos/appium/appium/pulls/67,https://api.github.com/repos/appium/appium/issues/67,closed,2013-01-29,2014-09-01,2013-01-29,638d026ffa6bc695f7d6db0f7057444ab3cf0156
sourishkrout,https://api.github.com/repos/appium/appium/pulls/65,https://api.github.com/repos/appium/appium/issues/65,closed,2013-01-29,2014-09-01,2013-01-29,7289ef2f1a9566c0aa41ac4ceb1ba23d156b1a5a
jlipps,https://api.github.com/repos/appium/appium/pulls/64,https://api.github.com/repos/appium/appium/issues/64,closed,2013-01-29,2014-09-01,2013-01-29,294f168c52c2d5654286123a5df651b290a17491
jlipps,https://api.github.com/repos/appium/appium/pulls/63,https://api.github.com/repos/appium/appium/issues/63,closed,2013-01-29,2014-09-01,2013-01-29,7c35a222c20c0372fb1231530fe3f75e29b6e596
penguinho,https://api.github.com/repos/appium/appium/pulls/62,https://api.github.com/repos/appium/appium/issues/62,closed,2013-01-29,2014-09-01,2013-01-29,f3d23de4b3a69a758d5d198ba154c3d71c3360d0
jlipps,https://api.github.com/repos/appium/appium/pulls/61,https://api.github.com/repos/appium/appium/issues/61,closed,2013-01-29,2014-09-01,2013-01-29,a6321dce5af370cd01a38b51df87f1591dddb445
santiycr,https://api.github.com/repos/appium/appium/pulls/60,https://api.github.com/repos/appium/appium/issues/60,closed,2013-01-29,2014-09-01,2013-01-29,6c401ff713735686724557c9a36c0021f684a4f7
jlipps,https://api.github.com/repos/appium/appium/pulls/59,https://api.github.com/repos/appium/appium/issues/59,closed,2013-01-29,2014-09-16,2013-01-29,41b62c5c8e812b53294068173827543918d07584
sourishkrout,https://api.github.com/repos/appium/appium/pulls/58,https://api.github.com/repos/appium/appium/issues/58,closed,2013-01-28,2014-09-01,2013-01-28,6e185d0f5ccfb9a71dfec5a1bb5bc1080dbd119c
jlipps,https://api.github.com/repos/appium/appium/pulls/57,https://api.github.com/repos/appium/appium/issues/57,closed,2013-01-28,2014-09-01,2013-01-28,502c156f265e26db738248b002fc95ba3193b955
sourishkrout,https://api.github.com/repos/appium/appium/pulls/56,https://api.github.com/repos/appium/appium/issues/56,closed,2013-01-28,2014-09-01,2013-01-28,e4e8dbce301ada5cb96ba16e60fd7c2253f25112
sourishkrout,https://api.github.com/repos/appium/appium/pulls/55,https://api.github.com/repos/appium/appium/issues/55,closed,2013-01-27,2014-09-01,2013-01-28,6e0d657dc21e8509199b8409b7500ec3485d4812
jlipps,https://api.github.com/repos/appium/appium/pulls/54,https://api.github.com/repos/appium/appium/issues/54,closed,2013-01-25,2014-09-01,2013-01-25,2ebf56c3ff4ed6f55c6ac8a470127d716a313932
jlipps,https://api.github.com/repos/appium/appium/pulls/53,https://api.github.com/repos/appium/appium/issues/53,closed,2013-01-25,2014-09-01,2013-01-25,9b93c46d4e00b6bad2734edb3de98734b313d4b2
jlipps,https://api.github.com/repos/appium/appium/pulls/52,https://api.github.com/repos/appium/appium/issues/52,closed,2013-01-25,2014-09-01,2013-01-25,ce274ddc5d7b63a964fa1a47ec351711bc864014
jlipps,https://api.github.com/repos/appium/appium/pulls/51,https://api.github.com/repos/appium/appium/issues/51,closed,2013-01-25,2014-09-01,2013-01-25,b2e55b2fa5f6e3120fd6d84e2a4a451cf940f4b2
jlipps,https://api.github.com/repos/appium/appium/pulls/50,https://api.github.com/repos/appium/appium/issues/50,closed,2013-01-25,2014-09-01,2013-01-25,fbfe4082226a92e692758e525ca598532cf08232
bernii,https://api.github.com/repos/appium/appium/pulls/49,https://api.github.com/repos/appium/appium/issues/49,closed,2013-01-25,2014-09-01,2013-01-25,cdd41394249881be9f97a7e2aa6d89d438fe264a
sourishkrout,https://api.github.com/repos/appium/appium/pulls/48,https://api.github.com/repos/appium/appium/issues/48,closed,2013-01-24,2014-09-01,2013-01-25,0dbca7d8cce9c36592676881be703c82aeb0750f
jlipps,https://api.github.com/repos/appium/appium/pulls/47,https://api.github.com/repos/appium/appium/issues/47,closed,2013-01-24,2014-08-12,2013-01-24,7fc631348dbd65d0fa8ba0edc43f4571949a71c7
jlipps,https://api.github.com/repos/appium/appium/pulls/46,https://api.github.com/repos/appium/appium/issues/46,closed,2013-01-24,2014-08-12,2013-01-24,c801c9b088104be2763f50707510bcf23b17dca7
jlipps,https://api.github.com/repos/appium/appium/pulls/45,https://api.github.com/repos/appium/appium/issues/45,closed,2013-01-24,2014-07-05,2013-01-24,2cfaa9cc54a45f290742ccf535a8279d9230f9fe
jlipps,https://api.github.com/repos/appium/appium/pulls/44,https://api.github.com/repos/appium/appium/issues/44,closed,2013-01-24,2014-07-05,2013-01-24,25611031bb1d8fb6ebaa935d6430e58b6089d41c
jlipps,https://api.github.com/repos/appium/appium/pulls/43,https://api.github.com/repos/appium/appium/issues/43,closed,2013-01-24,2014-08-21,2013-01-24,f0bbb8201a9dbbd841ccd05612269c9de6c7796f
jlipps,https://api.github.com/repos/appium/appium/pulls/42,https://api.github.com/repos/appium/appium/issues/42,closed,2013-01-24,2014-08-21,2013-01-24,1d280a7d19ee48c0bb597a5d00473be0e5da0339
bernii,https://api.github.com/repos/appium/appium/pulls/41,https://api.github.com/repos/appium/appium/issues/41,closed,2013-01-24,2014-08-21,2013-01-24,aed3522548c8dccb9819fbe4f3faa91f4152bdc4
jlipps,https://api.github.com/repos/appium/appium/pulls/40,https://api.github.com/repos/appium/appium/issues/40,closed,2013-01-24,2014-08-21,2013-01-24,139b6e93856fae284327c6680ff0bd452102b7ce
bernii,https://api.github.com/repos/appium/appium/pulls/39,https://api.github.com/repos/appium/appium/issues/39,closed,2013-01-23,2014-08-21,2013-01-24,26df2cdffbd1d29caa7959261dcdc5d7bfe66048
lukeis,https://api.github.com/repos/appium/appium/pulls/38,https://api.github.com/repos/appium/appium/issues/38,closed,2013-01-23,2014-08-21,2013-01-23,20d99fe55bb4ac6782b2b9222eea5a906f3e2ea5
santiycr,https://api.github.com/repos/appium/appium/pulls/37,https://api.github.com/repos/appium/appium/issues/37,closed,2013-01-23,2014-08-21,2013-01-23,6fa11d65d08e0400cb6333c1ca2632ef26254046
jlipps,https://api.github.com/repos/appium/appium/pulls/36,https://api.github.com/repos/appium/appium/issues/36,closed,2013-01-23,2014-08-21,2013-01-23,308cdebbf41f3e0571057fb75e7a620c1756c3aa
sourishkrout,https://api.github.com/repos/appium/appium/pulls/35,https://api.github.com/repos/appium/appium/issues/35,closed,2013-01-23,2014-08-21,2013-01-23,a9de821ccee7f589ce8af3dac1189cd65f6b5faa
jlipps,https://api.github.com/repos/appium/appium/pulls/34,https://api.github.com/repos/appium/appium/issues/34,closed,2013-01-23,2014-08-21,2013-01-23,b76ccf9a3c33b6279f52c1da6b3e7db1bfd07e4b
bernii,https://api.github.com/repos/appium/appium/pulls/32,https://api.github.com/repos/appium/appium/issues/32,closed,2013-01-23,2014-08-21,2013-01-23,169c1caf3de17e9c7b836da8a9b4959098fed5f1
sourishkrout,https://api.github.com/repos/appium/appium/pulls/31,https://api.github.com/repos/appium/appium/issues/31,closed,2013-01-22,2014-08-21,2013-01-22,28a2464a9decbb746a0d3884eefa967e690a4863
bernii,https://api.github.com/repos/appium/appium/pulls/30,https://api.github.com/repos/appium/appium/issues/30,closed,2013-01-22,2014-08-21,2013-01-22,6bf411fe73aacbfd0a9271bb1dd9ff7c93e288ac
penguinho,https://api.github.com/repos/appium/appium/pulls/29,https://api.github.com/repos/appium/appium/issues/29,closed,2013-01-22,2014-07-05,2013-01-22,690f1f0e267e28d56c0eb6545e3d92ea5beb3b3c
penguinho,https://api.github.com/repos/appium/appium/pulls/28,https://api.github.com/repos/appium/appium/issues/28,closed,2013-01-22,2014-09-30,2013-01-22,07deec8b3941731687cbf0ba045b58e7416e92da
admc,https://api.github.com/repos/appium/appium/pulls/27,https://api.github.com/repos/appium/appium/issues/27,closed,2013-01-22,2014-09-30,2013-01-22,2b2d1cbb36f49189fd2fd6414feb248b1152ea40
sourishkrout,https://api.github.com/repos/appium/appium/pulls/26,https://api.github.com/repos/appium/appium/issues/26,closed,2013-01-21,2014-09-30,2013-01-21,4d50a943fa8ec684138d9ac46d521d3aa0ddb62c
jlipps,https://api.github.com/repos/appium/appium/pulls/25,https://api.github.com/repos/appium/appium/issues/25,closed,2013-01-19,2014-09-30,2013-01-19,f22e0c5df01cfe65e0f77d6960346219b5e7dc7f
jmathes,https://api.github.com/repos/appium/appium/pulls/24,https://api.github.com/repos/appium/appium/issues/24,closed,2013-01-19,2014-09-30,2013-01-19,5ea6b51f1c3a8d8e8be1fcbf6e57a4a567ec3e9f
jlipps,https://api.github.com/repos/appium/appium/pulls/23,https://api.github.com/repos/appium/appium/issues/23,closed,2013-01-19,2014-09-30,2013-01-19,c96842846d5b8734529d27e02f83db6e1842491c
sourishkrout,https://api.github.com/repos/appium/appium/pulls/22,https://api.github.com/repos/appium/appium/issues/22,closed,2013-01-18,2014-09-30,2013-01-18,d316b3d09d621c6bdbcc4eebe59d64dc9fbd072d
jlipps,https://api.github.com/repos/appium/appium/pulls/21,https://api.github.com/repos/appium/appium/issues/21,closed,2013-01-18,2014-09-30,2013-01-18,6721a918aaa4baa21b101f1be5fc3f28afe2dd2f
jlipps,https://api.github.com/repos/appium/appium/pulls/20,https://api.github.com/repos/appium/appium/issues/20,closed,2013-01-18,2014-09-30,2013-01-18,09cb1462253074a22b71912ec7896999ffb8da55
jlipps,https://api.github.com/repos/appium/appium/pulls/19,https://api.github.com/repos/appium/appium/issues/19,closed,2013-01-18,2014-07-05,2013-01-18,674f6f5c9242a40f19c174a6da6991eda8ad93a4
sourishkrout,https://api.github.com/repos/appium/appium/pulls/18,https://api.github.com/repos/appium/appium/issues/18,closed,2013-01-18,2014-08-21,2013-01-18,0356bec0f370cbc4a81b99be34c801161a700316
admc,https://api.github.com/repos/appium/appium/pulls/17,https://api.github.com/repos/appium/appium/issues/17,closed,2013-01-18,2014-08-21,2013-01-18,a30179673b397d1a974d78e70bb1092eadb33a91
sourishkrout,https://api.github.com/repos/appium/appium/pulls/16,https://api.github.com/repos/appium/appium/issues/16,closed,2013-01-18,2014-07-05,2013-01-18,fe4449278505649e9ecc205361c2eca8ac7a5db9
jmathes,https://api.github.com/repos/appium/appium/pulls/15,https://api.github.com/repos/appium/appium/issues/15,closed,2013-01-17,2014-08-21,2013-01-18,4686aec139a659ab1da770f334e82e8ab2967db3
santiycr,https://api.github.com/repos/appium/appium/pulls/14,https://api.github.com/repos/appium/appium/issues/14,closed,2013-01-17,2014-08-21,2013-01-17,1a9f3769b51e39463fa27caf05774df491eb3223
jlipps,https://api.github.com/repos/appium/appium/pulls/13,https://api.github.com/repos/appium/appium/issues/13,closed,2013-01-17,2014-07-05,2013-01-17,e08c81477f6d3bc7d85f1a7ebad7396f0d93016e
jlipps,https://api.github.com/repos/appium/appium/pulls/12,https://api.github.com/repos/appium/appium/issues/12,closed,2013-01-17,2014-08-21,2013-01-17,6d4bcdfe8e6405f3b61755e015d1dd2b2d288d77
santiycr,https://api.github.com/repos/appium/appium/pulls/11,https://api.github.com/repos/appium/appium/issues/11,closed,2013-01-17,2014-08-21,2013-01-17,811305ba3acd6ad2e1d45ebc281664fe0399ef7f
santiycr,https://api.github.com/repos/appium/appium/pulls/10,https://api.github.com/repos/appium/appium/issues/10,closed,2013-01-17,2014-08-19,2013-01-17,1d3b453b75590263ede0ef3112e69e6f2403f535
lukeis,https://api.github.com/repos/appium/appium/pulls/9,https://api.github.com/repos/appium/appium/issues/9,closed,2013-01-17,2014-08-27,2013-01-17,5150cc19b74c2ebaf48fed53d201f8d09294b1d7
brainsik,https://api.github.com/repos/appium/appium/pulls/8,https://api.github.com/repos/appium/appium/issues/8,closed,2013-01-17,2014-08-27,2013-01-17,19f12e943e6ebff9dd02c90559e745c6090114c8
santiycr,https://api.github.com/repos/appium/appium/pulls/7,https://api.github.com/repos/appium/appium/issues/7,closed,2013-01-17,2014-08-29,2013-01-17,b9f8ebdcb22224576495c5f788bd4087c1fb1dd3
santiycr,https://api.github.com/repos/appium/appium/pulls/6,https://api.github.com/repos/appium/appium/issues/6,closed,2013-01-16,2014-08-29,2013-01-17,c501af92645a2e7dad4af8c3ba5c38c32eb73e89
santiycr,https://api.github.com/repos/appium/appium/pulls/5,https://api.github.com/repos/appium/appium/issues/5,closed,2013-01-16,2014-09-26,2013-01-16,d55c15f5eec563fb16288eec12c2b8535209ecbe
bernii,https://api.github.com/repos/appium/appium/pulls/4,https://api.github.com/repos/appium/appium/issues/4,closed,2013-01-16,2014-09-26,2013-01-17,72113b8741411bbbddad06fc1d1808865c24cfa3
santiycr,https://api.github.com/repos/appium/appium/pulls/3,https://api.github.com/repos/appium/appium/issues/3,closed,2013-01-15,2014-09-29,2013-01-15,ded2c08e246b75c0f8ef32fc06f8639ea3265e08
brainsik,https://api.github.com/repos/appium/appium/pulls/2,https://api.github.com/repos/appium/appium/issues/2,closed,2013-01-15,2014-09-29,2013-01-15,475d8566b122275e67e40989734be7eb003c389c
bernii,https://api.github.com/repos/appium/appium/pulls/1,https://api.github.com/repos/appium/appium/issues/1,closed,2013-01-15,2014-10-29,2013-01-15,fd5ab1057596f7e7cb05243edf5aa668f914e4d5
